Route,Departing_Port,Arriving_Port,Airline,Month,Sectors_Scheduled,Sectors_Flown,Cancellations,Departures_On_Time,Arrivals_On_Time,Departures_Delayed,Arrivals_Delayed,Year,Month_Num
Adelaide-Alice Springs,Adelaide,Alice Springs,All Airlines,Jan-10,44,44,0,42,42,2,2,2010,1
Adelaide-Brisbane,Adelaide,Brisbane,All Airlines,Jan-10,217,217,0,198,201,19,16,2010,1
Adelaide-Canberra,Adelaide,Canberra,All Airlines,Jan-10,69,69,0,61,63,8,6,2010,1
Adelaide-Gold Coast,Adelaide,Gold Coast,All Airlines,Jan-10,92,92,0,82,82,10,10,2010,1
Adelaide-Melbourne,Adelaide,Melbourne,All Airlines,Jan-10,651,644,7,583,587,61,57,2010,1
Adelaide-Perth,Adelaide,Perth,All Airlines,Jan-10,212,211,1,190,196,21,15,2010,1
Adelaide-Sydney,Adelaide,Sydney,All Airlines,Jan-10,556,552,4,499,488,53,64,2010,1
Albury-Sydney,Albury,Sydney,All Airlines,Jan-10,229,229,0,196,184,33,45,2010,1
Alice Springs-Adelaide,Alice Springs,Adelaide,All Airlines,Jan-10,44,44,0,41,41,3,3,2010,1
Alice Springs-Melbourne,Alice Springs,Melbourne,All Airlines,Jan-10,44,44,0,41,42,3,2,2010,1
Ballina-Sydney,Ballina,Sydney,All Airlines,Jan-10,163,163,0,132,114,31,49,2010,1
Brisbane-Adelaide,Brisbane,Adelaide,All Airlines,Jan-10,216,216,0,198,201,18,15,2010,1
Brisbane-Cairns,Brisbane,Cairns,All Airlines,Jan-10,341,341,0,312,317,29,24,2010,1
Brisbane-Canberra,Brisbane,Canberra,All Airlines,Jan-10,268,268,0,250,250,18,18,2010,1
Brisbane-Darwin,Brisbane,Darwin,All Airlines,Jan-10,62,62,0,48,52,14,10,2010,1
Brisbane-Hamilton Island,Brisbane,Hamilton Island,All Airlines,Jan-10,61,61,0,54,54,7,7,2010,1
Brisbane-Mackay,Brisbane,Mackay,All Airlines,Jan-10,311,307,4,280,284,27,23,2010,1
Brisbane-Melbourne,Brisbane,Melbourne,All Airlines,Jan-10,761,757,4,676,686,81,71,2010,1
Brisbane-Newcastle,Brisbane,Newcastle,All Airlines,Jan-10,211,210,1,189,179,21,31,2010,1
Brisbane-Perth,Brisbane,Perth,All Airlines,Jan-10,186,186,0,164,175,22,11,2010,1
Brisbane-Proserpine,Brisbane,Proserpine,All Airlines,Jan-10,61,61,0,53,52,8,9,2010,1
Brisbane-Rockhampton,Brisbane,Rockhampton,All Airlines,Jan-10,295,295,0,269,267,26,28,2010,1
Brisbane-Sydney,Brisbane,Sydney,All Airlines,Jan-10,1225,1198,27,1054,1029,144,169,2010,1
Brisbane-Townsville,Brisbane,Townsville,All Airlines,Jan-10,321,321,0,294,307,27,14,2010,1
Broome-Perth,Broome,Perth,All Airlines,Jan-10,140,138,2,122,125,16,13,2010,1
Cairns-Brisbane,Cairns,Brisbane,All Airlines,Jan-10,341,340,1,323,323,17,17,2010,1
Cairns-Melbourne,Cairns,Melbourne,All Airlines,Jan-10,92,92,0,80,82,12,10,2010,1
Cairns-Sydney,Cairns,Sydney,All Airlines,Jan-10,210,210,0,191,194,19,16,2010,1
Cairns-Townsville,Cairns,Townsville,All Airlines,Jan-10,150,150,0,130,118,20,32,2010,1
Canberra-Adelaide,Canberra,Adelaide,All Airlines,Jan-10,74,74,0,69,69,5,5,2010,1
Canberra-Brisbane,Canberra,Brisbane,All Airlines,Jan-10,268,266,2,253,254,13,12,2010,1
Canberra-Melbourne,Canberra,Melbourne,All Airlines,Jan-10,449,443,6,408,402,35,41,2010,1
Canberra-Sydney,Canberra,Sydney,All Airlines,Jan-10,608,598,10,546,543,52,55,2010,1
Coffs Harbour-Sydney,Coffs Harbour,Sydney,All Airlines,Jan-10,184,184,0,151,146,33,38,2010,1
Darwin-Brisbane,Darwin,Brisbane,All Airlines,Jan-10,62,61,1,54,52,7,9,2010,1
Darwin-Melbourne,Darwin,Melbourne,All Airlines,Jan-10,33,33,0,26,24,7,9,2010,1
Darwin-Perth,Darwin,Perth,All Airlines,Jan-10,62,62,0,60,61,2,1,2010,1
Dubbo-Sydney,Dubbo,Sydney,All Airlines,Jan-10,169,169,0,139,135,30,34,2010,1
Gold Coast-Adelaide,Gold Coast,Adelaide,All Airlines,Jan-10,92,92,0,80,81,12,11,2010,1
Gold Coast-Melbourne,Gold Coast,Melbourne,All Airlines,Jan-10,455,451,4,399,399,52,52,2010,1
Gold Coast-Newcastle,Gold Coast,Newcastle,All Airlines,Jan-10,44,44,0,41,41,3,3,2010,1
Gold Coast-Sydney,Gold Coast,Sydney,All Airlines,Jan-10,693,673,20,617,594,56,79,2010,1
Hamilton Island-Brisbane,Hamilton Island,Brisbane,All Airlines,Jan-10,61,61,0,55,55,6,6,2010,1
Hamilton Island-Sydney,Hamilton Island,Sydney,All Airlines,Jan-10,61,61,0,54,55,7,6,2010,1
Hobart-Melbourne,Hobart,Melbourne,All Airlines,Jan-10,351,351,0,290,296,61,55,2010,1
Hobart-Sydney,Hobart,Sydney,All Airlines,Jan-10,156,156,0,131,139,25,17,2010,1
Kalgoorlie-Perth,Kalgoorlie,Perth,All Airlines,Jan-10,108,103,5,94,93,9,10,2010,1
Karratha-Perth,Karratha,Perth,All Airlines,Jan-10,264,262,2,250,251,12,11,2010,1
Launceston-Melbourne,Launceston,Melbourne,All Airlines,Jan-10,322,322,0,259,222,63,100,2010,1
Launceston-Sydney,Launceston,Sydney,All Airlines,Jan-10,61,61,0,53,55,8,6,2010,1
Mackay-Brisbane,Mackay,Brisbane,All Airlines,Jan-10,310,307,3,277,279,30,28,2010,1
Melbourne-Adelaide,Melbourne,Adelaide,All Airlines,Jan-10,649,641,8,582,591,59,50,2010,1
Melbourne-Alice Springs,Melbourne,Alice Springs,All Airlines,Jan-10,44,44,0,38,39,6,5,2010,1
Melbourne-Brisbane,Melbourne,Brisbane,All Airlines,Jan-10,761,755,6,670,686,85,69,2010,1
Melbourne-Cairns,Melbourne,Cairns,All Airlines,Jan-10,90,90,0,84,83,6,7,2010,1
Melbourne-Canberra,Melbourne,Canberra,All Airlines,Jan-10,445,440,5,399,398,41,42,2010,1
Melbourne-Darwin,Melbourne,Darwin,All Airlines,Jan-10,36,36,0,26,26,10,10,2010,1
Melbourne-Gold Coast,Melbourne,Gold Coast,All Airlines,Jan-10,458,452,6,396,405,56,47,2010,1
Melbourne-Hobart,Melbourne,Hobart,All Airlines,Jan-10,352,351,1,292,290,59,61,2010,1
Melbourne-Launceston,Melbourne,Launceston,All Airlines,Jan-10,322,322,0,262,252,60,70,2010,1
Melbourne-Mildura,Melbourne,Mildura,All Airlines,Jan-10,186,186,0,163,149,23,37,2010,1
Melbourne-Newcastle,Melbourne,Newcastle,All Airlines,Jan-10,93,93,0,82,86,11,7,2010,1
Melbourne-Perth,Melbourne,Perth,All Airlines,Jan-10,429,427,2,366,385,61,42,2010,1
Melbourne-Sunshine Coast,Melbourne,Sunshine Coast,All Airlines,Jan-10,118,118,0,93,100,25,18,2010,1
Melbourne-Sydney,Melbourne,Sydney,All Airlines,Jan-10,1858,1824,34,1584,1580,240,244,2010,1
Mildura-Melbourne,Mildura,Melbourne,All Airlines,Jan-10,185,185,0,164,167,21,18,2010,1
Newcastle-Brisbane,Newcastle,Brisbane,All Airlines,Jan-10,210,209,1,177,184,32,25,2010,1
Newcastle-Gold Coast,Newcastle,Gold Coast,All Airlines,Jan-10,44,44,0,40,41,4,3,2010,1
Newcastle-Melbourne,Newcastle,Melbourne,All Airlines,Jan-10,90,90,0,83,86,7,4,2010,1
Newman-Perth,Newman,Perth,All Airlines,Jan-10,121,119,2,115,115,4,4,2010,1
Perth-Adelaide,Perth,Adelaide,All Airlines,Jan-10,214,213,1,195,192,18,21,2010,1
Perth-Brisbane,Perth,Brisbane,All Airlines,Jan-10,186,186,0,173,169,13,17,2010,1
Perth-Broome,Perth,Broome,All Airlines,Jan-10,137,136,1,127,127,9,9,2010,1
Perth-Darwin,Perth,Darwin,All Airlines,Jan-10,62,62,0,59,60,3,2,2010,1
Perth-Kalgoorlie,Perth,Kalgoorlie,All Airlines,Jan-10,108,103,5,95,95,8,8,2010,1
Perth-Karratha,Perth,Karratha,All Airlines,Jan-10,264,263,1,247,252,16,11,2010,1
Perth-Melbourne,Perth,Melbourne,All Airlines,Jan-10,427,423,4,369,367,54,56,2010,1
Perth-Newman,Perth,Newman,All Airlines,Jan-10,120,118,2,113,111,5,7,2010,1
Perth-Port Hedland,Perth,Port Hedland,All Airlines,Jan-10,155,154,1,147,148,7,6,2010,1
Perth-Sydney,Perth,Sydney,All Airlines,Jan-10,388,387,1,344,340,43,47,2010,1
Port Hedland-Perth,Port Hedland,Perth,All Airlines,Jan-10,153,153,0,145,145,8,8,2010,1
Port Macquarie-Sydney,Port Macquarie,Sydney,All Airlines,Jan-10,157,156,1,136,131,20,25,2010,1
Proserpine-Brisbane,Proserpine,Brisbane,All Airlines,Jan-10,61,61,0,54,54,7,7,2010,1
Rockhampton-Brisbane,Rockhampton,Brisbane,All Airlines,Jan-10,274,273,1,245,248,28,25,2010,1
Sunshine Coast-Melbourne,Sunshine Coast,Melbourne,All Airlines,Jan-10,119,119,0,96,103,23,16,2010,1
Sunshine Coast-Sydney,Sunshine Coast,Sydney,All Airlines,Jan-10,131,130,1,111,111,19,19,2010,1
Sydney-Adelaide,Sydney,Adelaide,All Airlines,Jan-10,551,549,2,501,505,48,44,2010,1
Sydney-Albury,Sydney,Albury,All Airlines,Jan-10,230,230,0,203,197,27,33,2010,1
Sydney-Ballina,Sydney,Ballina,All Airlines,Jan-10,163,163,0,145,139,18,24,2010,1
Sydney-Brisbane,Sydney,Brisbane,All Airlines,Jan-10,1225,1201,24,1012,1079,189,122,2010,1
Sydney-Cairns,Sydney,Cairns,All Airlines,Jan-10,209,209,0,183,191,26,18,2010,1
Sydney-Canberra,Sydney,Canberra,All Airlines,Jan-10,620,610,10,533,527,77,83,2010,1
Sydney-Coffs Harbour,Sydney,Coffs Harbour,All Airlines,Jan-10,185,185,0,158,155,27,30,2010,1
Sydney-Dubbo,Sydney,Dubbo,All Airlines,Jan-10,170,170,0,152,150,18,20,2010,1
Sydney-Gold Coast,Sydney,Gold Coast,All Airlines,Jan-10,696,676,20,590,624,86,52,2010,1
Sydney-Hamilton Island,Sydney,Hamilton Island,All Airlines,Jan-10,59,59,0,57,59,2,0,2010,1
Sydney-Hobart,Sydney,Hobart,All Airlines,Jan-10,156,156,0,139,140,17,16,2010,1
Sydney-Launceston,Sydney,Launceston,All Airlines,Jan-10,61,61,0,53,54,8,7,2010,1
Sydney-Melbourne,Sydney,Melbourne,All Airlines,Jan-10,1849,1820,29,1608,1563,212,257,2010,1
Sydney-Perth,Sydney,Perth,All Airlines,Jan-10,388,387,1,325,335,62,52,2010,1
Sydney-Port Macquarie,Sydney,Port Macquarie,All Airlines,Jan-10,159,158,1,135,136,23,22,2010,1
Sydney-Sunshine Coast,Sydney,Sunshine Coast,All Airlines,Jan-10,129,129,0,109,116,20,13,2010,1
Sydney-Townsville,Sydney,Townsville,All Airlines,Jan-10,51,51,0,42,44,9,7,2010,1
Sydney-Wagga Wagga,Sydney,Wagga Wagga,All Airlines,Jan-10,187,187,0,170,157,17,30,2010,1
Townsville-Brisbane,Townsville,Brisbane,All Airlines,Jan-10,323,321,2,298,300,23,21,2010,1
Townsville-Cairns,Townsville,Cairns,All Airlines,Jan-10,147,147,0,129,123,18,24,2010,1
Townsville-Sydney,Townsville,Sydney,All Airlines,Jan-10,51,51,0,44,45,7,6,2010,1
Wagga Wagga-Sydney,Wagga Wagga,Sydney,All Airlines,Jan-10,188,187,1,144,143,43,44,2010,1
Adelaide-Alice Springs,Adelaide,Alice Springs,All Airlines,Feb-10,40,40,0,36,37,4,3,2010,2
Adelaide-Brisbane,Adelaide,Brisbane,All Airlines,Feb-10,191,190,1,171,164,19,26,2010,2
Adelaide-Canberra,Adelaide,Canberra,All Airlines,Feb-10,72,72,0,69,68,3,4,2010,2
Adelaide-Gold Coast,Adelaide,Gold Coast,All Airlines,Feb-10,83,83,0,75,73,8,10,2010,2
Adelaide-Melbourne,Adelaide,Melbourne,All Airlines,Feb-10,612,608,4,538,531,70,77,2010,2
Adelaide-Perth,Adelaide,Perth,All Airlines,Feb-10,194,193,1,179,183,14,10,2010,2
Adelaide-Sydney,Adelaide,Sydney,All Airlines,Feb-10,496,493,3,447,448,46,45,2010,2
Albury-Sydney,Albury,Sydney,All Airlines,Feb-10,245,245,0,201,177,44,68,2010,2
Alice Springs-Adelaide,Alice Springs,Adelaide,All Airlines,Feb-10,40,40,0,36,37,4,3,2010,2
Alice Springs-Melbourne,Alice Springs,Melbourne,All Airlines,Feb-10,40,40,0,34,35,6,5,2010,2
Ballina-Sydney,Ballina,Sydney,All Airlines,Feb-10,137,137,0,100,91,37,46,2010,2
Brisbane-Adelaide,Brisbane,Adelaide,All Airlines,Feb-10,189,189,0,167,175,22,14,2010,2
Brisbane-Cairns,Brisbane,Cairns,All Airlines,Feb-10,305,305,0,267,275,38,30,2010,2
Brisbane-Canberra,Brisbane,Canberra,All Airlines,Feb-10,252,251,1,238,243,13,8,2010,2
Brisbane-Darwin,Brisbane,Darwin,All Airlines,Feb-10,56,56,0,46,48,10,8,2010,2
Brisbane-Hamilton Island,Brisbane,Hamilton Island,All Airlines,Feb-10,55,55,0,50,51,5,4,2010,2
Brisbane-Mackay,Brisbane,Mackay,All Airlines,Feb-10,261,258,3,221,223,37,35,2010,2
Brisbane-Melbourne,Brisbane,Melbourne,All Airlines,Feb-10,676,671,5,592,613,79,58,2010,2
Brisbane-Newcastle,Brisbane,Newcastle,All Airlines,Feb-10,201,201,0,178,170,23,31,2010,2
Brisbane-Perth,Brisbane,Perth,All Airlines,Feb-10,168,168,0,140,157,28,11,2010,2
Brisbane-Proserpine,Brisbane,Proserpine,All Airlines,Feb-10,55,55,0,48,46,7,9,2010,2
Brisbane-Rockhampton,Brisbane,Rockhampton,All Airlines,Feb-10,326,324,2,278,272,46,52,2010,2
Brisbane-Sydney,Brisbane,Sydney,All Airlines,Feb-10,1125,1102,23,893,897,209,205,2010,2
Brisbane-Townsville,Brisbane,Townsville,All Airlines,Feb-10,290,289,1,261,268,28,21,2010,2
Broome-Perth,Broome,Perth,All Airlines,Feb-10,125,123,2,102,104,21,19,2010,2
Cairns-Brisbane,Cairns,Brisbane,All Airlines,Feb-10,304,304,0,290,284,14,20,2010,2
Cairns-Melbourne,Cairns,Melbourne,All Airlines,Feb-10,83,83,0,75,75,8,8,2010,2
Cairns-Sydney,Cairns,Sydney,All Airlines,Feb-10,190,189,1,170,164,19,25,2010,2
Cairns-Townsville,Cairns,Townsville,All Airlines,Feb-10,192,187,5,162,147,25,40,2010,2
Canberra-Adelaide,Canberra,Adelaide,All Airlines,Feb-10,76,76,0,68,70,8,6,2010,2
Canberra-Brisbane,Canberra,Brisbane,All Airlines,Feb-10,252,250,2,235,234,15,16,2010,2
Canberra-Melbourne,Canberra,Melbourne,All Airlines,Feb-10,466,460,6,408,403,52,57,2010,2
Canberra-Sydney,Canberra,Sydney,All Airlines,Feb-10,720,712,8,640,601,72,111,2010,2
Coffs Harbour-Sydney,Coffs Harbour,Sydney,All Airlines,Feb-10,178,177,1,143,144,34,33,2010,2
Darwin-Brisbane,Darwin,Brisbane,All Airlines,Feb-10,56,56,0,48,45,8,11,2010,2
Darwin-Melbourne,Darwin,Melbourne,All Airlines,Feb-10,35,35,0,28,26,7,9,2010,2
Darwin-Perth,Darwin,Perth,All Airlines,Feb-10,56,55,1,54,49,1,6,2010,2
Dubbo-Sydney,Dubbo,Sydney,All Airlines,Feb-10,211,211,0,161,154,50,57,2010,2
Gold Coast-Adelaide,Gold Coast,Adelaide,All Airlines,Feb-10,83,83,0,68,72,15,11,2010,2
Gold Coast-Melbourne,Gold Coast,Melbourne,All Airlines,Feb-10,434,425,9,352,359,73,66,2010,2
Gold Coast-Newcastle,Gold Coast,Newcastle,All Airlines,Feb-10,39,38,1,32,33,6,5,2010,2
Gold Coast-Sydney,Gold Coast,Sydney,All Airlines,Feb-10,606,596,10,498,484,98,112,2010,2
Hamilton Island-Brisbane,Hamilton Island,Brisbane,All Airlines,Feb-10,55,55,0,51,51,4,4,2010,2
Hamilton Island-Sydney,Hamilton Island,Sydney,All Airlines,Feb-10,55,54,1,49,49,5,5,2010,2
Hobart-Melbourne,Hobart,Melbourne,All Airlines,Feb-10,325,325,0,273,270,52,55,2010,2
Hobart-Sydney,Hobart,Sydney,All Airlines,Feb-10,139,138,1,112,119,26,19,2010,2
Kalgoorlie-Perth,Kalgoorlie,Perth,All Airlines,Feb-10,102,102,0,86,87,16,15,2010,2
Karratha-Perth,Karratha,Perth,All Airlines,Feb-10,245,240,5,211,204,29,36,2010,2
Launceston-Melbourne,Launceston,Melbourne,All Airlines,Feb-10,289,288,1,238,208,50,80,2010,2
Launceston-Sydney,Launceston,Sydney,All Airlines,Feb-10,55,55,0,43,41,12,14,2010,2
Mackay-Brisbane,Mackay,Brisbane,All Airlines,Feb-10,262,258,4,230,219,28,39,2010,2
Melbourne-Adelaide,Melbourne,Adelaide,All Airlines,Feb-10,613,611,2,524,530,87,81,2010,2
Melbourne-Alice Springs,Melbourne,Alice Springs,All Airlines,Feb-10,40,40,0,36,37,4,3,2010,2
Melbourne-Brisbane,Melbourne,Brisbane,All Airlines,Feb-10,675,670,5,579,570,91,100,2010,2
Melbourne-Cairns,Melbourne,Cairns,All Airlines,Feb-10,83,83,0,73,70,10,13,2010,2
Melbourne-Canberra,Melbourne,Canberra,All Airlines,Feb-10,462,457,5,405,398,52,59,2010,2
Melbourne-Darwin,Melbourne,Darwin,All Airlines,Feb-10,34,34,0,28,28,6,6,2010,2
Melbourne-Gold Coast,Melbourne,Gold Coast,All Airlines,Feb-10,433,425,8,358,349,67,76,2010,2
Melbourne-Hobart,Melbourne,Hobart,All Airlines,Feb-10,325,325,0,256,259,69,66,2010,2
Melbourne-Launceston,Melbourne,Launceston,All Airlines,Feb-10,289,288,1,235,229,53,59,2010,2
Melbourne-Mildura,Melbourne,Mildura,All Airlines,Feb-10,180,180,0,145,140,35,40,2010,2
Melbourne-Newcastle,Melbourne,Newcastle,All Airlines,Feb-10,82,82,0,72,69,10,13,2010,2
Melbourne-Perth,Melbourne,Perth,All Airlines,Feb-10,354,352,2,289,317,63,35,2010,2
Melbourne-Sunshine Coast,Melbourne,Sunshine Coast,All Airlines,Feb-10,89,87,2,76,72,11,15,2010,2
Melbourne-Sydney,Melbourne,Sydney,All Airlines,Feb-10,1871,1825,46,1482,1382,343,443,2010,2
Mildura-Melbourne,Mildura,Melbourne,All Airlines,Feb-10,179,179,0,158,141,21,38,2010,2
Newcastle-Brisbane,Newcastle,Brisbane,All Airlines,Feb-10,200,199,1,171,165,28,34,2010,2
Newcastle-Gold Coast,Newcastle,Gold Coast,All Airlines,Feb-10,39,39,0,35,35,4,4,2010,2
Newcastle-Melbourne,Newcastle,Melbourne,All Airlines,Feb-10,83,83,0,74,76,9,7,2010,2
Newman-Perth,Newman,Perth,All Airlines,Feb-10,112,111,1,94,93,17,18,2010,2
Perth-Adelaide,Perth,Adelaide,All Airlines,Feb-10,194,194,0,180,173,14,21,2010,2
Perth-Brisbane,Perth,Brisbane,All Airlines,Feb-10,168,168,0,160,141,8,27,2010,2
Perth-Broome,Perth,Broome,All Airlines,Feb-10,124,123,1,102,100,21,23,2010,2
Perth-Darwin,Perth,Darwin,All Airlines,Feb-10,56,55,1,50,53,5,2,2010,2
Perth-Kalgoorlie,Perth,Kalgoorlie,All Airlines,Feb-10,102,102,0,94,93,8,9,2010,2
Perth-Karratha,Perth,Karratha,All Airlines,Feb-10,245,241,4,222,218,19,23,2010,2
Perth-Melbourne,Perth,Melbourne,All Airlines,Feb-10,354,352,2,311,292,41,60,2010,2
Perth-Newman,Perth,Newman,All Airlines,Feb-10,112,111,1,103,101,8,10,2010,2
Perth-Port Hedland,Perth,Port Hedland,All Airlines,Feb-10,148,147,1,138,139,9,8,2010,2
Perth-Sydney,Perth,Sydney,All Airlines,Feb-10,346,345,1,312,290,33,55,2010,2
Port Hedland-Perth,Port Hedland,Perth,All Airlines,Feb-10,148,148,0,130,129,18,19,2010,2
Port Macquarie-Sydney,Port Macquarie,Sydney,All Airlines,Feb-10,150,146,4,121,122,25,24,2010,2
Proserpine-Brisbane,Proserpine,Brisbane,All Airlines,Feb-10,55,55,0,44,44,11,11,2010,2
Rockhampton-Brisbane,Rockhampton,Brisbane,All Airlines,Feb-10,307,305,2,260,257,45,48,2010,2
Sunshine Coast-Melbourne,Sunshine Coast,Melbourne,All Airlines,Feb-10,90,88,2,66,74,22,14,2010,2
Sunshine Coast-Sydney,Sunshine Coast,Sydney,All Airlines,Feb-10,105,105,0,81,82,24,23,2010,2
Sydney-Adelaide,Sydney,Adelaide,All Airlines,Feb-10,492,490,2,421,433,69,57,2010,2
Sydney-Albury,Sydney,Albury,All Airlines,Feb-10,245,245,0,206,198,39,47,2010,2
Sydney-Ballina,Sydney,Ballina,All Airlines,Feb-10,138,138,0,109,100,29,38,2010,2
Sydney-Brisbane,Sydney,Brisbane,All Airlines,Feb-10,1124,1102,22,878,901,224,201,2010,2
Sydney-Cairns,Sydney,Cairns,All Airlines,Feb-10,190,189,1,151,164,38,25,2010,2
Sydney-Canberra,Sydney,Canberra,All Airlines,Feb-10,728,722,6,625,612,97,110,2010,2
Sydney-Coffs Harbour,Sydney,Coffs Harbour,All Airlines,Feb-10,178,177,1,153,138,24,39,2010,2
Sydney-Dubbo,Sydney,Dubbo,All Airlines,Feb-10,210,210,0,174,167,36,43,2010,2
Sydney-Gold Coast,Sydney,Gold Coast,All Airlines,Feb-10,604,595,9,492,506,103,89,2010,2
Sydney-Hamilton Island,Sydney,Hamilton Island,All Airlines,Feb-10,55,54,1,48,49,6,5,2010,2
Sydney-Hobart,Sydney,Hobart,All Airlines,Feb-10,136,136,0,121,116,15,20,2010,2
Sydney-Launceston,Sydney,Launceston,All Airlines,Feb-10,55,55,0,43,46,12,9,2010,2
Sydney-Melbourne,Sydney,Melbourne,All Airlines,Feb-10,1868,1818,50,1441,1400,377,418,2010,2
Sydney-Perth,Sydney,Perth,All Airlines,Feb-10,345,344,1,271,295,73,49,2010,2
Sydney-Port Macquarie,Sydney,Port Macquarie,All Airlines,Feb-10,150,148,2,123,118,25,30,2010,2
Sydney-Sunshine Coast,Sydney,Sunshine Coast,All Airlines,Feb-10,105,105,0,84,85,21,20,2010,2
Sydney-Townsville,Sydney,Townsville,All Airlines,Feb-10,47,47,0,42,44,5,3,2010,2
Sydney-Wagga Wagga,Sydney,Wagga Wagga,All Airlines,Feb-10,225,225,0,184,170,41,55,2010,2
Townsville-Brisbane,Townsville,Brisbane,All Airlines,Feb-10,291,286,5,264,262,22,24,2010,2
Townsville-Cairns,Townsville,Cairns,All Airlines,Feb-10,192,187,5,164,157,23,30,2010,2
Townsville-Sydney,Townsville,Sydney,All Airlines,Feb-10,46,46,0,39,39,7,7,2010,2
Wagga Wagga-Sydney,Wagga Wagga,Sydney,All Airlines,Feb-10,223,221,2,180,153,41,68,2010,2
Adelaide-Alice Springs,Adelaide,Alice Springs,All Airlines,Mar-10,44,44,0,38,39,6,5,2010,3
Adelaide-Brisbane,Adelaide,Brisbane,All Airlines,Mar-10,222,221,1,197,199,24,22,2010,3
Adelaide-Canberra,Adelaide,Canberra,All Airlines,Mar-10,81,80,1,70,73,10,7,2010,3
Adelaide-Gold Coast,Adelaide,Gold Coast,All Airlines,Mar-10,92,91,1,80,79,11,12,2010,3
Adelaide-Melbourne,Adelaide,Melbourne,All Airlines,Mar-10,693,687,6,605,571,82,116,2010,3
Adelaide-Perth,Adelaide,Perth,All Airlines,Mar-10,211,210,1,183,198,27,12,2010,3
Adelaide-Sydney,Adelaide,Sydney,All Airlines,Mar-10,551,549,2,484,479,65,70,2010,3
Albury-Sydney,Albury,Sydney,All Airlines,Mar-10,289,286,3,234,212,52,74,2010,3
Alice Springs-Adelaide,Alice Springs,Adelaide,All Airlines,Mar-10,44,44,0,37,38,7,6,2010,3
Alice Springs-Melbourne,Alice Springs,Melbourne,All Airlines,Mar-10,44,44,0,39,38,5,6,2010,3
Ballina-Sydney,Ballina,Sydney,All Airlines,Mar-10,154,152,2,122,118,30,34,2010,3
Brisbane-Adelaide,Brisbane,Adelaide,All Airlines,Mar-10,221,221,0,190,202,31,19,2010,3
Brisbane-Cairns,Brisbane,Cairns,All Airlines,Mar-10,334,334,0,299,308,35,26,2010,3
Brisbane-Canberra,Brisbane,Canberra,All Airlines,Mar-10,278,277,1,252,254,25,23,2010,3
Brisbane-Darwin,Brisbane,Darwin,All Airlines,Mar-10,62,62,0,52,53,10,9,2010,3
Brisbane-Hamilton Island,Brisbane,Hamilton Island,All Airlines,Mar-10,61,57,4,54,54,3,3,2010,3
Brisbane-Mackay,Brisbane,Mackay,All Airlines,Mar-10,294,289,5,244,256,45,33,2010,3
Brisbane-Melbourne,Brisbane,Melbourne,All Airlines,Mar-10,762,750,12,657,666,93,84,2010,3
Brisbane-Newcastle,Brisbane,Newcastle,All Airlines,Mar-10,230,229,1,200,194,29,35,2010,3
Brisbane-Perth,Brisbane,Perth,All Airlines,Mar-10,186,186,0,154,157,32,29,2010,3
Brisbane-Proserpine,Brisbane,Proserpine,All Airlines,Mar-10,61,58,3,51,52,7,6,2010,3
Brisbane-Rockhampton,Brisbane,Rockhampton,All Airlines,Mar-10,365,358,7,341,343,17,15,2010,3
Brisbane-Sydney,Brisbane,Sydney,All Airlines,Mar-10,1243,1205,38,1014,1013,191,192,2010,3
Brisbane-Townsville,Brisbane,Townsville,All Airlines,Mar-10,326,324,2,286,302,38,22,2010,3
Broome-Perth,Broome,Perth,All Airlines,Mar-10,149,144,5,121,119,23,25,2010,3
Cairns-Brisbane,Cairns,Brisbane,All Airlines,Mar-10,333,333,0,311,311,22,22,2010,3
Cairns-Melbourne,Cairns,Melbourne,All Airlines,Mar-10,92,91,1,73,79,18,12,2010,3
Cairns-Sydney,Cairns,Sydney,All Airlines,Mar-10,209,209,0,190,188,19,21,2010,3
Cairns-Townsville,Cairns,Townsville,All Airlines,Mar-10,213,210,3,177,171,33,39,2010,3
Canberra-Adelaide,Canberra,Adelaide,All Airlines,Mar-10,85,84,1,79,78,5,6,2010,3
Canberra-Brisbane,Canberra,Brisbane,All Airlines,Mar-10,278,276,2,257,253,19,23,2010,3
Canberra-Melbourne,Canberra,Melbourne,All Airlines,Mar-10,518,514,4,464,443,50,71,2010,3
Canberra-Sydney,Canberra,Sydney,All Airlines,Mar-10,807,798,9,679,657,119,141,2010,3
Coffs Harbour-Sydney,Coffs Harbour,Sydney,All Airlines,Mar-10,209,208,1,156,162,52,46,2010,3
Darwin-Brisbane,Darwin,Brisbane,All Airlines,Mar-10,62,61,1,54,55,7,6,2010,3
Darwin-Melbourne,Darwin,Melbourne,All Airlines,Mar-10,39,39,0,29,29,10,10,2010,3
Darwin-Perth,Darwin,Perth,All Airlines,Mar-10,61,60,1,53,52,7,8,2010,3
Dubbo-Sydney,Dubbo,Sydney,All Airlines,Mar-10,293,293,0,248,230,45,63,2010,3
Gold Coast-Adelaide,Gold Coast,Adelaide,All Airlines,Mar-10,91,90,1,79,78,11,12,2010,3
Gold Coast-Melbourne,Gold Coast,Melbourne,All Airlines,Mar-10,511,493,18,419,402,74,91,2010,3
Gold Coast-Newcastle,Gold Coast,Newcastle,All Airlines,Mar-10,42,42,0,37,37,5,5,2010,3
Gold Coast-Sydney,Gold Coast,Sydney,All Airlines,Mar-10,689,668,21,572,561,96,107,2010,3
Hamilton Island-Brisbane,Hamilton Island,Brisbane,All Airlines,Mar-10,61,57,4,51,51,6,6,2010,3
Hamilton Island-Sydney,Hamilton Island,Sydney,All Airlines,Mar-10,62,58,4,47,48,11,10,2010,3
Hobart-Melbourne,Hobart,Melbourne,All Airlines,Mar-10,401,392,9,323,318,69,74,2010,3
Hobart-Sydney,Hobart,Sydney,All Airlines,Mar-10,156,155,1,125,126,30,29,2010,3
Kalgoorlie-Perth,Kalgoorlie,Perth,All Airlines,Mar-10,117,113,4,88,86,25,27,2010,3
Karratha-Perth,Karratha,Perth,All Airlines,Mar-10,288,285,3,240,223,45,62,2010,3
Launceston-Melbourne,Launceston,Melbourne,All Airlines,Mar-10,321,318,3,256,226,62,92,2010,3
Launceston-Sydney,Launceston,Sydney,All Airlines,Mar-10,61,61,0,47,51,14,10,2010,3
Mackay-Brisbane,Mackay,Brisbane,All Airlines,Mar-10,293,288,5,256,243,32,45,2010,3
Melbourne-Adelaide,Melbourne,Adelaide,All Airlines,Mar-10,695,690,5,590,594,100,96,2010,3
Melbourne-Alice Springs,Melbourne,Alice Springs,All Airlines,Mar-10,44,44,0,38,39,6,5,2010,3
Melbourne-Brisbane,Melbourne,Brisbane,All Airlines,Mar-10,763,751,12,650,649,101,102,2010,3
Melbourne-Cairns,Melbourne,Cairns,All Airlines,Mar-10,92,91,1,78,74,13,17,2010,3
Melbourne-Canberra,Melbourne,Canberra,All Airlines,Mar-10,513,509,4,454,452,55,57,2010,3
Melbourne-Darwin,Melbourne,Darwin,All Airlines,Mar-10,39,39,0,31,31,8,8,2010,3
Melbourne-Gold Coast,Melbourne,Gold Coast,All Airlines,Mar-10,507,492,15,404,405,88,87,2010,3
Melbourne-Hobart,Melbourne,Hobart,All Airlines,Mar-10,402,394,8,314,313,80,81,2010,3
Melbourne-Launceston,Melbourne,Launceston,All Airlines,Mar-10,321,318,3,248,240,70,78,2010,3
Melbourne-Mildura,Melbourne,Mildura,All Airlines,Mar-10,207,206,1,180,167,26,39,2010,3
Melbourne-Newcastle,Melbourne,Newcastle,All Airlines,Mar-10,114,113,1,94,99,19,14,2010,3
Melbourne-Perth,Melbourne,Perth,All Airlines,Mar-10,416,415,1,333,356,82,59,2010,3
Melbourne-Sunshine Coast,Melbourne,Sunshine Coast,All Airlines,Mar-10,106,104,2,82,76,22,28,2010,3
Melbourne-Sydney,Melbourne,Sydney,All Airlines,Mar-10,2135,2044,91,1650,1628,394,416,2010,3
Mildura-Melbourne,Mildura,Melbourne,All Airlines,Mar-10,207,206,1,184,175,22,31,2010,3
Newcastle-Brisbane,Newcastle,Brisbane,All Airlines,Mar-10,229,227,2,189,189,38,38,2010,3
Newcastle-Gold Coast,Newcastle,Gold Coast,All Airlines,Mar-10,42,42,0,36,36,6,6,2010,3
Newcastle-Melbourne,Newcastle,Melbourne,All Airlines,Mar-10,113,112,1,101,103,11,9,2010,3
Newman-Perth,Newman,Perth,All Airlines,Mar-10,141,140,1,127,126,13,14,2010,3
Perth-Adelaide,Perth,Adelaide,All Airlines,Mar-10,212,210,2,190,177,20,33,2010,3
Perth-Brisbane,Perth,Brisbane,All Airlines,Mar-10,186,186,0,160,145,26,41,2010,3
Perth-Broome,Perth,Broome,All Airlines,Mar-10,148,143,5,121,117,22,26,2010,3
Perth-Darwin,Perth,Darwin,All Airlines,Mar-10,61,60,1,50,51,10,9,2010,3
Perth-Kalgoorlie,Perth,Kalgoorlie,All Airlines,Mar-10,117,113,4,95,91,18,22,2010,3
Perth-Karratha,Perth,Karratha,All Airlines,Mar-10,287,284,3,242,246,42,38,2010,3
Perth-Melbourne,Perth,Melbourne,All Airlines,Mar-10,417,414,3,344,317,70,97,2010,3
Perth-Newman,Perth,Newman,All Airlines,Mar-10,139,138,1,133,128,5,10,2010,3
Perth-Port Hedland,Perth,Port Hedland,All Airlines,Mar-10,164,163,1,149,149,14,14,2010,3
Perth-Sydney,Perth,Sydney,All Airlines,Mar-10,386,382,4,329,333,53,49,2010,3
Port Hedland-Perth,Port Hedland,Perth,All Airlines,Mar-10,161,160,1,136,134,24,26,2010,3
Port Macquarie-Sydney,Port Macquarie,Sydney,All Airlines,Mar-10,194,193,1,148,148,45,45,2010,3
Proserpine-Brisbane,Proserpine,Brisbane,All Airlines,Mar-10,62,58,4,48,49,10,9,2010,3
Rockhampton-Brisbane,Rockhampton,Brisbane,All Airlines,Mar-10,342,334,8,308,307,26,27,2010,3
Sunshine Coast-Melbourne,Sunshine Coast,Melbourne,All Airlines,Mar-10,105,101,4,69,79,32,22,2010,3
Sunshine Coast-Sydney,Sunshine Coast,Sydney,All Airlines,Mar-10,119,115,4,90,93,25,22,2010,3
Sydney-Adelaide,Sydney,Adelaide,All Airlines,Mar-10,546,546,0,481,483,65,63,2010,3
Sydney-Albury,Sydney,Albury,All Airlines,Mar-10,289,287,2,236,231,51,56,2010,3
Sydney-Ballina,Sydney,Ballina,All Airlines,Mar-10,153,153,0,137,128,16,25,2010,3
Sydney-Brisbane,Sydney,Brisbane,All Airlines,Mar-10,1238,1197,41,985,1020,212,177,2010,3
Sydney-Cairns,Sydney,Cairns,All Airlines,Mar-10,209,209,0,172,184,37,25,2010,3
Sydney-Canberra,Sydney,Canberra,All Airlines,Mar-10,815,807,8,667,662,140,145,2010,3
Sydney-Coffs Harbour,Sydney,Coffs Harbour,All Airlines,Mar-10,209,208,1,170,154,38,54,2010,3
Sydney-Dubbo,Sydney,Dubbo,All Airlines,Mar-10,293,293,0,260,253,33,40,2010,3
Sydney-Gold Coast,Sydney,Gold Coast,All Airlines,Mar-10,687,669,18,560,577,109,92,2010,3
Sydney-Hamilton Island,Sydney,Hamilton Island,All Airlines,Mar-10,61,57,4,51,51,6,6,2010,3
Sydney-Hobart,Sydney,Hobart,All Airlines,Mar-10,158,157,1,123,127,34,30,2010,3
Sydney-Launceston,Sydney,Launceston,All Airlines,Mar-10,61,61,0,48,50,13,11,2010,3
Sydney-Melbourne,Sydney,Melbourne,All Airlines,Mar-10,2136,2047,89,1710,1627,337,420,2010,3
Sydney-Perth,Sydney,Perth,All Airlines,Mar-10,388,388,0,329,333,59,55,2010,3
Sydney-Port Macquarie,Sydney,Port Macquarie,All Airlines,Mar-10,194,194,0,160,148,34,46,2010,3
Sydney-Sunshine Coast,Sydney,Sunshine Coast,All Airlines,Mar-10,117,115,2,96,97,19,18,2010,3
Sydney-Townsville,Sydney,Townsville,All Airlines,Mar-10,53,52,1,44,45,8,7,2010,3
Sydney-Wagga Wagga,Sydney,Wagga Wagga,All Airlines,Mar-10,267,267,0,225,210,42,57,2010,3
Townsville-Brisbane,Townsville,Brisbane,All Airlines,Mar-10,326,323,3,301,298,22,25,2010,3
Townsville-Cairns,Townsville,Cairns,All Airlines,Mar-10,213,210,3,184,164,26,46,2010,3
Townsville-Sydney,Townsville,Sydney,All Airlines,Mar-10,53,52,1,46,48,6,4,2010,3
Wagga Wagga-Sydney,Wagga Wagga,Sydney,All Airlines,Mar-10,267,267,0,232,212,35,55,2010,3
Adelaide-Alice Springs,Adelaide,Alice Springs,All Airlines,Apr-10,43,43,0,35,39,8,4,2010,4
Adelaide-Brisbane,Adelaide,Brisbane,All Airlines,Apr-10,253,252,1,230,222,22,30,2010,4
Adelaide-Canberra,Adelaide,Canberra,All Airlines,Apr-10,78,78,0,70,73,8,5,2010,4
Adelaide-Gold Coast,Adelaide,Gold Coast,All Airlines,Apr-10,89,89,0,78,80,11,9,2010,4
Adelaide-Melbourne,Adelaide,Melbourne,All Airlines,Apr-10,732,730,2,620,622,110,108,2010,4
Adelaide-Perth,Adelaide,Perth,All Airlines,Apr-10,201,200,1,173,180,27,20,2010,4
Adelaide-Sydney,Adelaide,Sydney,All Airlines,Apr-10,541,538,3,479,478,59,60,2010,4
Albury-Sydney,Albury,Sydney,All Airlines,Apr-10,267,267,0,237,229,30,38,2010,4
Alice Springs-Adelaide,Alice Springs,Adelaide,All Airlines,Apr-10,43,43,0,38,39,5,4,2010,4
Alice Springs-Melbourne,Alice Springs,Melbourne,All Airlines,Apr-10,43,43,0,36,38,7,5,2010,4
Ballina-Sydney,Ballina,Sydney,All Airlines,Apr-10,150,150,0,128,125,22,25,2010,4
Brisbane-Adelaide,Brisbane,Adelaide,All Airlines,Apr-10,252,252,0,224,225,28,27,2010,4
Brisbane-Cairns,Brisbane,Cairns,All Airlines,Apr-10,352,352,0,327,323,25,29,2010,4
Brisbane-Canberra,Brisbane,Canberra,All Airlines,Apr-10,268,268,0,240,242,28,26,2010,4
Brisbane-Darwin,Brisbane,Darwin,All Airlines,Apr-10,60,60,0,55,56,5,4,2010,4
Brisbane-Hamilton Island,Brisbane,Hamilton Island,All Airlines,Apr-10,59,59,0,52,53,7,6,2010,4
Brisbane-Mackay,Brisbane,Mackay,All Airlines,Apr-10,329,329,0,293,287,36,42,2010,4
Brisbane-Melbourne,Brisbane,Melbourne,All Airlines,Apr-10,846,843,3,748,776,95,67,2010,4
Brisbane-Newcastle,Brisbane,Newcastle,All Airlines,Apr-10,240,240,0,201,199,39,41,2010,4
Brisbane-Perth,Brisbane,Perth,All Airlines,Apr-10,180,180,0,151,153,29,27,2010,4
Brisbane-Proserpine,Brisbane,Proserpine,All Airlines,Apr-10,58,58,0,51,49,7,9,2010,4
Brisbane-Rockhampton,Brisbane,Rockhampton,All Airlines,Apr-10,400,396,4,343,347,53,49,2010,4
Brisbane-Sydney,Brisbane,Sydney,All Airlines,Apr-10,1238,1213,25,1026,988,187,225,2010,4
Brisbane-Townsville,Brisbane,Townsville,All Airlines,Apr-10,326,324,2,290,297,34,27,2010,4
Broome-Perth,Broome,Perth,All Airlines,Apr-10,164,164,0,140,148,24,16,2010,4
Cairns-Brisbane,Cairns,Brisbane,All Airlines,Apr-10,352,352,0,324,332,28,20,2010,4
Cairns-Melbourne,Cairns,Melbourne,All Airlines,Apr-10,120,120,0,104,109,16,11,2010,4
Cairns-Sydney,Cairns,Sydney,All Airlines,Apr-10,247,245,2,222,228,23,17,2010,4
Cairns-Townsville,Cairns,Townsville,All Airlines,Apr-10,190,185,5,158,147,27,38,2010,4
Canberra-Adelaide,Canberra,Adelaide,All Airlines,Apr-10,82,82,0,76,78,6,4,2010,4
Canberra-Brisbane,Canberra,Brisbane,All Airlines,Apr-10,268,268,0,251,248,17,20,2010,4
Canberra-Melbourne,Canberra,Melbourne,All Airlines,Apr-10,465,462,3,425,418,37,44,2010,4
Canberra-Sydney,Canberra,Sydney,All Airlines,Apr-10,775,765,10,705,691,60,74,2010,4
Coffs Harbour-Sydney,Coffs Harbour,Sydney,All Airlines,Apr-10,202,201,1,172,169,29,32,2010,4
Darwin-Brisbane,Darwin,Brisbane,All Airlines,Apr-10,60,60,0,53,47,7,13,2010,4
Darwin-Melbourne,Darwin,Melbourne,All Airlines,Apr-10,39,39,0,38,33,1,6,2010,4
Darwin-Perth,Darwin,Perth,All Airlines,Apr-10,56,56,0,52,52,4,4,2010,4
Dubbo-Sydney,Dubbo,Sydney,All Airlines,Apr-10,262,262,0,225,218,37,44,2010,4
Gold Coast-Adelaide,Gold Coast,Adelaide,All Airlines,Apr-10,89,88,1,76,77,12,11,2010,4
Gold Coast-Melbourne,Gold Coast,Melbourne,All Airlines,Apr-10,465,457,8,388,396,69,61,2010,4
Gold Coast-Newcastle,Gold Coast,Newcastle,All Airlines,Apr-10,42,42,0,39,40,3,2,2010,4
Gold Coast-Sydney,Gold Coast,Sydney,All Airlines,Apr-10,697,686,11,587,594,99,92,2010,4
Hamilton Island-Brisbane,Hamilton Island,Brisbane,All Airlines,Apr-10,59,59,0,50,51,9,8,2010,4
Hamilton Island-Sydney,Hamilton Island,Sydney,All Airlines,Apr-10,60,59,1,48,50,11,9,2010,4
Hobart-Melbourne,Hobart,Melbourne,All Airlines,Apr-10,366,365,1,304,315,61,50,2010,4
Hobart-Sydney,Hobart,Sydney,All Airlines,Apr-10,178,177,1,143,152,34,25,2010,4
Kalgoorlie-Perth,Kalgoorlie,Perth,All Airlines,Apr-10,97,95,2,79,68,16,27,2010,4
Karratha-Perth,Karratha,Perth,All Airlines,Apr-10,296,290,6,257,255,33,35,2010,4
Launceston-Melbourne,Launceston,Melbourne,All Airlines,Apr-10,325,325,0,251,241,74,84,2010,4
Launceston-Sydney,Launceston,Sydney,All Airlines,Apr-10,59,59,0,51,54,8,5,2010,4
Mackay-Brisbane,Mackay,Brisbane,All Airlines,Apr-10,328,327,1,295,293,32,34,2010,4
Melbourne-Adelaide,Melbourne,Adelaide,All Airlines,Apr-10,731,729,2,660,646,69,83,2010,4
Melbourne-Alice Springs,Melbourne,Alice Springs,All Airlines,Apr-10,43,43,0,37,38,6,5,2010,4
Melbourne-Brisbane,Melbourne,Brisbane,All Airlines,Apr-10,845,841,4,757,764,84,77,2010,4
Melbourne-Cairns,Melbourne,Cairns,All Airlines,Apr-10,120,120,0,105,110,15,10,2010,4
Melbourne-Canberra,Melbourne,Canberra,All Airlines,Apr-10,462,459,3,406,411,53,48,2010,4
Melbourne-Darwin,Melbourne,Darwin,All Airlines,Apr-10,41,41,0,38,40,3,1,2010,4
Melbourne-Gold Coast,Melbourne,Gold Coast,All Airlines,Apr-10,464,458,6,401,399,57,59,2010,4
Melbourne-Hobart,Melbourne,Hobart,All Airlines,Apr-10,363,363,0,311,309,52,54,2010,4
Melbourne-Launceston,Melbourne,Launceston,All Airlines,Apr-10,324,324,0,250,241,74,83,2010,4
Melbourne-Mildura,Melbourne,Mildura,All Airlines,Apr-10,195,194,1,161,155,33,39,2010,4
Melbourne-Newcastle,Melbourne,Newcastle,All Airlines,Apr-10,116,116,0,102,102,14,14,2010,4
Melbourne-Perth,Melbourne,Perth,All Airlines,Apr-10,403,401,2,326,334,75,67,2010,4
Melbourne-Sunshine Coast,Melbourne,Sunshine Coast,All Airlines,Apr-10,122,121,1,104,102,17,19,2010,4
Melbourne-Sydney,Melbourne,Sydney,All Airlines,Apr-10,2059,1999,60,1703,1744,296,255,2010,4
Mildura-Melbourne,Mildura,Melbourne,All Airlines,Apr-10,197,196,1,176,168,20,28,2010,4
Newcastle-Brisbane,Newcastle,Brisbane,All Airlines,Apr-10,240,240,0,200,202,40,38,2010,4
Newcastle-Gold Coast,Newcastle,Gold Coast,All Airlines,Apr-10,42,42,0,38,40,4,2,2010,4
Newcastle-Melbourne,Newcastle,Melbourne,All Airlines,Apr-10,118,118,0,105,107,13,11,2010,4
Newman-Perth,Newman,Perth,All Airlines,Apr-10,127,124,3,110,111,14,13,2010,4
Perth-Adelaide,Perth,Adelaide,All Airlines,Apr-10,201,200,1,180,186,20,14,2010,4
Perth-Brisbane,Perth,Brisbane,All Airlines,Apr-10,180,179,1,152,150,27,29,2010,4
Perth-Broome,Perth,Broome,All Airlines,Apr-10,163,163,0,149,144,14,19,2010,4
Perth-Darwin,Perth,Darwin,All Airlines,Apr-10,56,56,0,51,51,5,5,2010,4
Perth-Kalgoorlie,Perth,Kalgoorlie,All Airlines,Apr-10,98,96,2,84,84,12,12,2010,4
Perth-Karratha,Perth,Karratha,All Airlines,Apr-10,295,291,4,259,251,32,40,2010,4
Perth-Melbourne,Perth,Melbourne,All Airlines,Apr-10,401,401,0,339,349,62,52,2010,4
Perth-Newman,Perth,Newman,All Airlines,Apr-10,125,124,1,109,104,15,20,2010,4
Perth-Port Hedland,Perth,Port Hedland,All Airlines,Apr-10,154,151,3,132,134,19,17,2010,4
Perth-Sydney,Perth,Sydney,All Airlines,Apr-10,380,379,1,315,330,64,49,2010,4
Port Hedland-Perth,Port Hedland,Perth,All Airlines,Apr-10,153,152,1,127,128,25,24,2010,4
Port Macquarie-Sydney,Port Macquarie,Sydney,All Airlines,Apr-10,189,189,0,168,162,21,27,2010,4
Proserpine-Brisbane,Proserpine,Brisbane,All Airlines,Apr-10,59,59,0,49,50,10,9,2010,4
Rockhampton-Brisbane,Rockhampton,Brisbane,All Airlines,Apr-10,379,375,4,331,336,44,39,2010,4
Sunshine Coast-Melbourne,Sunshine Coast,Melbourne,All Airlines,Apr-10,122,121,1,103,106,18,15,2010,4
Sunshine Coast-Sydney,Sunshine Coast,Sydney,All Airlines,Apr-10,162,160,2,139,139,21,21,2010,4
Sydney-Adelaide,Sydney,Adelaide,All Airlines,Apr-10,536,535,1,465,485,70,50,2010,4
Sydney-Albury,Sydney,Albury,All Airlines,Apr-10,267,267,0,238,224,29,43,2010,4
Sydney-Ballina,Sydney,Ballina,All Airlines,Apr-10,148,148,0,133,128,15,20,2010,4
Sydney-Brisbane,Sydney,Brisbane,All Airlines,Apr-10,1237,1209,28,1005,1046,204,163,2010,4
Sydney-Cairns,Sydney,Cairns,All Airlines,Apr-10,247,246,1,204,215,42,31,2010,4
Sydney-Canberra,Sydney,Canberra,All Airlines,Apr-10,782,775,7,691,675,84,100,2010,4
Sydney-Coffs Harbour,Sydney,Coffs Harbour,All Airlines,Apr-10,202,201,1,166,170,35,31,2010,4
Sydney-Dubbo,Sydney,Dubbo,All Airlines,Apr-10,262,262,0,235,227,27,35,2010,4
Sydney-Gold Coast,Sydney,Gold Coast,All Airlines,Apr-10,702,691,11,599,591,92,100,2010,4
Sydney-Hamilton Island,Sydney,Hamilton Island,All Airlines,Apr-10,59,59,0,51,49,8,10,2010,4
Sydney-Hobart,Sydney,Hobart,All Airlines,Apr-10,178,177,1,158,157,19,20,2010,4
Sydney-Launceston,Sydney,Launceston,All Airlines,Apr-10,59,59,0,50,51,9,8,2010,4
Sydney-Melbourne,Sydney,Melbourne,All Airlines,Apr-10,2057,1993,64,1745,1671,248,322,2010,4
Sydney-Perth,Sydney,Perth,All Airlines,Apr-10,381,381,0,321,290,60,91,2010,4
Sydney-Port Macquarie,Sydney,Port Macquarie,All Airlines,Apr-10,188,188,0,170,167,18,21,2010,4
Sydney-Sunshine Coast,Sydney,Sunshine Coast,All Airlines,Apr-10,161,159,2,136,138,23,21,2010,4
Sydney-Townsville,Sydney,Townsville,All Airlines,Apr-10,51,50,1,41,41,9,9,2010,4
Sydney-Wagga Wagga,Sydney,Wagga Wagga,All Airlines,Apr-10,232,232,0,211,190,21,42,2010,4
Townsville-Brisbane,Townsville,Brisbane,All Airlines,Apr-10,326,324,2,291,282,33,42,2010,4
Townsville-Cairns,Townsville,Cairns,All Airlines,Apr-10,191,185,6,162,142,23,43,2010,4
Townsville-Sydney,Townsville,Sydney,All Airlines,Apr-10,51,50,1,42,37,8,13,2010,4
Wagga Wagga-Sydney,Wagga Wagga,Sydney,All Airlines,Apr-10,233,233,0,203,196,30,37,2010,4
Adelaide-Brisbane,Adelaide,Brisbane,All Airlines,May-10,256,254,2,232,230,22,24,2010,5
Adelaide-Canberra,Adelaide,Canberra,All Airlines,May-10,78,78,0,70,71,8,7,2010,5
Adelaide-Gold Coast,Adelaide,Gold Coast,All Airlines,May-10,92,91,1,79,81,12,10,2010,5
Adelaide-Melbourne,Adelaide,Melbourne,All Airlines,May-10,756,755,1,673,659,82,96,2010,5
Adelaide-Perth,Adelaide,Perth,All Airlines,May-10,207,206,1,174,180,32,26,2010,5
Adelaide-Port Lincoln,Adelaide,Port Lincoln,All Airlines,May-10,361,360,1,338,327,22,33,2010,5
Adelaide-Sydney,Adelaide,Sydney,All Airlines,May-10,530,527,3,485,456,42,71,2010,5
Albury-Sydney,Albury,Sydney,All Airlines,May-10,288,287,1,243,231,44,56,2010,5
Alice Springs-Melbourne,Alice Springs,Melbourne,All Airlines,May-10,44,44,0,41,40,3,4,2010,5
Ballina-Sydney,Ballina,Sydney,All Airlines,May-10,139,139,0,121,113,18,26,2010,5
Brisbane-Adelaide,Brisbane,Adelaide,All Airlines,May-10,256,254,2,226,229,28,25,2010,5
Brisbane-Cairns,Brisbane,Cairns,All Airlines,May-10,367,366,1,337,329,29,37,2010,5
Brisbane-Canberra,Brisbane,Canberra,All Airlines,May-10,279,277,2,248,248,29,29,2010,5
Brisbane-Darwin,Brisbane,Darwin,All Airlines,May-10,62,62,0,53,48,9,14,2010,5
Brisbane-Hamilton Island,Brisbane,Hamilton Island,All Airlines,May-10,54,54,0,48,50,6,4,2010,5
Brisbane-Mackay,Brisbane,Mackay,All Airlines,May-10,347,345,2,309,298,36,47,2010,5
Brisbane-Melbourne,Brisbane,Melbourne,All Airlines,May-10,854,850,4,772,789,78,61,2010,5
Brisbane-Newcastle,Brisbane,Newcastle,All Airlines,May-10,239,237,2,218,201,19,36,2010,5
Brisbane-Perth,Brisbane,Perth,All Airlines,May-10,186,186,0,155,145,31,41,2010,5
Brisbane-Proserpine,Brisbane,Proserpine,All Airlines,May-10,62,62,0,52,49,10,13,2010,5
Brisbane-Rockhampton,Brisbane,Rockhampton,All Airlines,May-10,399,392,7,339,340,53,52,2010,5
Brisbane-Sydney,Brisbane,Sydney,All Airlines,May-10,1241,1216,25,998,947,218,269,2010,5
Brisbane-Townsville,Brisbane,Townsville,All Airlines,May-10,331,331,0,301,297,30,34,2010,5
Broome-Perth,Broome,Perth,All Airlines,May-10,169,165,4,139,147,26,18,2010,5
Cairns-Brisbane,Cairns,Brisbane,All Airlines,May-10,366,366,0,337,338,29,28,2010,5
Cairns-Melbourne,Cairns,Melbourne,All Airlines,May-10,107,107,0,94,95,13,12,2010,5
Cairns-Sydney,Cairns,Sydney,All Airlines,May-10,246,245,1,222,217,23,28,2010,5
Cairns-Townsville,Cairns,Townsville,All Airlines,May-10,196,195,1,178,173,17,22,2010,5
Canberra-Adelaide,Canberra,Adelaide,All Airlines,May-10,83,83,0,74,76,9,7,2010,5
Canberra-Brisbane,Canberra,Brisbane,All Airlines,May-10,279,277,2,257,249,20,28,2010,5
Canberra-Melbourne,Canberra,Melbourne,All Airlines,May-10,480,478,2,424,412,54,66,2010,5
Canberra-Sydney,Canberra,Sydney,All Airlines,May-10,786,774,12,679,640,95,134,2010,5
Coffs Harbour-Sydney,Coffs Harbour,Sydney,All Airlines,May-10,207,207,0,185,181,22,26,2010,5
Darwin-Brisbane,Darwin,Brisbane,All Airlines,May-10,62,62,0,41,51,21,11,2010,5
Darwin-Melbourne,Darwin,Melbourne,All Airlines,May-10,41,41,0,39,36,2,5,2010,5
Darwin-Perth,Darwin,Perth,All Airlines,May-10,58,58,0,55,55,3,3,2010,5
Dubbo-Sydney,Dubbo,Sydney,All Airlines,May-10,280,280,0,248,225,32,55,2010,5
Gold Coast-Adelaide,Gold Coast,Adelaide,All Airlines,May-10,92,91,1,83,83,8,8,2010,5
Gold Coast-Melbourne,Gold Coast,Melbourne,All Airlines,May-10,412,411,1,340,355,71,56,2010,5
Gold Coast-Newcastle,Gold Coast,Newcastle,All Airlines,May-10,45,45,0,41,42,4,3,2010,5
Gold Coast-Sydney,Gold Coast,Sydney,All Airlines,May-10,708,699,9,580,591,119,108,2010,5
Hamilton Island-Brisbane,Hamilton Island,Brisbane,All Airlines,May-10,54,54,0,51,51,3,3,2010,5
Hamilton Island-Sydney,Hamilton Island,Sydney,All Airlines,May-10,62,62,0,55,54,7,8,2010,5
Hobart-Melbourne,Hobart,Melbourne,All Airlines,May-10,359,359,0,293,303,66,56,2010,5
Hobart-Sydney,Hobart,Sydney,All Airlines,May-10,173,172,1,143,145,29,27,2010,5
Kalgoorlie-Perth,Kalgoorlie,Perth,All Airlines,May-10,101,101,0,87,77,14,24,2010,5
Karratha-Perth,Karratha,Perth,All Airlines,May-10,297,295,2,258,262,37,33,2010,5
Launceston-Melbourne,Launceston,Melbourne,All Airlines,May-10,314,312,2,262,250,50,62,2010,5
Launceston-Sydney,Launceston,Sydney,All Airlines,May-10,62,62,0,56,56,6,6,2010,5
Mackay-Brisbane,Mackay,Brisbane,All Airlines,May-10,348,346,2,312,309,34,37,2010,5
Melbourne-Adelaide,Melbourne,Adelaide,All Airlines,May-10,756,753,3,673,665,80,88,2010,5
Melbourne-Alice Springs,Melbourne,Alice Springs,All Airlines,May-10,44,44,0,38,39,6,5,2010,5
Melbourne-Brisbane,Melbourne,Brisbane,All Airlines,May-10,856,851,5,780,775,71,76,2010,5
Melbourne-Cairns,Melbourne,Cairns,All Airlines,May-10,107,107,0,100,101,7,6,2010,5
Melbourne-Canberra,Melbourne,Canberra,All Airlines,May-10,476,475,1,431,420,44,55,2010,5
Melbourne-Darwin,Melbourne,Darwin,All Airlines,May-10,40,40,0,38,38,2,2,2010,5
Melbourne-Gold Coast,Melbourne,Gold Coast,All Airlines,May-10,412,411,1,369,348,42,63,2010,5
Melbourne-Hobart,Melbourne,Hobart,All Airlines,May-10,360,359,1,296,295,63,64,2010,5
Melbourne-Launceston,Melbourne,Launceston,All Airlines,May-10,313,312,1,260,245,52,67,2010,5
Melbourne-Mildura,Melbourne,Mildura,All Airlines,May-10,210,210,0,185,173,25,37,2010,5
Melbourne-Newcastle,Melbourne,Newcastle,All Airlines,May-10,107,107,0,91,90,16,17,2010,5
Melbourne-Perth,Melbourne,Perth,All Airlines,May-10,395,393,2,349,363,44,30,2010,5
Melbourne-Sunshine Coast,Melbourne,Sunshine Coast,All Airlines,May-10,116,116,0,105,100,11,16,2010,5
Melbourne-Sydney,Melbourne,Sydney,All Airlines,May-10,2115,2055,60,1757,1677,298,378,2010,5
Mildura-Melbourne,Mildura,Melbourne,All Airlines,May-10,209,209,0,187,178,22,31,2010,5
Newcastle-Brisbane,Newcastle,Brisbane,All Airlines,May-10,239,237,2,202,203,35,34,2010,5
Newcastle-Gold Coast,Newcastle,Gold Coast,All Airlines,May-10,45,45,0,41,41,4,4,2010,5
Newcastle-Melbourne,Newcastle,Melbourne,All Airlines,May-10,107,106,1,93,90,13,16,2010,5
Newman-Perth,Newman,Perth,All Airlines,May-10,129,126,3,115,115,11,11,2010,5
Perth-Adelaide,Perth,Adelaide,All Airlines,May-10,207,206,1,186,190,20,16,2010,5
Perth-Brisbane,Perth,Brisbane,All Airlines,May-10,185,185,0,165,166,20,19,2010,5
Perth-Broome,Perth,Broome,All Airlines,May-10,169,168,1,146,138,22,30,2010,5
Perth-Darwin,Perth,Darwin,All Airlines,May-10,58,58,0,56,56,2,2,2010,5
Perth-Kalgoorlie,Perth,Kalgoorlie,All Airlines,May-10,100,100,0,88,90,12,10,2010,5
Perth-Karratha,Perth,Karratha,All Airlines,May-10,301,295,6,263,261,32,34,2010,5
Perth-Melbourne,Perth,Melbourne,All Airlines,May-10,396,394,2,359,356,35,38,2010,5
Perth-Newman,Perth,Newman,All Airlines,May-10,130,128,2,116,114,12,14,2010,5
Perth-Port Hedland,Perth,Port Hedland,All Airlines,May-10,161,160,1,155,152,5,8,2010,5
Perth-Sydney,Perth,Sydney,All Airlines,May-10,386,384,2,339,337,45,47,2010,5
Port Hedland-Perth,Port Hedland,Perth,All Airlines,May-10,161,161,0,143,144,18,17,2010,5
Port Lincoln-Adelaide,Port Lincoln,Adelaide,All Airlines,May-10,360,359,1,330,318,29,41,2010,5
Port Macquarie-Sydney,Port Macquarie,Sydney,All Airlines,May-10,197,197,0,163,161,34,36,2010,5
Proserpine-Brisbane,Proserpine,Brisbane,All Airlines,May-10,62,61,1,46,47,15,14,2010,5
Rockhampton-Brisbane,Rockhampton,Brisbane,All Airlines,May-10,378,370,8,320,325,50,45,2010,5
Sunshine Coast-Melbourne,Sunshine Coast,Melbourne,All Airlines,May-10,115,115,0,101,103,14,12,2010,5
Sunshine Coast-Sydney,Sunshine Coast,Sydney,All Airlines,May-10,161,161,0,144,145,17,16,2010,5
Sydney-Adelaide,Sydney,Adelaide,All Airlines,May-10,525,524,1,453,475,71,49,2010,5
Sydney-Albury,Sydney,Albury,All Airlines,May-10,287,287,0,235,226,52,61,2010,5
Sydney-Ballina,Sydney,Ballina,All Airlines,May-10,140,140,0,125,121,15,19,2010,5
Sydney-Brisbane,Sydney,Brisbane,All Airlines,May-10,1241,1212,29,995,1019,217,193,2010,5
Sydney-Cairns,Sydney,Cairns,All Airlines,May-10,245,245,0,188,205,57,40,2010,5
Sydney-Canberra,Sydney,Canberra,All Airlines,May-10,797,787,10,664,644,123,143,2010,5
Sydney-Coffs Harbour,Sydney,Coffs Harbour,All Airlines,May-10,207,207,0,180,175,27,32,2010,5
Sydney-Dubbo,Sydney,Dubbo,All Airlines,May-10,280,280,0,251,240,29,40,2010,5
Sydney-Gold Coast,Sydney,Gold Coast,All Airlines,May-10,707,698,9,580,576,118,122,2010,5
Sydney-Hamilton Island,Sydney,Hamilton Island,All Airlines,May-10,62,62,0,59,54,3,8,2010,5
Sydney-Hobart,Sydney,Hobart,All Airlines,May-10,173,173,0,146,148,27,25,2010,5
Sydney-Launceston,Sydney,Launceston,All Airlines,May-10,62,62,0,56,57,6,5,2010,5
Sydney-Melbourne,Sydney,Melbourne,All Airlines,May-10,2108,2048,60,1775,1708,273,340,2010,5
Sydney-Perth,Sydney,Perth,All Airlines,May-10,387,385,2,340,315,45,70,2010,5
Sydney-Port Macquarie,Sydney,Port Macquarie,All Airlines,May-10,197,197,0,171,166,26,31,2010,5
Sydney-Sunshine Coast,Sydney,Sunshine Coast,All Airlines,May-10,161,161,0,140,141,21,20,2010,5
Sydney-Townsville,Sydney,Townsville,All Airlines,May-10,53,53,0,38,42,15,11,2010,5
Sydney-Wagga Wagga,Sydney,Wagga Wagga,All Airlines,May-10,259,259,0,223,198,36,61,2010,5
Townsville-Brisbane,Townsville,Brisbane,All Airlines,May-10,333,333,0,300,300,33,33,2010,5
Townsville-Cairns,Townsville,Cairns,All Airlines,May-10,195,194,1,175,152,19,42,2010,5
Townsville-Sydney,Townsville,Sydney,All Airlines,May-10,53,53,0,45,45,8,8,2010,5
Wagga Wagga-Sydney,Wagga Wagga,Sydney,All Airlines,May-10,260,260,0,225,202,35,58,2010,5
Adelaide-Brisbane,Adelaide,Brisbane,All Airlines,Jun-10,245,243,2,209,206,34,37,2010,6
Adelaide-Canberra,Adelaide,Canberra,All Airlines,Jun-10,78,78,0,58,61,20,17,2010,6
Adelaide-Gold Coast,Adelaide,Gold Coast,All Airlines,Jun-10,89,89,0,76,79,13,10,2010,6
Adelaide-Melbourne,Adelaide,Melbourne,All Airlines,Jun-10,721,718,3,613,588,105,130,2010,6
Adelaide-Perth,Adelaide,Perth,All Airlines,Jun-10,199,198,1,179,182,19,16,2010,6
Adelaide-Port Lincoln,Adelaide,Port Lincoln,All Airlines,Jun-10,341,340,1,326,319,14,21,2010,6
Adelaide-Sydney,Adelaide,Sydney,All Airlines,Jun-10,519,515,4,466,433,49,82,2010,6
Albury-Sydney,Albury,Sydney,All Airlines,Jun-10,269,263,6,194,176,69,87,2010,6
Alice Springs-Melbourne,Alice Springs,Melbourne,All Airlines,Jun-10,43,43,0,33,37,10,6,2010,6
Ballina-Sydney,Ballina,Sydney,All Airlines,Jun-10,140,139,1,113,104,26,35,2010,6
Brisbane-Adelaide,Brisbane,Adelaide,All Airlines,Jun-10,245,245,0,203,210,42,35,2010,6
Brisbane-Cairns,Brisbane,Cairns,All Airlines,Jun-10,352,351,1,293,293,58,58,2010,6
Brisbane-Canberra,Brisbane,Canberra,All Airlines,Jun-10,267,267,0,221,234,46,33,2010,6
Brisbane-Darwin,Brisbane,Darwin,All Airlines,Jun-10,60,60,0,42,42,18,18,2010,6
Brisbane-Hamilton Island,Brisbane,Hamilton Island,All Airlines,Jun-10,53,52,1,45,41,7,11,2010,6
Brisbane-Mackay,Brisbane,Mackay,All Airlines,Jun-10,338,336,2,270,258,66,78,2010,6
Brisbane-Melbourne,Brisbane,Melbourne,All Airlines,Jun-10,835,826,9,715,714,111,112,2010,6
Brisbane-Newcastle,Brisbane,Newcastle,All Airlines,Jun-10,228,227,1,190,185,37,42,2010,6
Brisbane-Perth,Brisbane,Perth,All Airlines,Jun-10,179,179,0,146,162,33,17,2010,6
Brisbane-Proserpine,Brisbane,Proserpine,All Airlines,Jun-10,57,56,1,41,40,15,16,2010,6
Brisbane-Rockhampton,Brisbane,Rockhampton,All Airlines,Jun-10,384,381,3,322,319,59,62,2010,6
Brisbane-Sydney,Brisbane,Sydney,All Airlines,Jun-10,1223,1195,28,908,842,287,353,2010,6
Brisbane-Townsville,Brisbane,Townsville,All Airlines,Jun-10,325,325,0,270,259,55,66,2010,6
Broome-Perth,Broome,Perth,All Airlines,Jun-10,162,162,0,120,114,42,48,2010,6
Cairns-Brisbane,Cairns,Brisbane,All Airlines,Jun-10,351,351,0,300,307,51,44,2010,6
Cairns-Melbourne,Cairns,Melbourne,All Airlines,Jun-10,113,113,0,93,95,20,18,2010,6
Cairns-Sydney,Cairns,Sydney,All Airlines,Jun-10,247,246,1,211,204,35,42,2010,6
Cairns-Townsville,Cairns,Townsville,All Airlines,Jun-10,185,184,1,162,147,22,37,2010,6
Canberra-Adelaide,Canberra,Adelaide,All Airlines,Jun-10,82,82,0,65,71,17,11,2010,6
Canberra-Brisbane,Canberra,Brisbane,All Airlines,Jun-10,267,267,0,237,237,30,30,2010,6
Canberra-Melbourne,Canberra,Melbourne,All Airlines,Jun-10,469,461,8,397,383,64,78,2010,6
Canberra-Sydney,Canberra,Sydney,All Airlines,Jun-10,766,757,9,658,612,99,145,2010,6
Coffs Harbour-Sydney,Coffs Harbour,Sydney,All Airlines,Jun-10,200,200,0,154,153,46,47,2010,6
Darwin-Brisbane,Darwin,Brisbane,All Airlines,Jun-10,60,60,0,29,38,31,22,2010,6
Darwin-Melbourne,Darwin,Melbourne,All Airlines,Jun-10,52,49,3,35,32,14,17,2010,6
Darwin-Perth,Darwin,Perth,All Airlines,Jun-10,55,55,0,46,47,9,8,2010,6
Dubbo-Sydney,Dubbo,Sydney,All Airlines,Jun-10,273,273,0,223,206,50,67,2010,6
Gold Coast-Adelaide,Gold Coast,Adelaide,All Airlines,Jun-10,89,88,1,74,78,14,10,2010,6
Gold Coast-Melbourne,Gold Coast,Melbourne,All Airlines,Jun-10,439,437,2,333,339,104,98,2010,6
Gold Coast-Newcastle,Gold Coast,Newcastle,All Airlines,Jun-10,38,38,0,32,33,6,5,2010,6
Gold Coast-Sydney,Gold Coast,Sydney,All Airlines,Jun-10,675,659,16,520,521,139,138,2010,6
Hamilton Island-Brisbane,Hamilton Island,Brisbane,All Airlines,Jun-10,52,52,0,40,43,12,9,2010,6
Hamilton Island-Sydney,Hamilton Island,Sydney,All Airlines,Jun-10,60,60,0,51,50,9,10,2010,6
Hobart-Melbourne,Hobart,Melbourne,All Airlines,Jun-10,348,347,1,279,286,68,61,2010,6
Hobart-Sydney,Hobart,Sydney,All Airlines,Jun-10,166,166,0,136,137,30,29,2010,6
Kalgoorlie-Perth,Kalgoorlie,Perth,All Airlines,Jun-10,97,96,1,80,76,16,20,2010,6
Karratha-Perth,Karratha,Perth,All Airlines,Jun-10,288,279,9,246,245,33,34,2010,6
Launceston-Melbourne,Launceston,Melbourne,All Airlines,Jun-10,307,303,4,243,239,60,64,2010,6
Launceston-Sydney,Launceston,Sydney,All Airlines,Jun-10,60,60,0,49,51,11,9,2010,6
Mackay-Brisbane,Mackay,Brisbane,All Airlines,Jun-10,337,336,1,279,291,57,45,2010,6
Melbourne-Adelaide,Melbourne,Adelaide,All Airlines,Jun-10,720,718,2,609,622,109,96,2010,6
Melbourne-Alice Springs,Melbourne,Alice Springs,All Airlines,Jun-10,43,43,0,34,35,9,8,2010,6
Melbourne-Brisbane,Melbourne,Brisbane,All Airlines,Jun-10,836,829,7,683,716,146,113,2010,6
Melbourne-Cairns,Melbourne,Cairns,All Airlines,Jun-10,113,112,1,97,101,15,11,2010,6
Melbourne-Canberra,Melbourne,Canberra,All Airlines,Jun-10,465,456,9,375,378,81,78,2010,6
Melbourne-Darwin,Melbourne,Darwin,All Airlines,Jun-10,53,52,1,43,37,9,15,2010,6
Melbourne-Gold Coast,Melbourne,Gold Coast,All Airlines,Jun-10,437,436,1,351,354,85,82,2010,6
Melbourne-Hobart,Melbourne,Hobart,All Airlines,Jun-10,348,347,1,273,266,74,81,2010,6
Melbourne-Launceston,Melbourne,Launceston,All Airlines,Jun-10,308,305,3,241,230,64,75,2010,6
Melbourne-Mildura,Melbourne,Mildura,All Airlines,Jun-10,202,202,0,170,161,32,41,2010,6
Melbourne-Newcastle,Melbourne,Newcastle,All Airlines,Jun-10,96,95,1,83,78,12,17,2010,6
Melbourne-Perth,Melbourne,Perth,All Airlines,Jun-10,393,392,1,316,319,76,73,2010,6
Melbourne-Sunshine Coast,Melbourne,Sunshine Coast,All Airlines,Jun-10,112,112,0,95,95,17,17,2010,6
Melbourne-Sydney,Melbourne,Sydney,All Airlines,Jun-10,1970,1915,55,1505,1503,410,412,2010,6
Mildura-Melbourne,Mildura,Melbourne,All Airlines,Jun-10,202,202,0,166,155,36,47,2010,6
Newcastle-Brisbane,Newcastle,Brisbane,All Airlines,Jun-10,227,225,2,178,186,47,39,2010,6
Newcastle-Gold Coast,Newcastle,Gold Coast,All Airlines,Jun-10,38,38,0,31,33,7,5,2010,6
Newcastle-Melbourne,Newcastle,Melbourne,All Airlines,Jun-10,99,97,2,83,77,14,20,2010,6
Newman-Perth,Newman,Perth,All Airlines,Jun-10,127,127,0,116,114,11,13,2010,6
Perth-Adelaide,Perth,Adelaide,All Airlines,Jun-10,200,199,1,178,176,21,23,2010,6
Perth-Brisbane,Perth,Brisbane,All Airlines,Jun-10,178,177,1,149,155,28,22,2010,6
Perth-Broome,Perth,Broome,All Airlines,Jun-10,162,162,0,129,131,33,31,2010,6
Perth-Darwin,Perth,Darwin,All Airlines,Jun-10,55,55,0,50,49,5,6,2010,6
Perth-Kalgoorlie,Perth,Kalgoorlie,All Airlines,Jun-10,97,96,1,81,80,15,16,2010,6
Perth-Karratha,Perth,Karratha,All Airlines,Jun-10,286,281,5,261,250,20,31,2010,6
Perth-Melbourne,Perth,Melbourne,All Airlines,Jun-10,395,393,2,330,322,63,71,2010,6
Perth-Newman,Perth,Newman,All Airlines,Jun-10,130,128,2,115,115,13,13,2010,6
Perth-Port Hedland,Perth,Port Hedland,All Airlines,Jun-10,160,156,4,144,145,12,11,2010,6
Perth-Sydney,Perth,Sydney,All Airlines,Jun-10,371,367,4,326,310,41,57,2010,6
Port Hedland-Perth,Port Hedland,Perth,All Airlines,Jun-10,160,157,3,141,139,16,18,2010,6
Port Lincoln-Adelaide,Port Lincoln,Adelaide,All Airlines,Jun-10,341,340,1,322,312,18,28,2010,6
Port Macquarie-Sydney,Port Macquarie,Sydney,All Airlines,Jun-10,192,188,4,147,142,41,46,2010,6
Proserpine-Brisbane,Proserpine,Brisbane,All Airlines,Jun-10,57,57,0,39,41,18,16,2010,6
Rockhampton-Brisbane,Rockhampton,Brisbane,All Airlines,Jun-10,361,358,3,300,309,58,49,2010,6
Sunshine Coast-Melbourne,Sunshine Coast,Melbourne,All Airlines,Jun-10,112,112,0,89,90,23,22,2010,6
Sunshine Coast-Sydney,Sunshine Coast,Sydney,All Airlines,Jun-10,153,148,5,126,130,22,18,2010,6
Sydney-Adelaide,Sydney,Adelaide,All Airlines,Jun-10,516,514,2,432,451,82,63,2010,6
Sydney-Albury,Sydney,Albury,All Airlines,Jun-10,268,264,4,189,170,75,94,2010,6
Sydney-Ballina,Sydney,Ballina,All Airlines,Jun-10,138,138,0,115,114,23,24,2010,6
Sydney-Brisbane,Sydney,Brisbane,All Airlines,Jun-10,1222,1192,30,911,955,281,237,2010,6
Sydney-Cairns,Sydney,Cairns,All Airlines,Jun-10,247,246,1,182,201,64,45,2010,6
Sydney-Canberra,Sydney,Canberra,All Airlines,Jun-10,774,766,8,626,616,140,150,2010,6
Sydney-Coffs Harbour,Sydney,Coffs Harbour,All Airlines,Jun-10,200,200,0,162,150,38,50,2010,6
Sydney-Dubbo,Sydney,Dubbo,All Airlines,Jun-10,274,274,0,225,222,49,52,2010,6
Sydney-Gold Coast,Sydney,Gold Coast,All Airlines,Jun-10,677,658,19,521,524,137,134,2010,6
Sydney-Hamilton Island,Sydney,Hamilton Island,All Airlines,Jun-10,60,60,0,51,49,9,11,2010,6
Sydney-Hobart,Sydney,Hobart,All Airlines,Jun-10,165,165,0,133,137,32,28,2010,6
Sydney-Launceston,Sydney,Launceston,All Airlines,Jun-10,60,60,0,49,50,11,10,2010,6
Sydney-Melbourne,Sydney,Melbourne,All Airlines,Jun-10,1965,1905,60,1571,1493,334,412,2010,6
Sydney-Perth,Sydney,Perth,All Airlines,Jun-10,371,369,2,307,328,62,41,2010,6
Sydney-Port Macquarie,Sydney,Port Macquarie,All Airlines,Jun-10,192,190,2,149,141,41,49,2010,6
Sydney-Sunshine Coast,Sydney,Sunshine Coast,All Airlines,Jun-10,152,148,4,119,121,29,27,2010,6
Sydney-Townsville,Sydney,Townsville,All Airlines,Jun-10,51,51,0,35,34,16,17,2010,6
Sydney-Wagga Wagga,Sydney,Wagga Wagga,All Airlines,Jun-10,244,236,8,185,157,51,79,2010,6
Townsville-Brisbane,Townsville,Brisbane,All Airlines,Jun-10,326,326,0,271,268,55,58,2010,6
Townsville-Cairns,Townsville,Cairns,All Airlines,Jun-10,184,183,1,148,125,35,58,2010,6
Townsville-Sydney,Townsville,Sydney,All Airlines,Jun-10,51,51,0,41,37,10,14,2010,6
Wagga Wagga-Sydney,Wagga Wagga,Sydney,All Airlines,Jun-10,243,233,10,188,165,45,68,2010,6
Adelaide-Brisbane,Adelaide,Brisbane,All Airlines,Jul-10,262,261,1,217,218,44,43,2010,7
Adelaide-Canberra,Adelaide,Canberra,All Airlines,Jul-10,79,79,0,61,66,18,13,2010,7
Adelaide-Gold Coast,Adelaide,Gold Coast,All Airlines,Jul-10,93,92,1,71,76,21,16,2010,7
Adelaide-Melbourne,Adelaide,Melbourne,All Airlines,Jul-10,758,756,2,613,619,143,137,2010,7
Adelaide-Perth,Adelaide,Perth,All Airlines,Jul-10,209,209,0,168,190,41,19,2010,7
Adelaide-Port Lincoln,Adelaide,Port Lincoln,All Airlines,Jul-10,337,335,2,307,301,28,34,2010,7
Adelaide-Sydney,Adelaide,Sydney,All Airlines,Jul-10,562,558,4,451,456,107,102,2010,7
Albury-Sydney,Albury,Sydney,All Airlines,Jul-10,301,290,11,175,169,115,121,2010,7
Alice Springs-Melbourne,Alice Springs,Melbourne,All Airlines,Jul-10,45,45,0,28,37,17,8,2010,7
Ballina-Sydney,Ballina,Sydney,All Airlines,Jul-10,144,144,0,119,109,25,35,2010,7
Brisbane-Adelaide,Brisbane,Adelaide,All Airlines,Jul-10,261,261,0,221,211,40,50,2010,7
Brisbane-Cairns,Brisbane,Cairns,All Airlines,Jul-10,367,367,0,302,306,65,61,2010,7
Brisbane-Canberra,Brisbane,Canberra,All Airlines,Jul-10,280,278,2,232,237,46,41,2010,7
Brisbane-Darwin,Brisbane,Darwin,All Airlines,Jul-10,62,62,0,48,40,14,22,2010,7
Brisbane-Hamilton Island,Brisbane,Hamilton Island,All Airlines,Jul-10,62,62,0,46,42,16,20,2010,7
Brisbane-Mackay,Brisbane,Mackay,All Airlines,Jul-10,381,377,4,290,281,87,96,2010,7
Brisbane-Melbourne,Brisbane,Melbourne,All Airlines,Jul-10,845,842,3,699,709,143,133,2010,7
Brisbane-Newcastle,Brisbane,Newcastle,All Airlines,Jul-10,251,250,1,205,190,45,60,2010,7
Brisbane-Perth,Brisbane,Perth,All Airlines,Jul-10,186,186,0,137,146,49,40,2010,7
Brisbane-Proserpine,Brisbane,Proserpine,All Airlines,Jul-10,62,62,0,43,40,19,22,2010,7
Brisbane-Rockhampton,Brisbane,Rockhampton,All Airlines,Jul-10,395,391,4,320,299,71,92,2010,7
Brisbane-Sydney,Brisbane,Sydney,All Airlines,Jul-10,1304,1285,19,968,869,317,416,2010,7
Brisbane-Townsville,Brisbane,Townsville,All Airlines,Jul-10,343,343,0,294,289,49,54,2010,7
Broome-Perth,Broome,Perth,All Airlines,Jul-10,167,167,0,115,108,52,59,2010,7
Cairns-Brisbane,Cairns,Brisbane,All Airlines,Jul-10,367,367,0,309,316,58,51,2010,7
Cairns-Melbourne,Cairns,Melbourne,All Airlines,Jul-10,131,131,0,96,107,35,24,2010,7
Cairns-Sydney,Cairns,Sydney,All Airlines,Jul-10,261,261,0,219,229,42,32,2010,7
Cairns-Townsville,Cairns,Townsville,All Airlines,Jul-10,198,198,0,168,157,30,41,2010,7
Canberra-Adelaide,Canberra,Adelaide,All Airlines,Jul-10,84,84,0,69,70,15,14,2010,7
Canberra-Brisbane,Canberra,Brisbane,All Airlines,Jul-10,280,277,3,235,230,42,47,2010,7
Canberra-Melbourne,Canberra,Melbourne,All Airlines,Jul-10,484,477,7,406,395,71,82,2010,7
Canberra-Sydney,Canberra,Sydney,All Airlines,Jul-10,791,753,38,618,593,135,160,2010,7
Coffs Harbour-Sydney,Coffs Harbour,Sydney,All Airlines,Jul-10,209,209,0,165,153,44,56,2010,7
Darwin-Brisbane,Darwin,Brisbane,All Airlines,Jul-10,62,62,0,33,39,29,23,2010,7
Darwin-Melbourne,Darwin,Melbourne,All Airlines,Jul-10,70,70,0,38,49,32,21,2010,7
Darwin-Perth,Darwin,Perth,All Airlines,Jul-10,58,58,0,41,38,17,20,2010,7
Dubbo-Sydney,Dubbo,Sydney,All Airlines,Jul-10,289,289,0,235,218,54,71,2010,7
Gold Coast-Adelaide,Gold Coast,Adelaide,All Airlines,Jul-10,93,93,0,75,78,18,15,2010,7
Gold Coast-Melbourne,Gold Coast,Melbourne,All Airlines,Jul-10,514,512,2,398,416,114,96,2010,7
Gold Coast-Newcastle,Gold Coast,Newcastle,All Airlines,Jul-10,62,62,0,47,48,15,14,2010,7
Gold Coast-Sydney,Gold Coast,Sydney,All Airlines,Jul-10,761,743,18,569,571,174,172,2010,7
Hamilton Island-Brisbane,Hamilton Island,Brisbane,All Airlines,Jul-10,62,62,0,44,48,18,14,2010,7
Hamilton Island-Sydney,Hamilton Island,Sydney,All Airlines,Jul-10,62,62,0,43,48,19,14,2010,7
Hobart-Melbourne,Hobart,Melbourne,All Airlines,Jul-10,367,366,1,310,317,56,49,2010,7
Hobart-Sydney,Hobart,Sydney,All Airlines,Jul-10,183,182,1,144,140,38,42,2010,7
Kalgoorlie-Perth,Kalgoorlie,Perth,All Airlines,Jul-10,101,101,0,82,79,19,22,2010,7
Karratha-Perth,Karratha,Perth,All Airlines,Jul-10,286,278,8,245,233,33,45,2010,7
Launceston-Melbourne,Launceston,Melbourne,All Airlines,Jul-10,328,326,2,256,256,70,70,2010,7
Launceston-Sydney,Launceston,Sydney,All Airlines,Jul-10,62,62,0,55,55,7,7,2010,7
Mackay-Brisbane,Mackay,Brisbane,All Airlines,Jul-10,380,375,5,299,295,76,80,2010,7
Melbourne-Adelaide,Melbourne,Adelaide,All Airlines,Jul-10,756,756,0,624,625,132,131,2010,7
Melbourne-Alice Springs,Melbourne,Alice Springs,All Airlines,Jul-10,45,45,0,38,30,7,15,2010,7
Melbourne-Brisbane,Melbourne,Brisbane,All Airlines,Jul-10,841,838,3,680,694,158,144,2010,7
Melbourne-Cairns,Melbourne,Cairns,All Airlines,Jul-10,130,130,0,108,104,22,26,2010,7
Melbourne-Canberra,Melbourne,Canberra,All Airlines,Jul-10,480,472,8,396,404,76,68,2010,7
Melbourne-Darwin,Melbourne,Darwin,All Airlines,Jul-10,70,69,1,57,45,12,24,2010,7
Melbourne-Gold Coast,Melbourne,Gold Coast,All Airlines,Jul-10,517,516,1,424,427,92,89,2010,7
Melbourne-Hobart,Melbourne,Hobart,All Airlines,Jul-10,366,365,1,293,299,72,66,2010,7
Melbourne-Launceston,Melbourne,Launceston,All Airlines,Jul-10,330,326,4,253,247,73,79,2010,7
Melbourne-Mildura,Melbourne,Mildura,All Airlines,Jul-10,213,212,1,188,177,24,35,2010,7
Melbourne-Newcastle,Melbourne,Newcastle,All Airlines,Jul-10,119,116,3,93,92,23,24,2010,7
Melbourne-Perth,Melbourne,Perth,All Airlines,Jul-10,423,423,0,351,362,72,61,2010,7
Melbourne-Sunshine Coast,Melbourne,Sunshine Coast,All Airlines,Jul-10,138,136,2,102,105,34,31,2010,7
Melbourne-Sydney,Melbourne,Sydney,All Airlines,Jul-10,2081,2042,39,1576,1581,466,461,2010,7
Mildura-Melbourne,Mildura,Melbourne,All Airlines,Jul-10,212,212,0,183,181,29,31,2010,7
Newcastle-Brisbane,Newcastle,Brisbane,All Airlines,Jul-10,251,249,2,192,191,57,58,2010,7
Newcastle-Gold Coast,Newcastle,Gold Coast,All Airlines,Jul-10,62,62,0,49,47,13,15,2010,7
Newcastle-Melbourne,Newcastle,Melbourne,All Airlines,Jul-10,117,116,1,93,91,23,25,2010,7
Newman-Perth,Newman,Perth,All Airlines,Jul-10,130,130,0,119,115,11,15,2010,7
Perth-Adelaide,Perth,Adelaide,All Airlines,Jul-10,209,209,0,175,166,34,43,2010,7
Perth-Brisbane,Perth,Brisbane,All Airlines,Jul-10,186,185,1,140,148,45,37,2010,7
Perth-Broome,Perth,Broome,All Airlines,Jul-10,168,168,0,128,138,40,30,2010,7
Perth-Darwin,Perth,Darwin,All Airlines,Jul-10,58,58,0,49,46,9,12,2010,7
Perth-Kalgoorlie,Perth,Kalgoorlie,All Airlines,Jul-10,103,103,0,94,93,9,10,2010,7
Perth-Karratha,Perth,Karratha,All Airlines,Jul-10,287,281,6,256,255,25,26,2010,7
Perth-Melbourne,Perth,Melbourne,All Airlines,Jul-10,424,423,1,342,340,81,83,2010,7
Perth-Newman,Perth,Newman,All Airlines,Jul-10,131,128,3,113,116,15,12,2010,7
Perth-Port Hedland,Perth,Port Hedland,All Airlines,Jul-10,165,160,5,145,143,15,17,2010,7
Perth-Sydney,Perth,Sydney,All Airlines,Jul-10,415,414,1,343,338,71,76,2010,7
Port Hedland-Perth,Port Hedland,Perth,All Airlines,Jul-10,164,158,6,136,130,22,28,2010,7
Port Lincoln-Adelaide,Port Lincoln,Adelaide,All Airlines,Jul-10,337,335,2,309,299,26,36,2010,7
Port Macquarie-Sydney,Port Macquarie,Sydney,All Airlines,Jul-10,199,198,1,138,131,60,67,2010,7
Proserpine-Brisbane,Proserpine,Brisbane,All Airlines,Jul-10,62,62,0,41,44,21,18,2010,7
Rockhampton-Brisbane,Rockhampton,Brisbane,All Airlines,Jul-10,375,370,5,287,293,83,77,2010,7
Sunshine Coast-Melbourne,Sunshine Coast,Melbourne,All Airlines,Jul-10,137,134,3,94,96,40,38,2010,7
Sunshine Coast-Sydney,Sunshine Coast,Sydney,All Airlines,Jul-10,176,175,1,141,148,34,27,2010,7
Sydney-Adelaide,Sydney,Adelaide,All Airlines,Jul-10,557,555,2,449,435,106,120,2010,7
Sydney-Albury,Sydney,Albury,All Airlines,Jul-10,301,292,9,185,172,107,120,2010,7
Sydney-Ballina,Sydney,Ballina,All Airlines,Jul-10,144,144,0,115,117,29,27,2010,7
Sydney-Brisbane,Sydney,Brisbane,All Airlines,Jul-10,1306,1292,14,926,937,366,355,2010,7
Sydney-Cairns,Sydney,Cairns,All Airlines,Jul-10,261,261,0,190,200,71,61,2010,7
Sydney-Canberra,Sydney,Canberra,All Airlines,Jul-10,797,762,35,588,576,174,186,2010,7
Sydney-Coffs Harbour,Sydney,Coffs Harbour,All Airlines,Jul-10,208,208,0,161,151,47,57,2010,7
Sydney-Dubbo,Sydney,Dubbo,All Airlines,Jul-10,287,287,0,224,218,63,69,2010,7
Sydney-Gold Coast,Sydney,Gold Coast,All Airlines,Jul-10,757,742,15,564,546,178,196,2010,7
Sydney-Hamilton Island,Sydney,Hamilton Island,All Airlines,Jul-10,62,62,0,50,43,12,19,2010,7
Sydney-Hobart,Sydney,Hobart,All Airlines,Jul-10,183,182,1,134,139,48,43,2010,7
Sydney-Launceston,Sydney,Launceston,All Airlines,Jul-10,62,62,0,58,55,4,7,2010,7
Sydney-Melbourne,Sydney,Melbourne,All Airlines,Jul-10,2075,2032,43,1576,1570,456,462,2010,7
Sydney-Perth,Sydney,Perth,All Airlines,Jul-10,415,414,1,343,359,71,55,2010,7
Sydney-Port Macquarie,Sydney,Port Macquarie,All Airlines,Jul-10,199,198,1,140,138,58,60,2010,7
Sydney-Sunshine Coast,Sydney,Sunshine Coast,All Airlines,Jul-10,176,175,1,141,139,34,36,2010,7
Sydney-Townsville,Sydney,Townsville,All Airlines,Jul-10,53,53,0,39,40,14,13,2010,7
Sydney-Wagga Wagga,Sydney,Wagga Wagga,All Airlines,Jul-10,253,247,6,189,168,58,79,2010,7
Townsville-Brisbane,Townsville,Brisbane,All Airlines,Jul-10,343,343,0,300,294,43,49,2010,7
Townsville-Cairns,Townsville,Cairns,All Airlines,Jul-10,201,201,0,163,142,38,59,2010,7
Townsville-Sydney,Townsville,Sydney,All Airlines,Jul-10,53,53,0,40,43,13,10,2010,7
Wagga Wagga-Sydney,Wagga Wagga,Sydney,All Airlines,Jul-10,254,246,8,188,176,58,70,2010,7
Adelaide-Brisbane,Adelaide,Brisbane,All Airlines,Aug-10,249,247,2,207,215,40,32,2010,8
Adelaide-Canberra,Adelaide,Canberra,All Airlines,Aug-10,80,80,0,70,74,10,6,2010,8
Adelaide-Gold Coast,Adelaide,Gold Coast,All Airlines,Aug-10,84,84,0,78,80,6,4,2010,8
Adelaide-Melbourne,Adelaide,Melbourne,All Airlines,Aug-10,742,739,3,642,625,97,114,2010,8
Adelaide-Perth,Adelaide,Perth,All Airlines,Aug-10,209,208,1,189,183,19,25,2010,8
Adelaide-Port Lincoln,Adelaide,Port Lincoln,All Airlines,Aug-10,329,323,6,300,287,23,36,2010,8
Adelaide-Sydney,Adelaide,Sydney,All Airlines,Aug-10,519,514,5,436,455,78,59,2010,8
Albury-Sydney,Albury,Sydney,All Airlines,Aug-10,302,299,3,230,232,69,67,2010,8
Alice Springs-Melbourne,Alice Springs,Melbourne,All Airlines,Aug-10,46,46,0,31,38,15,8,2010,8
Ballina-Sydney,Ballina,Sydney,All Airlines,Aug-10,151,151,0,116,113,35,38,2010,8
Brisbane-Adelaide,Brisbane,Adelaide,All Airlines,Aug-10,249,247,2,216,209,31,38,2010,8
Brisbane-Cairns,Brisbane,Cairns,All Airlines,Aug-10,368,368,0,308,312,60,56,2010,8
Brisbane-Canberra,Brisbane,Canberra,All Airlines,Aug-10,285,281,4,248,254,33,27,2010,8
Brisbane-Darwin,Brisbane,Darwin,All Airlines,Aug-10,62,62,0,51,49,11,13,2010,8
Brisbane-Hamilton Island,Brisbane,Hamilton Island,All Airlines,Aug-10,62,61,1,50,48,11,13,2010,8
Brisbane-Mackay,Brisbane,Mackay,All Airlines,Aug-10,333,331,2,275,264,56,67,2010,8
Brisbane-Melbourne,Brisbane,Melbourne,All Airlines,Aug-10,861,854,7,725,721,129,133,2010,8
Brisbane-Newcastle,Brisbane,Newcastle,All Airlines,Aug-10,242,241,1,198,179,43,62,2010,8
Brisbane-Perth,Brisbane,Perth,All Airlines,Aug-10,186,186,0,157,152,29,34,2010,8
Brisbane-Proserpine,Brisbane,Proserpine,All Airlines,Aug-10,62,62,0,49,46,13,16,2010,8
Brisbane-Rockhampton,Brisbane,Rockhampton,All Airlines,Aug-10,391,387,4,307,299,80,88,2010,8
Brisbane-Sydney,Brisbane,Sydney,All Airlines,Aug-10,1244,1213,31,938,885,275,328,2010,8
Brisbane-Townsville,Brisbane,Townsville,All Airlines,Aug-10,338,337,1,287,286,50,51,2010,8
Broome-Perth,Broome,Perth,All Airlines,Aug-10,170,170,0,132,135,38,35,2010,8
Cairns-Brisbane,Cairns,Brisbane,All Airlines,Aug-10,367,363,4,312,312,51,51,2010,8
Cairns-Melbourne,Cairns,Melbourne,All Airlines,Aug-10,114,112,2,78,85,34,27,2010,8
Cairns-Sydney,Cairns,Sydney,All Airlines,Aug-10,252,250,2,207,211,43,39,2010,8
Cairns-Townsville,Cairns,Townsville,All Airlines,Aug-10,201,194,7,154,148,40,46,2010,8
Canberra-Adelaide,Canberra,Adelaide,All Airlines,Aug-10,84,84,0,77,76,7,8,2010,8
Canberra-Brisbane,Canberra,Brisbane,All Airlines,Aug-10,285,280,5,257,248,23,32,2010,8
Canberra-Melbourne,Canberra,Melbourne,All Airlines,Aug-10,477,471,6,426,409,45,62,2010,8
Canberra-Sydney,Canberra,Sydney,All Airlines,Aug-10,704,666,38,572,570,94,96,2010,8
Coffs Harbour-Sydney,Coffs Harbour,Sydney,All Airlines,Aug-10,204,202,2,176,172,26,30,2010,8
Darwin-Brisbane,Darwin,Brisbane,All Airlines,Aug-10,61,60,1,45,49,15,11,2010,8
Darwin-Melbourne,Darwin,Melbourne,All Airlines,Aug-10,74,74,0,55,62,19,12,2010,8
Darwin-Perth,Darwin,Perth,All Airlines,Aug-10,57,57,0,54,52,3,5,2010,8
Dubbo-Sydney,Dubbo,Sydney,All Airlines,Aug-10,290,289,1,218,222,71,67,2010,8
Gold Coast-Adelaide,Gold Coast,Adelaide,All Airlines,Aug-10,84,84,0,75,75,9,9,2010,8
Gold Coast-Melbourne,Gold Coast,Melbourne,All Airlines,Aug-10,480,474,6,373,372,101,102,2010,8
Gold Coast-Newcastle,Gold Coast,Newcastle,All Airlines,Aug-10,50,50,0,40,39,10,11,2010,8
Gold Coast-Sydney,Gold Coast,Sydney,All Airlines,Aug-10,661,652,9,535,545,117,107,2010,8
Hamilton Island-Brisbane,Hamilton Island,Brisbane,All Airlines,Aug-10,63,62,1,49,51,13,11,2010,8
Hamilton Island-Sydney,Hamilton Island,Sydney,All Airlines,Aug-10,61,61,0,47,49,14,12,2010,8
Hobart-Melbourne,Hobart,Melbourne,All Airlines,Aug-10,344,344,0,289,295,55,49,2010,8
Hobart-Sydney,Hobart,Sydney,All Airlines,Aug-10,173,171,2,138,142,33,29,2010,8
Kalgoorlie-Perth,Kalgoorlie,Perth,All Airlines,Aug-10,114,114,0,94,91,20,23,2010,8
Karratha-Perth,Karratha,Perth,All Airlines,Aug-10,289,287,2,251,234,36,53,2010,8
Launceston-Melbourne,Launceston,Melbourne,All Airlines,Aug-10,290,288,2,243,238,45,50,2010,8
Launceston-Sydney,Launceston,Sydney,All Airlines,Aug-10,62,62,0,54,57,8,5,2010,8
Mackay-Brisbane,Mackay,Brisbane,All Airlines,Aug-10,332,328,4,262,258,66,70,2010,8
Melbourne-Adelaide,Melbourne,Adelaide,All Airlines,Aug-10,742,739,3,644,625,95,114,2010,8
Melbourne-Alice Springs,Melbourne,Alice Springs,All Airlines,Aug-10,46,46,0,37,37,9,9,2010,8
Melbourne-Brisbane,Melbourne,Brisbane,All Airlines,Aug-10,861,854,7,703,718,151,136,2010,8
Melbourne-Cairns,Melbourne,Cairns,All Airlines,Aug-10,115,115,0,97,91,18,24,2010,8
Melbourne-Canberra,Melbourne,Canberra,All Airlines,Aug-10,472,466,6,407,408,59,58,2010,8
Melbourne-Darwin,Melbourne,Darwin,All Airlines,Aug-10,76,76,0,65,55,11,21,2010,8
Melbourne-Gold Coast,Melbourne,Gold Coast,All Airlines,Aug-10,479,475,4,384,387,91,88,2010,8
Melbourne-Hobart,Melbourne,Hobart,All Airlines,Aug-10,345,345,0,282,289,63,56,2010,8
Melbourne-Launceston,Melbourne,Launceston,All Airlines,Aug-10,289,288,1,235,220,53,68,2010,8
Melbourne-Mildura,Melbourne,Mildura,All Airlines,Aug-10,213,213,0,188,184,25,29,2010,8
Melbourne-Newcastle,Melbourne,Newcastle,All Airlines,Aug-10,111,110,1,94,90,16,20,2010,8
Melbourne-Perth,Melbourne,Perth,All Airlines,Aug-10,420,420,0,346,334,74,86,2010,8
Melbourne-Sunshine Coast,Melbourne,Sunshine Coast,All Airlines,Aug-10,128,125,3,98,99,27,26,2010,8
Melbourne-Sydney,Melbourne,Sydney,All Airlines,Aug-10,2009,1959,50,1484,1580,475,379,2010,8
Mildura-Melbourne,Mildura,Melbourne,All Airlines,Aug-10,213,213,0,197,186,16,27,2010,8
Newcastle-Brisbane,Newcastle,Brisbane,All Airlines,Aug-10,241,240,1,190,195,50,45,2010,8
Newcastle-Gold Coast,Newcastle,Gold Coast,All Airlines,Aug-10,50,50,0,41,41,9,9,2010,8
Newcastle-Melbourne,Newcastle,Melbourne,All Airlines,Aug-10,112,111,1,94,90,17,21,2010,8
Newman-Perth,Newman,Perth,All Airlines,Aug-10,129,129,0,121,117,8,12,2010,8
Perth-Adelaide,Perth,Adelaide,All Airlines,Aug-10,208,206,2,183,181,23,25,2010,8
Perth-Brisbane,Perth,Brisbane,All Airlines,Aug-10,185,184,1,152,160,32,24,2010,8
Perth-Broome,Perth,Broome,All Airlines,Aug-10,169,169,0,138,142,31,27,2010,8
Perth-Darwin,Perth,Darwin,All Airlines,Aug-10,57,57,0,54,54,3,3,2010,8
Perth-Kalgoorlie,Perth,Kalgoorlie,All Airlines,Aug-10,109,109,0,97,95,12,14,2010,8
Perth-Karratha,Perth,Karratha,All Airlines,Aug-10,288,286,2,251,253,35,33,2010,8
Perth-Melbourne,Perth,Melbourne,All Airlines,Aug-10,420,419,1,325,353,94,66,2010,8
Perth-Newman,Perth,Newman,All Airlines,Aug-10,129,129,0,120,121,9,8,2010,8
Perth-Port Hedland,Perth,Port Hedland,All Airlines,Aug-10,165,164,1,154,156,10,8,2010,8
Perth-Sydney,Perth,Sydney,All Airlines,Aug-10,413,411,2,329,356,82,55,2010,8
Port Hedland-Perth,Port Hedland,Perth,All Airlines,Aug-10,166,165,1,152,148,13,17,2010,8
Port Lincoln-Adelaide,Port Lincoln,Adelaide,All Airlines,Aug-10,327,320,7,292,277,28,43,2010,8
Port Macquarie-Sydney,Port Macquarie,Sydney,All Airlines,Aug-10,196,192,4,153,141,39,51,2010,8
Proserpine-Brisbane,Proserpine,Brisbane,All Airlines,Aug-10,62,62,0,44,45,18,17,2010,8
Rockhampton-Brisbane,Rockhampton,Brisbane,All Airlines,Aug-10,369,365,4,292,300,73,65,2010,8
Sunshine Coast-Melbourne,Sunshine Coast,Melbourne,All Airlines,Aug-10,128,124,4,81,78,43,46,2010,8
Sunshine Coast-Sydney,Sunshine Coast,Sydney,All Airlines,Aug-10,144,144,0,119,123,25,21,2010,8
Sydney-Adelaide,Sydney,Adelaide,All Airlines,Aug-10,519,516,3,451,439,65,77,2010,8
Sydney-Albury,Sydney,Albury,All Airlines,Aug-10,302,301,1,234,212,67,89,2010,8
Sydney-Ballina,Sydney,Ballina,All Airlines,Aug-10,151,151,0,126,121,25,30,2010,8
Sydney-Brisbane,Sydney,Brisbane,All Airlines,Aug-10,1244,1213,31,982,972,231,241,2010,8
Sydney-Cairns,Sydney,Cairns,All Airlines,Aug-10,253,252,1,207,207,45,45,2010,8
Sydney-Canberra,Sydney,Canberra,All Airlines,Aug-10,716,680,36,566,547,114,133,2010,8
Sydney-Coffs Harbour,Sydney,Coffs Harbour,All Airlines,Aug-10,205,203,2,168,168,35,35,2010,8
Sydney-Dubbo,Sydney,Dubbo,All Airlines,Aug-10,295,293,2,242,229,51,64,2010,8
Sydney-Gold Coast,Sydney,Gold Coast,All Airlines,Aug-10,662,653,9,546,530,107,123,2010,8
Sydney-Hamilton Island,Sydney,Hamilton Island,All Airlines,Aug-10,61,61,0,53,47,8,14,2010,8
Sydney-Hobart,Sydney,Hobart,All Airlines,Aug-10,173,172,1,142,142,30,30,2010,8
Sydney-Launceston,Sydney,Launceston,All Airlines,Aug-10,62,62,0,55,56,7,6,2010,8
Sydney-Melbourne,Sydney,Melbourne,All Airlines,Aug-10,1998,1943,55,1564,1467,379,476,2010,8
Sydney-Perth,Sydney,Perth,All Airlines,Aug-10,414,413,1,352,343,61,70,2010,8
Sydney-Port Macquarie,Sydney,Port Macquarie,All Airlines,Aug-10,196,193,3,153,147,40,46,2010,8
Sydney-Sunshine Coast,Sydney,Sunshine Coast,All Airlines,Aug-10,145,145,0,125,122,20,23,2010,8
Sydney-Townsville,Sydney,Townsville,All Airlines,Aug-10,54,54,0,46,45,8,9,2010,8
Sydney-Wagga Wagga,Sydney,Wagga Wagga,All Airlines,Aug-10,258,257,1,220,186,37,71,2010,8
Townsville-Brisbane,Townsville,Brisbane,All Airlines,Aug-10,339,338,1,293,286,45,52,2010,8
Townsville-Cairns,Townsville,Cairns,All Airlines,Aug-10,201,195,6,153,131,42,64,2010,8
Townsville-Sydney,Townsville,Sydney,All Airlines,Aug-10,54,54,0,44,44,10,10,2010,8
Wagga Wagga-Sydney,Wagga Wagga,Sydney,All Airlines,Aug-10,257,256,1,203,197,53,59,2010,8
Adelaide-Brisbane,Adelaide,Brisbane,All Airlines,Sep-10,254,252,2,208,204,44,48,2010,9
Adelaide-Canberra,Adelaide,Canberra,All Airlines,Sep-10,78,78,0,62,65,16,13,2010,9
Adelaide-Gold Coast,Adelaide,Gold Coast,All Airlines,Sep-10,88,87,1,73,75,14,12,2010,9
Adelaide-Melbourne,Adelaide,Melbourne,All Airlines,Sep-10,723,716,7,597,598,119,118,2010,9
Adelaide-Perth,Adelaide,Perth,All Airlines,Sep-10,203,202,1,168,183,34,19,2010,9
Adelaide-Port Lincoln,Adelaide,Port Lincoln,All Airlines,Sep-10,302,297,5,271,262,26,35,2010,9
Adelaide-Sydney,Adelaide,Sydney,All Airlines,Sep-10,534,530,4,444,455,86,75,2010,9
Albury-Sydney,Albury,Sydney,All Airlines,Sep-10,291,290,1,231,241,59,49,2010,9
Alice Springs-Melbourne,Alice Springs,Melbourne,All Airlines,Sep-10,47,47,0,39,42,8,5,2010,9
Ballina-Sydney,Ballina,Sydney,All Airlines,Sep-10,164,163,1,128,122,35,41,2010,9
Brisbane-Adelaide,Brisbane,Adelaide,All Airlines,Sep-10,253,250,3,197,196,53,54,2010,9
Brisbane-Cairns,Brisbane,Cairns,All Airlines,Sep-10,356,353,3,286,296,67,57,2010,9
Brisbane-Canberra,Brisbane,Canberra,All Airlines,Sep-10,273,270,3,219,227,51,43,2010,9
Brisbane-Darwin,Brisbane,Darwin,All Airlines,Sep-10,60,60,0,48,45,12,15,2010,9
Brisbane-Hamilton Island,Brisbane,Hamilton Island,All Airlines,Sep-10,60,58,2,42,40,16,18,2010,9
Brisbane-Mackay,Brisbane,Mackay,All Airlines,Sep-10,351,345,6,273,264,72,81,2010,9
Brisbane-Melbourne,Brisbane,Melbourne,All Airlines,Sep-10,872,863,9,703,717,160,146,2010,9
Brisbane-Newcastle,Brisbane,Newcastle,All Airlines,Sep-10,238,234,4,180,162,54,72,2010,9
Brisbane-Perth,Brisbane,Perth,All Airlines,Sep-10,180,180,0,130,144,50,36,2010,9
Brisbane-Proserpine,Brisbane,Proserpine,All Airlines,Sep-10,59,57,2,36,32,21,25,2010,9
Brisbane-Rockhampton,Brisbane,Rockhampton,All Airlines,Sep-10,369,368,1,294,289,74,79,2010,9
Brisbane-Sydney,Brisbane,Sydney,All Airlines,Sep-10,1232,1198,34,905,852,293,346,2010,9
Brisbane-Townsville,Brisbane,Townsville,All Airlines,Sep-10,329,327,2,274,274,53,53,2010,9
Broome-Perth,Broome,Perth,All Airlines,Sep-10,163,162,1,133,139,29,23,2010,9
Cairns-Brisbane,Cairns,Brisbane,All Airlines,Sep-10,356,351,5,298,286,53,65,2010,9
Cairns-Melbourne,Cairns,Melbourne,All Airlines,Sep-10,138,136,2,82,108,54,28,2010,9
Cairns-Sydney,Cairns,Sydney,All Airlines,Sep-10,256,254,2,193,210,61,44,2010,9
Cairns-Townsville,Cairns,Townsville,All Airlines,Sep-10,192,188,4,154,137,34,51,2010,9
Canberra-Adelaide,Canberra,Adelaide,All Airlines,Sep-10,82,82,0,70,69,12,13,2010,9
Canberra-Brisbane,Canberra,Brisbane,All Airlines,Sep-10,273,270,3,243,237,27,33,2010,9
Canberra-Melbourne,Canberra,Melbourne,All Airlines,Sep-10,474,467,7,420,413,47,54,2010,9
Canberra-Sydney,Canberra,Sydney,All Airlines,Sep-10,657,632,25,530,527,102,105,2010,9
Coffs Harbour-Sydney,Coffs Harbour,Sydney,All Airlines,Sep-10,204,202,2,154,155,48,47,2010,9
Darwin-Brisbane,Darwin,Brisbane,All Airlines,Sep-10,60,60,0,41,48,19,12,2010,9
Darwin-Melbourne,Darwin,Melbourne,All Airlines,Sep-10,73,72,1,44,47,28,25,2010,9
Darwin-Perth,Darwin,Perth,All Airlines,Sep-10,56,56,0,49,53,7,3,2010,9
Dubbo-Sydney,Dubbo,Sydney,All Airlines,Sep-10,286,286,0,241,244,45,42,2010,9
Gold Coast-Adelaide,Gold Coast,Adelaide,All Airlines,Sep-10,87,86,1,72,70,14,16,2010,9
Gold Coast-Melbourne,Gold Coast,Melbourne,All Airlines,Sep-10,506,501,5,397,405,104,96,2010,9
Gold Coast-Newcastle,Gold Coast,Newcastle,All Airlines,Sep-10,60,60,0,37,37,23,23,2010,9
Gold Coast-Sydney,Gold Coast,Sydney,All Airlines,Sep-10,680,669,11,540,536,129,133,2010,9
Hamilton Island-Brisbane,Hamilton Island,Brisbane,All Airlines,Sep-10,59,57,2,35,34,22,23,2010,9
Hamilton Island-Sydney,Hamilton Island,Sydney,All Airlines,Sep-10,60,59,1,39,41,20,18,2010,9
Hobart-Melbourne,Hobart,Melbourne,All Airlines,Sep-10,345,342,3,262,266,80,76,2010,9
Hobart-Sydney,Hobart,Sydney,All Airlines,Sep-10,176,173,3,128,134,45,39,2010,9
Kalgoorlie-Perth,Kalgoorlie,Perth,All Airlines,Sep-10,100,100,0,88,87,12,13,2010,9
Karratha-Perth,Karratha,Perth,All Airlines,Sep-10,274,271,3,236,226,35,45,2010,9
Launceston-Melbourne,Launceston,Melbourne,All Airlines,Sep-10,292,290,2,231,228,59,62,2010,9
Launceston-Sydney,Launceston,Sydney,All Airlines,Sep-10,60,60,0,49,47,11,13,2010,9
Mackay-Brisbane,Mackay,Brisbane,All Airlines,Sep-10,351,344,7,255,253,89,91,2010,9
Melbourne-Adelaide,Melbourne,Adelaide,All Airlines,Sep-10,724,720,4,607,614,113,106,2010,9
Melbourne-Alice Springs,Melbourne,Alice Springs,All Airlines,Sep-10,47,47,0,38,39,9,8,2010,9
Melbourne-Brisbane,Melbourne,Brisbane,All Airlines,Sep-10,867,855,12,679,711,176,144,2010,9
Melbourne-Cairns,Melbourne,Cairns,All Airlines,Sep-10,139,138,1,107,106,31,32,2010,9
Melbourne-Canberra,Melbourne,Canberra,All Airlines,Sep-10,467,459,8,392,407,67,52,2010,9
Melbourne-Darwin,Melbourne,Darwin,All Airlines,Sep-10,73,72,1,53,48,19,24,2010,9
Melbourne-Gold Coast,Melbourne,Gold Coast,All Airlines,Sep-10,508,503,5,408,414,95,89,2010,9
Melbourne-Hobart,Melbourne,Hobart,All Airlines,Sep-10,345,343,2,250,249,93,94,2010,9
Melbourne-Launceston,Melbourne,Launceston,All Airlines,Sep-10,292,290,2,217,219,73,71,2010,9
Melbourne-Mildura,Melbourne,Mildura,All Airlines,Sep-10,206,206,0,182,171,24,35,2010,9
Melbourne-Newcastle,Melbourne,Newcastle,All Airlines,Sep-10,116,116,0,89,86,27,30,2010,9
Melbourne-Perth,Melbourne,Perth,All Airlines,Sep-10,421,418,3,325,346,93,72,2010,9
Melbourne-Sunshine Coast,Melbourne,Sunshine Coast,All Airlines,Sep-10,129,128,1,97,99,31,29,2010,9
Melbourne-Sydney,Melbourne,Sydney,All Airlines,Sep-10,1942,1860,82,1376,1454,484,406,2010,9
Mildura-Melbourne,Mildura,Melbourne,All Airlines,Sep-10,206,206,0,189,180,17,26,2010,9
Newcastle-Brisbane,Newcastle,Brisbane,All Airlines,Sep-10,239,235,4,178,174,57,61,2010,9
Newcastle-Gold Coast,Newcastle,Gold Coast,All Airlines,Sep-10,60,60,0,31,31,29,29,2010,9
Newcastle-Melbourne,Newcastle,Melbourne,All Airlines,Sep-10,115,115,0,88,83,27,32,2010,9
Newman-Perth,Newman,Perth,All Airlines,Sep-10,126,125,1,113,110,12,15,2010,9
Perth-Adelaide,Perth,Adelaide,All Airlines,Sep-10,203,202,1,175,152,27,50,2010,9
Perth-Brisbane,Perth,Brisbane,All Airlines,Sep-10,180,180,0,148,137,32,43,2010,9
Perth-Broome,Perth,Broome,All Airlines,Sep-10,163,162,1,146,140,16,22,2010,9
Perth-Darwin,Perth,Darwin,All Airlines,Sep-10,56,56,0,52,52,4,4,2010,9
Perth-Kalgoorlie,Perth,Kalgoorlie,All Airlines,Sep-10,100,100,0,93,92,7,8,2010,9
Perth-Karratha,Perth,Karratha,All Airlines,Sep-10,274,271,3,242,241,29,30,2010,9
Perth-Melbourne,Perth,Melbourne,All Airlines,Sep-10,421,418,3,328,295,90,123,2010,9
Perth-Newman,Perth,Newman,All Airlines,Sep-10,126,125,1,111,107,14,18,2010,9
Perth-Port Hedland,Perth,Port Hedland,All Airlines,Sep-10,160,160,0,150,149,10,11,2010,9
Perth-Sydney,Perth,Sydney,All Airlines,Sep-10,407,403,4,329,300,74,103,2010,9
Port Hedland-Perth,Port Hedland,Perth,All Airlines,Sep-10,159,159,0,146,144,13,15,2010,9
Port Lincoln-Adelaide,Port Lincoln,Adelaide,All Airlines,Sep-10,304,300,4,265,252,35,48,2010,9
Port Macquarie-Sydney,Port Macquarie,Sydney,All Airlines,Sep-10,191,186,5,133,121,53,65,2010,9
Proserpine-Brisbane,Proserpine,Brisbane,All Airlines,Sep-10,60,58,2,30,30,28,28,2010,9
Rockhampton-Brisbane,Rockhampton,Brisbane,All Airlines,Sep-10,347,346,1,287,279,59,67,2010,9
Sunshine Coast-Melbourne,Sunshine Coast,Melbourne,All Airlines,Sep-10,130,127,3,81,81,46,46,2010,9
Sunshine Coast-Sydney,Sunshine Coast,Sydney,All Airlines,Sep-10,164,158,6,129,128,29,30,2010,9
Sydney-Adelaide,Sydney,Adelaide,All Airlines,Sep-10,532,528,4,441,434,87,94,2010,9
Sydney-Albury,Sydney,Albury,All Airlines,Sep-10,292,292,0,226,217,66,75,2010,9
Sydney-Ballina,Sydney,Ballina,All Airlines,Sep-10,164,164,0,142,133,22,31,2010,9
Sydney-Brisbane,Sydney,Brisbane,All Airlines,Sep-10,1233,1201,32,926,924,275,277,2010,9
Sydney-Cairns,Sydney,Cairns,All Airlines,Sep-10,256,255,1,186,187,69,68,2010,9
Sydney-Canberra,Sydney,Canberra,All Airlines,Sep-10,680,656,24,539,532,117,124,2010,9
Sydney-Coffs Harbour,Sydney,Coffs Harbour,All Airlines,Sep-10,202,200,2,156,151,44,49,2010,9
Sydney-Dubbo,Sydney,Dubbo,All Airlines,Sep-10,286,286,0,250,244,36,42,2010,9
Sydney-Gold Coast,Sydney,Gold Coast,All Airlines,Sep-10,681,670,11,523,514,147,156,2010,9
Sydney-Hamilton Island,Sydney,Hamilton Island,All Airlines,Sep-10,60,60,0,47,44,13,16,2010,9
Sydney-Hobart,Sydney,Hobart,All Airlines,Sep-10,177,172,5,132,125,40,47,2010,9
Sydney-Launceston,Sydney,Launceston,All Airlines,Sep-10,60,60,0,53,53,7,7,2010,9
Sydney-Melbourne,Sydney,Melbourne,All Airlines,Sep-10,1945,1861,84,1446,1383,415,478,2010,9
Sydney-Perth,Sydney,Perth,All Airlines,Sep-10,409,407,2,317,360,90,47,2010,9
Sydney-Port Macquarie,Sydney,Port Macquarie,All Airlines,Sep-10,192,188,4,133,131,55,57,2010,9
Sydney-Sunshine Coast,Sydney,Sunshine Coast,All Airlines,Sep-10,162,159,3,132,134,27,25,2010,9
Sydney-Townsville,Sydney,Townsville,All Airlines,Sep-10,51,51,0,38,39,13,12,2010,9
Sydney-Wagga Wagga,Sydney,Wagga Wagga,All Airlines,Sep-10,254,253,1,212,196,41,57,2010,9
Townsville-Brisbane,Townsville,Brisbane,All Airlines,Sep-10,329,328,1,277,268,51,60,2010,9
Townsville-Cairns,Townsville,Cairns,All Airlines,Sep-10,191,187,4,137,123,50,64,2010,9
Townsville-Sydney,Townsville,Sydney,All Airlines,Sep-10,51,51,0,29,29,22,22,2010,9
Wagga Wagga-Sydney,Wagga Wagga,Sydney,All Airlines,Sep-10,254,253,1,210,205,43,48,2010,9
Adelaide-Brisbane,Adelaide,Brisbane,All Airlines,Oct-10,257,257,0,223,202,34,55,2010,10
Adelaide-Canberra,Adelaide,Canberra,All Airlines,Oct-10,78,78,0,74,74,4,4,2010,10
Adelaide-Gold Coast,Adelaide,Gold Coast,All Airlines,Oct-10,91,91,0,74,73,17,18,2010,10
Adelaide-Melbourne,Adelaide,Melbourne,All Airlines,Oct-10,735,734,1,628,615,106,119,2010,10
Adelaide-Perth,Adelaide,Perth,All Airlines,Oct-10,207,206,1,169,191,37,15,2010,10
Adelaide-Port Lincoln,Adelaide,Port Lincoln,All Airlines,Oct-10,314,313,1,281,266,32,47,2010,10
Adelaide-Sydney,Adelaide,Sydney,All Airlines,Oct-10,552,552,0,480,446,72,106,2010,10
Albury-Sydney,Albury,Sydney,All Airlines,Oct-10,297,296,1,236,209,60,87,2010,10
Alice Springs-Melbourne,Alice Springs,Melbourne,All Airlines,Oct-10,48,48,0,39,38,9,10,2010,10
Ayers Rock-Sydney,Ayers Rock,Sydney,All Airlines,Oct-10,64,64,0,58,57,6,7,2010,10
Ballina-Sydney,Ballina,Sydney,All Airlines,Oct-10,167,166,1,123,125,43,41,2010,10
Brisbane-Adelaide,Brisbane,Adelaide,All Airlines,Oct-10,257,257,0,208,227,49,30,2010,10
Brisbane-Cairns,Brisbane,Cairns,All Airlines,Oct-10,365,365,0,306,324,59,41,2010,10
Brisbane-Canberra,Brisbane,Canberra,All Airlines,Oct-10,282,281,1,248,260,33,21,2010,10
Brisbane-Darwin,Brisbane,Darwin,All Airlines,Oct-10,62,62,0,47,51,15,11,2010,10
Brisbane-Hamilton Island,Brisbane,Hamilton Island,All Airlines,Oct-10,62,62,0,47,47,15,15,2010,10
Brisbane-Mackay,Brisbane,Mackay,All Airlines,Oct-10,376,373,3,307,311,66,62,2010,10
Brisbane-Melbourne,Brisbane,Melbourne,All Airlines,Oct-10,940,936,4,729,790,207,146,2010,10
Brisbane-Newcastle,Brisbane,Newcastle,All Airlines,Oct-10,250,248,2,209,208,39,40,2010,10
Brisbane-Perth,Brisbane,Perth,All Airlines,Oct-10,186,186,0,132,163,54,23,2010,10
Brisbane-Proserpine,Brisbane,Proserpine,All Airlines,Oct-10,62,62,0,43,46,19,16,2010,10
Brisbane-Rockhampton,Brisbane,Rockhampton,All Airlines,Oct-10,392,389,3,326,304,63,85,2010,10
Brisbane-Sydney,Brisbane,Sydney,All Airlines,Oct-10,1294,1273,21,990,943,283,330,2010,10
Brisbane-Townsville,Brisbane,Townsville,All Airlines,Oct-10,338,338,0,279,298,59,40,2010,10
Broome-Perth,Broome,Perth,All Airlines,Oct-10,166,163,3,130,137,33,26,2010,10
Cairns-Brisbane,Cairns,Brisbane,All Airlines,Oct-10,367,366,1,330,310,36,56,2010,10
Cairns-Melbourne,Cairns,Melbourne,All Airlines,Oct-10,157,157,0,113,123,44,34,2010,10
Cairns-Sydney,Cairns,Sydney,All Airlines,Oct-10,265,264,1,223,206,41,58,2010,10
Cairns-Townsville,Cairns,Townsville,All Airlines,Oct-10,193,189,4,158,142,31,47,2010,10
Canberra-Adelaide,Canberra,Adelaide,All Airlines,Oct-10,83,83,0,80,79,3,4,2010,10
Canberra-Brisbane,Canberra,Brisbane,All Airlines,Oct-10,282,281,1,266,257,15,24,2010,10
Canberra-Melbourne,Canberra,Melbourne,All Airlines,Oct-10,486,480,6,411,404,69,76,2010,10
Canberra-Sydney,Canberra,Sydney,All Airlines,Oct-10,770,755,15,631,617,124,138,2010,10
Coffs Harbour-Sydney,Coffs Harbour,Sydney,All Airlines,Oct-10,209,209,0,145,142,64,67,2010,10
Darwin-Brisbane,Darwin,Brisbane,All Airlines,Oct-10,62,62,0,47,47,15,15,2010,10
Darwin-Melbourne,Darwin,Melbourne,All Airlines,Oct-10,69,68,1,55,47,13,21,2010,10
Darwin-Perth,Darwin,Perth,All Airlines,Oct-10,58,57,1,46,52,11,5,2010,10
Dubbo-Sydney,Dubbo,Sydney,All Airlines,Oct-10,279,279,0,233,217,46,62,2010,10
Gold Coast-Adelaide,Gold Coast,Adelaide,All Airlines,Oct-10,91,89,2,69,74,20,15,2010,10
Gold Coast-Melbourne,Gold Coast,Melbourne,All Airlines,Oct-10,501,491,10,327,372,164,119,2010,10
Gold Coast-Newcastle,Gold Coast,Newcastle,All Airlines,Oct-10,78,76,2,60,60,16,16,2010,10
Gold Coast-Sydney,Gold Coast,Sydney,All Airlines,Oct-10,695,672,23,501,524,171,148,2010,10
Hamilton Island-Brisbane,Hamilton Island,Brisbane,All Airlines,Oct-10,62,62,0,44,43,18,19,2010,10
Hamilton Island-Sydney,Hamilton Island,Sydney,All Airlines,Oct-10,62,62,0,49,48,13,14,2010,10
Hobart-Melbourne,Hobart,Melbourne,All Airlines,Oct-10,360,359,1,265,275,94,84,2010,10
Hobart-Sydney,Hobart,Sydney,All Airlines,Oct-10,186,186,0,146,147,40,39,2010,10
Kalgoorlie-Perth,Kalgoorlie,Perth,All Airlines,Oct-10,101,101,0,86,86,15,15,2010,10
Karratha-Perth,Karratha,Perth,All Airlines,Oct-10,276,274,2,233,227,41,47,2010,10
Launceston-Melbourne,Launceston,Melbourne,All Airlines,Oct-10,308,306,2,243,236,63,70,2010,10
Launceston-Sydney,Launceston,Sydney,All Airlines,Oct-10,62,62,0,51,50,11,12,2010,10
Mackay-Brisbane,Mackay,Brisbane,All Airlines,Oct-10,377,374,3,320,299,54,75,2010,10
Melbourne-Adelaide,Melbourne,Adelaide,All Airlines,Oct-10,734,733,1,613,624,120,109,2010,10
Melbourne-Alice Springs,Melbourne,Alice Springs,All Airlines,Oct-10,48,48,0,38,34,10,14,2010,10
Melbourne-Brisbane,Melbourne,Brisbane,All Airlines,Oct-10,932,929,3,767,744,162,185,2010,10
Melbourne-Cairns,Melbourne,Cairns,All Airlines,Oct-10,159,159,0,127,139,32,20,2010,10
Melbourne-Canberra,Melbourne,Canberra,All Airlines,Oct-10,480,474,6,396,400,78,74,2010,10
Melbourne-Darwin,Melbourne,Darwin,All Airlines,Oct-10,68,68,0,49,53,19,15,2010,10
Melbourne-Gold Coast,Melbourne,Gold Coast,All Airlines,Oct-10,500,499,1,401,361,98,138,2010,10
Melbourne-Hobart,Melbourne,Hobart,All Airlines,Oct-10,360,359,1,266,271,93,88,2010,10
Melbourne-Launceston,Melbourne,Launceston,All Airlines,Oct-10,309,307,2,247,235,60,72,2010,10
Melbourne-Mildura,Melbourne,Mildura,All Airlines,Oct-10,211,211,0,177,157,34,54,2010,10
Melbourne-Newcastle,Melbourne,Newcastle,All Airlines,Oct-10,125,124,1,102,100,22,24,2010,10
Melbourne-Perth,Melbourne,Perth,All Airlines,Oct-10,432,431,1,344,375,87,56,2010,10
Melbourne-Sunshine Coast,Melbourne,Sunshine Coast,All Airlines,Oct-10,143,143,0,106,102,37,41,2010,10
Melbourne-Sydney,Melbourne,Sydney,All Airlines,Oct-10,2012,1965,47,1558,1510,407,455,2010,10
Mildura-Melbourne,Mildura,Melbourne,All Airlines,Oct-10,211,211,0,181,165,30,46,2010,10
Newcastle-Brisbane,Newcastle,Brisbane,All Airlines,Oct-10,249,246,3,206,211,40,35,2010,10
Newcastle-Gold Coast,Newcastle,Gold Coast,All Airlines,Oct-10,77,77,0,61,59,16,18,2010,10
Newcastle-Melbourne,Newcastle,Melbourne,All Airlines,Oct-10,125,124,1,97,97,27,27,2010,10
Newman-Perth,Newman,Perth,All Airlines,Oct-10,124,124,0,109,107,15,17,2010,10
Perth-Adelaide,Perth,Adelaide,All Airlines,Oct-10,207,206,1,184,162,22,44,2010,10
Perth-Brisbane,Perth,Brisbane,All Airlines,Oct-10,186,185,1,150,113,35,72,2010,10
Perth-Broome,Perth,Broome,All Airlines,Oct-10,167,166,1,153,146,13,20,2010,10
Perth-Darwin,Perth,Darwin,All Airlines,Oct-10,58,58,0,50,48,8,10,2010,10
Perth-Kalgoorlie,Perth,Kalgoorlie,All Airlines,Oct-10,101,101,0,87,83,14,18,2010,10
Perth-Karratha,Perth,Karratha,All Airlines,Oct-10,278,277,1,246,248,31,29,2010,10
Perth-Melbourne,Perth,Melbourne,All Airlines,Oct-10,439,437,2,350,310,87,127,2010,10
Perth-Newman,Perth,Newman,All Airlines,Oct-10,124,124,0,110,105,14,19,2010,10
Perth-Port Hedland,Perth,Port Hedland,All Airlines,Oct-10,162,161,1,138,141,23,20,2010,10
Perth-Sydney,Perth,Sydney,All Airlines,Oct-10,422,420,2,357,323,63,97,2010,10
Port Hedland-Perth,Port Hedland,Perth,All Airlines,Oct-10,160,158,2,136,140,22,18,2010,10
Port Lincoln-Adelaide,Port Lincoln,Adelaide,All Airlines,Oct-10,314,313,1,280,263,33,50,2010,10
Port Macquarie-Sydney,Port Macquarie,Sydney,All Airlines,Oct-10,196,195,1,149,147,46,48,2010,10
Proserpine-Brisbane,Proserpine,Brisbane,All Airlines,Oct-10,62,62,0,42,39,20,23,2010,10
Rockhampton-Brisbane,Rockhampton,Brisbane,All Airlines,Oct-10,371,368,3,300,292,68,76,2010,10
Sunshine Coast-Melbourne,Sunshine Coast,Melbourne,All Airlines,Oct-10,143,143,0,83,94,60,49,2010,10
Sunshine Coast-Sydney,Sunshine Coast,Sydney,All Airlines,Oct-10,175,169,6,126,134,43,35,2010,10
Sydney-Adelaide,Sydney,Adelaide,All Airlines,Oct-10,548,548,0,437,471,111,77,2010,10
Sydney-Albury,Sydney,Albury,All Airlines,Oct-10,296,296,0,231,221,65,75,2010,10
Sydney-Ayers Rock,Sydney,Ayers Rock,All Airlines,Oct-10,64,64,0,57,58,7,6,2010,10
Sydney-Ballina,Sydney,Ballina,All Airlines,Oct-10,169,169,0,142,130,27,39,2010,10
Sydney-Brisbane,Sydney,Brisbane,All Airlines,Oct-10,1284,1257,27,981,972,276,285,2010,10
Sydney-Cairns,Sydney,Cairns,All Airlines,Oct-10,265,265,0,200,221,65,44,2010,10
Sydney-Canberra,Sydney,Canberra,All Airlines,Oct-10,785,775,10,622,610,153,165,2010,10
Sydney-Coffs Harbour,Sydney,Coffs Harbour,All Airlines,Oct-10,209,209,0,164,139,45,70,2010,10
Sydney-Dubbo,Sydney,Dubbo,All Airlines,Oct-10,279,279,0,234,213,45,66,2010,10
Sydney-Gold Coast,Sydney,Gold Coast,All Airlines,Oct-10,690,675,15,538,518,137,157,2010,10
Sydney-Hamilton Island,Sydney,Hamilton Island,All Airlines,Oct-10,62,62,0,47,50,15,12,2010,10
Sydney-Hobart,Sydney,Hobart,All Airlines,Oct-10,186,186,0,143,144,43,42,2010,10
Sydney-Launceston,Sydney,Launceston,All Airlines,Oct-10,62,62,0,50,52,12,10,2010,10
Sydney-Melbourne,Sydney,Melbourne,All Airlines,Oct-10,2003,1952,51,1473,1447,479,505,2010,10
Sydney-Perth,Sydney,Perth,All Airlines,Oct-10,423,422,1,338,380,84,42,2010,10
Sydney-Port Macquarie,Sydney,Port Macquarie,All Airlines,Oct-10,196,195,1,152,141,43,54,2010,10
Sydney-Sunshine Coast,Sydney,Sunshine Coast,All Airlines,Oct-10,174,171,3,140,140,31,31,2010,10
Sydney-Townsville,Sydney,Townsville,All Airlines,Oct-10,53,53,0,40,37,13,16,2010,10
Sydney-Wagga Wagga,Sydney,Wagga Wagga,All Airlines,Oct-10,258,258,0,215,194,43,64,2010,10
Townsville-Brisbane,Townsville,Brisbane,All Airlines,Oct-10,338,337,1,292,276,45,61,2010,10
Townsville-Cairns,Townsville,Cairns,All Airlines,Oct-10,193,189,4,137,118,52,71,2010,10
Townsville-Sydney,Townsville,Sydney,All Airlines,Oct-10,53,53,0,32,32,21,21,2010,10
Wagga Wagga-Sydney,Wagga Wagga,Sydney,All Airlines,Oct-10,256,256,0,222,205,34,51,2010,10
Adelaide-Brisbane,Adelaide,Brisbane,All Airlines,Nov-10,236,233,3,212,202,21,31,2010,11
Adelaide-Canberra,Adelaide,Canberra,All Airlines,Nov-10,78,78,0,67,69,11,9,2010,11
Adelaide-Gold Coast,Adelaide,Gold Coast,All Airlines,Nov-10,69,69,0,65,61,4,8,2010,11
Adelaide-Melbourne,Adelaide,Melbourne,All Airlines,Nov-10,703,699,4,585,581,114,118,2010,11
Adelaide-Perth,Adelaide,Perth,All Airlines,Nov-10,207,207,0,174,188,33,19,2010,11
Adelaide-Port Lincoln,Adelaide,Port Lincoln,All Airlines,Nov-10,310,310,0,297,287,13,23,2010,11
Adelaide-Sydney,Adelaide,Sydney,All Airlines,Nov-10,517,512,5,447,426,65,86,2010,11
Albury-Sydney,Albury,Sydney,All Airlines,Nov-10,290,288,2,240,225,48,63,2010,11
Ayers Rock-Sydney,Ayers Rock,Sydney,All Airlines,Nov-10,60,60,0,58,59,2,1,2010,11
Ballina-Sydney,Ballina,Sydney,All Airlines,Nov-10,149,149,0,104,109,45,40,2010,11
Brisbane-Adelaide,Brisbane,Adelaide,All Airlines,Nov-10,236,235,1,203,212,32,23,2010,11
Brisbane-Cairns,Brisbane,Cairns,All Airlines,Nov-10,365,364,1,322,309,42,55,2010,11
Brisbane-Canberra,Brisbane,Canberra,All Airlines,Nov-10,279,278,1,256,258,22,20,2010,11
Brisbane-Darwin,Brisbane,Darwin,All Airlines,Nov-10,60,60,0,51,39,9,21,2010,11
Brisbane-Hamilton Island,Brisbane,Hamilton Island,All Airlines,Nov-10,60,60,0,52,45,8,15,2010,11
Brisbane-Mackay,Brisbane,Mackay,All Airlines,Nov-10,368,367,1,307,283,60,84,2010,11
Brisbane-Melbourne,Brisbane,Melbourne,All Airlines,Nov-10,909,904,5,696,746,208,158,2010,11
Brisbane-Newcastle,Brisbane,Newcastle,All Airlines,Nov-10,248,246,2,211,207,35,39,2010,11
Brisbane-Perth,Brisbane,Perth,All Airlines,Nov-10,180,180,0,142,150,38,30,2010,11
Brisbane-Proserpine,Brisbane,Proserpine,All Airlines,Nov-10,60,60,0,47,40,13,20,2010,11
Brisbane-Rockhampton,Brisbane,Rockhampton,All Airlines,Nov-10,386,384,2,291,284,93,100,2010,11
Brisbane-Sydney,Brisbane,Sydney,All Airlines,Nov-10,1233,1215,18,953,991,262,224,2010,11
Brisbane-Townsville,Brisbane,Townsville,All Airlines,Nov-10,331,331,0,302,291,29,40,2010,11
Broome-Perth,Broome,Perth,All Airlines,Nov-10,143,141,2,125,120,16,21,2010,11
Cairns-Brisbane,Cairns,Brisbane,All Airlines,Nov-10,366,364,2,325,334,39,30,2010,11
Cairns-Melbourne,Cairns,Melbourne,All Airlines,Nov-10,123,121,2,67,89,54,32,2010,11
Cairns-Sydney,Cairns,Sydney,All Airlines,Nov-10,253,253,0,186,207,67,46,2010,11
Cairns-Townsville,Cairns,Townsville,All Airlines,Nov-10,203,201,2,172,156,29,45,2010,11
Canberra-Adelaide,Canberra,Adelaide,All Airlines,Nov-10,82,82,0,68,69,14,13,2010,11
Canberra-Brisbane,Canberra,Brisbane,All Airlines,Nov-10,279,278,1,246,237,32,41,2010,11
Canberra-Melbourne,Canberra,Melbourne,All Airlines,Nov-10,477,467,10,378,390,89,77,2010,11
Canberra-Sydney,Canberra,Sydney,All Airlines,Nov-10,761,743,18,612,576,131,167,2010,11
Coffs Harbour-Sydney,Coffs Harbour,Sydney,All Airlines,Nov-10,201,200,1,147,146,53,54,2010,11
Darwin-Brisbane,Darwin,Brisbane,All Airlines,Nov-10,60,59,1,43,50,16,9,2010,11
Darwin-Melbourne,Darwin,Melbourne,All Airlines,Nov-10,60,59,1,44,37,15,22,2010,11
Darwin-Perth,Darwin,Perth,All Airlines,Nov-10,51,51,0,45,42,6,9,2010,11
Dubbo-Sydney,Dubbo,Sydney,All Airlines,Nov-10,384,383,1,331,318,52,65,2010,11
Gold Coast-Adelaide,Gold Coast,Adelaide,All Airlines,Nov-10,68,68,0,62,63,6,5,2010,11
Gold Coast-Melbourne,Gold Coast,Melbourne,All Airlines,Nov-10,489,488,1,368,396,120,92,2010,11
Gold Coast-Newcastle,Gold Coast,Newcastle,All Airlines,Nov-10,72,72,0,63,65,9,7,2010,11
Gold Coast-Sydney,Gold Coast,Sydney,All Airlines,Nov-10,677,662,15,516,537,146,125,2010,11
Hamilton Island-Brisbane,Hamilton Island,Brisbane,All Airlines,Nov-10,60,60,0,41,44,19,16,2010,11
Hamilton Island-Sydney,Hamilton Island,Sydney,All Airlines,Nov-10,60,60,0,31,40,29,20,2010,11
Hobart-Melbourne,Hobart,Melbourne,All Airlines,Nov-10,355,355,0,279,272,76,83,2010,11
Hobart-Sydney,Hobart,Sydney,All Airlines,Nov-10,180,178,2,153,149,25,29,2010,11
Kalgoorlie-Perth,Kalgoorlie,Perth,All Airlines,Nov-10,98,96,2,88,85,8,11,2010,11
Karratha-Perth,Karratha,Perth,All Airlines,Nov-10,283,278,5,237,240,41,38,2010,11
Launceston-Melbourne,Launceston,Melbourne,All Airlines,Nov-10,294,293,1,233,213,60,80,2010,11
Launceston-Sydney,Launceston,Sydney,All Airlines,Nov-10,60,60,0,42,42,18,18,2010,11
Mackay-Brisbane,Mackay,Brisbane,All Airlines,Nov-10,369,366,3,287,287,79,79,2010,11
Melbourne-Adelaide,Melbourne,Adelaide,All Airlines,Nov-10,704,701,3,589,586,112,115,2010,11
Melbourne-Brisbane,Melbourne,Brisbane,All Airlines,Nov-10,908,904,4,748,703,156,201,2010,11
Melbourne-Cairns,Melbourne,Cairns,All Airlines,Nov-10,124,123,1,99,86,24,37,2010,11
Melbourne-Canberra,Melbourne,Canberra,All Airlines,Nov-10,474,466,8,390,374,76,92,2010,11
Melbourne-Darwin,Melbourne,Darwin,All Airlines,Nov-10,58,58,0,46,46,12,12,2010,11
Melbourne-Gold Coast,Melbourne,Gold Coast,All Airlines,Nov-10,488,488,0,385,358,103,130,2010,11
Melbourne-Hobart,Melbourne,Hobart,All Airlines,Nov-10,355,355,0,273,293,82,62,2010,11
Melbourne-Launceston,Melbourne,Launceston,All Airlines,Nov-10,293,291,2,226,224,65,67,2010,11
Melbourne-Mildura,Melbourne,Mildura,All Airlines,Nov-10,206,205,1,172,162,33,43,2010,11
Melbourne-Newcastle,Melbourne,Newcastle,All Airlines,Nov-10,110,109,1,81,70,28,39,2010,11
Melbourne-Perth,Melbourne,Perth,All Airlines,Nov-10,430,429,1,327,336,102,93,2010,11
Melbourne-Sunshine Coast,Melbourne,Sunshine Coast,All Airlines,Nov-10,138,137,1,106,93,31,44,2010,11
Melbourne-Sydney,Melbourne,Sydney,All Airlines,Nov-10,1968,1902,66,1476,1401,426,501,2010,11
Mildura-Melbourne,Mildura,Melbourne,All Airlines,Nov-10,206,205,1,183,177,22,28,2010,11
Newcastle-Brisbane,Newcastle,Brisbane,All Airlines,Nov-10,248,246,2,202,196,44,50,2010,11
Newcastle-Gold Coast,Newcastle,Gold Coast,All Airlines,Nov-10,72,72,0,57,60,15,12,2010,11
Newcastle-Melbourne,Newcastle,Melbourne,All Airlines,Nov-10,109,109,0,88,96,21,13,2010,11
Newman-Perth,Newman,Perth,All Airlines,Nov-10,126,126,0,115,113,11,13,2010,11
Perth-Adelaide,Perth,Adelaide,All Airlines,Nov-10,207,207,0,184,176,23,31,2010,11
Perth-Brisbane,Perth,Brisbane,All Airlines,Nov-10,180,180,0,156,150,24,30,2010,11
Perth-Broome,Perth,Broome,All Airlines,Nov-10,140,135,5,120,122,15,13,2010,11
Perth-Darwin,Perth,Darwin,All Airlines,Nov-10,51,51,0,48,46,3,5,2010,11
Perth-Kalgoorlie,Perth,Kalgoorlie,All Airlines,Nov-10,97,95,2,89,84,6,11,2010,11
Perth-Karratha,Perth,Karratha,All Airlines,Nov-10,279,276,3,247,244,29,32,2010,11
Perth-Melbourne,Perth,Melbourne,All Airlines,Nov-10,428,427,1,335,301,92,126,2010,11
Perth-Newman,Perth,Newman,All Airlines,Nov-10,125,123,2,107,110,16,13,2010,11
Perth-Port Hedland,Perth,Port Hedland,All Airlines,Nov-10,159,156,3,144,149,12,7,2010,11
Perth-Sydney,Perth,Sydney,All Airlines,Nov-10,407,403,4,354,341,49,62,2010,11
Port Hedland-Perth,Port Hedland,Perth,All Airlines,Nov-10,162,159,3,145,144,14,15,2010,11
Port Lincoln-Adelaide,Port Lincoln,Adelaide,All Airlines,Nov-10,310,310,0,296,288,14,22,2010,11
Port Macquarie-Sydney,Port Macquarie,Sydney,All Airlines,Nov-10,193,191,2,149,147,42,44,2010,11
Proserpine-Brisbane,Proserpine,Brisbane,All Airlines,Nov-10,60,60,0,37,40,23,20,2010,11
Rockhampton-Brisbane,Rockhampton,Brisbane,All Airlines,Nov-10,364,362,2,277,272,85,90,2010,11
Sunshine Coast-Melbourne,Sunshine Coast,Melbourne,All Airlines,Nov-10,138,137,1,65,91,72,46,2010,11
Sunshine Coast-Sydney,Sunshine Coast,Sydney,All Airlines,Nov-10,160,157,3,102,114,55,43,2010,11
Sydney-Adelaide,Sydney,Adelaide,All Airlines,Nov-10,515,512,3,422,434,90,78,2010,11
Sydney-Albury,Sydney,Albury,All Airlines,Nov-10,291,289,2,233,236,56,53,2010,11
Sydney-Ayers Rock,Sydney,Ayers Rock,All Airlines,Nov-10,60,60,0,52,56,8,4,2010,11
Sydney-Ballina,Sydney,Ballina,All Airlines,Nov-10,149,149,0,125,113,24,36,2010,11
Sydney-Brisbane,Sydney,Brisbane,All Airlines,Nov-10,1232,1206,26,939,924,267,282,2010,11
Sydney-Cairns,Sydney,Cairns,All Airlines,Nov-10,251,250,1,192,168,58,82,2010,11
Sydney-Canberra,Sydney,Canberra,All Airlines,Nov-10,767,746,21,631,611,115,135,2010,11
Sydney-Coffs Harbour,Sydney,Coffs Harbour,All Airlines,Nov-10,201,200,1,158,144,42,56,2010,11
Sydney-Dubbo,Sydney,Dubbo,All Airlines,Nov-10,383,382,1,329,326,53,56,2010,11
Sydney-Gold Coast,Sydney,Gold Coast,All Airlines,Nov-10,675,660,15,534,528,126,132,2010,11
Sydney-Hamilton Island,Sydney,Hamilton Island,All Airlines,Nov-10,60,60,0,46,35,14,25,2010,11
Sydney-Hobart,Sydney,Hobart,All Airlines,Nov-10,180,179,1,150,155,29,24,2010,11
Sydney-Launceston,Sydney,Launceston,All Airlines,Nov-10,60,60,0,44,50,16,10,2010,11
Sydney-Melbourne,Sydney,Melbourne,All Airlines,Nov-10,1969,1911,58,1496,1508,415,403,2010,11
Sydney-Perth,Sydney,Perth,All Airlines,Nov-10,406,401,5,330,347,71,54,2010,11
Sydney-Port Macquarie,Sydney,Port Macquarie,All Airlines,Nov-10,193,191,2,159,146,32,45,2010,11
Sydney-Sunshine Coast,Sydney,Sunshine Coast,All Airlines,Nov-10,158,157,1,127,122,30,35,2010,11
Sydney-Townsville,Sydney,Townsville,All Airlines,Nov-10,55,55,0,47,35,8,20,2010,11
Sydney-Wagga Wagga,Sydney,Wagga Wagga,All Airlines,Nov-10,250,248,2,222,202,26,46,2010,11
Townsville-Brisbane,Townsville,Brisbane,All Airlines,Nov-10,330,330,0,298,299,32,31,2010,11
Townsville-Cairns,Townsville,Cairns,All Airlines,Nov-10,200,195,5,145,118,50,77,2010,11
Townsville-Sydney,Townsville,Sydney,All Airlines,Nov-10,56,56,0,41,47,15,9,2010,11
Wagga Wagga-Sydney,Wagga Wagga,Sydney,All Airlines,Nov-10,253,251,2,221,196,30,55,2010,11
Adelaide-Brisbane,Adelaide,Brisbane,All Airlines,Dec-10,236,234,2,202,185,32,49,2010,12
Adelaide-Canberra,Adelaide,Canberra,All Airlines,Dec-10,76,75,1,67,64,8,11,2010,12
Adelaide-Gold Coast,Adelaide,Gold Coast,All Airlines,Dec-10,60,59,1,52,53,7,6,2010,12
Adelaide-Melbourne,Adelaide,Melbourne,All Airlines,Dec-10,754,749,5,614,620,135,129,2010,12
Adelaide-Perth,Adelaide,Perth,All Airlines,Dec-10,212,210,2,177,171,33,39,2010,12
Adelaide-Port Lincoln,Adelaide,Port Lincoln,All Airlines,Dec-10,308,307,1,281,266,26,41,2010,12
Adelaide-Sydney,Adelaide,Sydney,All Airlines,Dec-10,560,557,3,438,418,119,139,2010,12
Albury-Sydney,Albury,Sydney,All Airlines,Dec-10,274,274,0,214,206,60,68,2010,12
Ayers Rock-Sydney,Ayers Rock,Sydney,All Airlines,Dec-10,62,62,0,49,50,13,12,2010,12
Ballina-Sydney,Ballina,Sydney,All Airlines,Dec-10,187,181,6,131,127,50,54,2010,12
Brisbane-Adelaide,Brisbane,Adelaide,All Airlines,Dec-10,236,234,2,183,185,51,49,2010,12
Brisbane-Cairns,Brisbane,Cairns,All Airlines,Dec-10,374,373,1,297,307,76,66,2010,12
Brisbane-Canberra,Brisbane,Canberra,All Airlines,Dec-10,285,283,2,238,240,45,43,2010,12
Brisbane-Darwin,Brisbane,Darwin,All Airlines,Dec-10,62,61,1,46,43,15,18,2010,12
Brisbane-Hamilton Island,Brisbane,Hamilton Island,All Airlines,Dec-10,62,62,0,46,44,16,18,2010,12
Brisbane-Mackay,Brisbane,Mackay,All Airlines,Dec-10,352,350,2,242,232,108,118,2010,12
Brisbane-Melbourne,Brisbane,Melbourne,All Airlines,Dec-10,959,947,12,641,679,306,268,2010,12
Brisbane-Newcastle,Brisbane,Newcastle,All Airlines,Dec-10,242,238,4,170,163,68,75,2010,12
Brisbane-Perth,Brisbane,Perth,All Airlines,Dec-10,185,184,1,125,112,59,72,2010,12
Brisbane-Proserpine,Brisbane,Proserpine,All Airlines,Dec-10,62,62,0,47,45,15,17,2010,12
Brisbane-Rockhampton,Brisbane,Rockhampton,All Airlines,Dec-10,366,363,3,219,204,144,159,2010,12
Brisbane-Sydney,Brisbane,Sydney,All Airlines,Dec-10,1261,1237,24,857,869,380,368,2010,12
Brisbane-Townsville,Brisbane,Townsville,All Airlines,Dec-10,338,335,3,254,250,81,85,2010,12
Broome-Perth,Broome,Perth,All Airlines,Dec-10,133,132,1,102,111,30,21,2010,12
Cairns-Brisbane,Cairns,Brisbane,All Airlines,Dec-10,371,371,0,328,303,43,68,2010,12
Cairns-Melbourne,Cairns,Melbourne,All Airlines,Dec-10,149,148,1,96,110,52,38,2010,12
Cairns-Sydney,Cairns,Sydney,All Airlines,Dec-10,265,263,2,209,207,54,56,2010,12
Cairns-Townsville,Cairns,Townsville,All Airlines,Dec-10,184,182,2,146,137,36,45,2010,12
Canberra-Adelaide,Canberra,Adelaide,All Airlines,Dec-10,80,78,2,59,56,19,22,2010,12
Canberra-Brisbane,Canberra,Brisbane,All Airlines,Dec-10,286,285,1,234,213,51,72,2010,12
Canberra-Melbourne,Canberra,Melbourne,All Airlines,Dec-10,445,436,9,353,349,83,87,2010,12
Canberra-Sydney,Canberra,Sydney,All Airlines,Dec-10,693,677,16,505,481,172,196,2010,12
Coffs Harbour-Sydney,Coffs Harbour,Sydney,All Airlines,Dec-10,208,207,1,134,139,73,68,2010,12
Darwin-Brisbane,Darwin,Brisbane,All Airlines,Dec-10,62,61,1,41,40,20,21,2010,12
Darwin-Melbourne,Darwin,Melbourne,All Airlines,Dec-10,66,66,0,44,39,22,27,2010,12
Darwin-Perth,Darwin,Perth,All Airlines,Dec-10,49,49,0,42,41,7,8,2010,12
Dubbo-Sydney,Dubbo,Sydney,All Airlines,Dec-10,242,242,0,184,167,58,75,2010,12
Gold Coast-Adelaide,Gold Coast,Adelaide,All Airlines,Dec-10,62,61,1,53,54,8,7,2010,12
Gold Coast-Melbourne,Gold Coast,Melbourne,All Airlines,Dec-10,547,524,23,350,355,174,169,2010,12
Gold Coast-Newcastle,Gold Coast,Newcastle,All Airlines,Dec-10,74,73,1,57,57,16,16,2010,12
Gold Coast-Sydney,Gold Coast,Sydney,All Airlines,Dec-10,779,752,27,508,522,244,230,2010,12
Hamilton Island-Brisbane,Hamilton Island,Brisbane,All Airlines,Dec-10,62,61,1,44,44,17,17,2010,12
Hamilton Island-Sydney,Hamilton Island,Sydney,All Airlines,Dec-10,62,60,2,36,38,24,22,2010,12
Hobart-Melbourne,Hobart,Melbourne,All Airlines,Dec-10,408,406,2,299,295,107,111,2010,12
Hobart-Sydney,Hobart,Sydney,All Airlines,Dec-10,218,217,1,172,156,45,61,2010,12
Kalgoorlie-Perth,Kalgoorlie,Perth,All Airlines,Dec-10,98,96,2,82,75,14,21,2010,12
Karratha-Perth,Karratha,Perth,All Airlines,Dec-10,289,282,7,241,239,41,43,2010,12
Launceston-Melbourne,Launceston,Melbourne,All Airlines,Dec-10,362,358,4,259,245,99,113,2010,12
Launceston-Sydney,Launceston,Sydney,All Airlines,Dec-10,92,92,0,66,67,26,25,2010,12
Mackay-Brisbane,Mackay,Brisbane,All Airlines,Dec-10,354,351,3,239,192,112,159,2010,12
Melbourne-Adelaide,Melbourne,Adelaide,All Airlines,Dec-10,757,755,2,617,605,138,150,2010,12
Melbourne-Brisbane,Melbourne,Brisbane,All Airlines,Dec-10,949,934,15,741,672,193,262,2010,12
Melbourne-Cairns,Melbourne,Cairns,All Airlines,Dec-10,148,147,1,109,114,38,33,2010,12
Melbourne-Canberra,Melbourne,Canberra,All Airlines,Dec-10,440,428,12,348,339,80,89,2010,12
Melbourne-Darwin,Melbourne,Darwin,All Airlines,Dec-10,66,66,0,52,49,14,17,2010,12
Melbourne-Gold Coast,Melbourne,Gold Coast,All Airlines,Dec-10,541,531,10,366,341,165,190,2010,12
Melbourne-Hobart,Melbourne,Hobart,All Airlines,Dec-10,408,406,2,285,294,121,112,2010,12
Melbourne-Launceston,Melbourne,Launceston,All Airlines,Dec-10,362,359,3,247,246,112,113,2010,12
Melbourne-Mildura,Melbourne,Mildura,All Airlines,Dec-10,205,204,1,170,165,34,39,2010,12
Melbourne-Newcastle,Melbourne,Newcastle,All Airlines,Dec-10,146,145,1,107,102,38,43,2010,12
Melbourne-Perth,Melbourne,Perth,All Airlines,Dec-10,462,461,1,342,302,119,159,2010,12
Melbourne-Sunshine Coast,Melbourne,Sunshine Coast,All Airlines,Dec-10,154,154,0,114,99,40,55,2010,12
Melbourne-Sydney,Melbourne,Sydney,All Airlines,Dec-10,1971,1921,50,1425,1396,496,525,2010,12
Mildura-Melbourne,Mildura,Melbourne,All Airlines,Dec-10,204,202,2,179,161,23,41,2010,12
Newcastle-Brisbane,Newcastle,Brisbane,All Airlines,Dec-10,242,237,5,163,148,74,89,2010,12
Newcastle-Gold Coast,Newcastle,Gold Coast,All Airlines,Dec-10,73,73,0,49,48,24,25,2010,12
Newcastle-Melbourne,Newcastle,Melbourne,All Airlines,Dec-10,146,146,0,110,112,36,34,2010,12
Newman-Perth,Newman,Perth,All Airlines,Dec-10,121,119,2,105,106,14,13,2010,12
Perth-Adelaide,Perth,Adelaide,All Airlines,Dec-10,213,212,1,162,188,50,24,2010,12
Perth-Brisbane,Perth,Brisbane,All Airlines,Dec-10,185,185,0,128,152,57,33,2010,12
Perth-Broome,Perth,Broome,All Airlines,Dec-10,128,126,2,104,107,22,19,2010,12
Perth-Darwin,Perth,Darwin,All Airlines,Dec-10,49,49,0,41,44,8,5,2010,12
Perth-Kalgoorlie,Perth,Kalgoorlie,All Airlines,Dec-10,98,97,1,85,85,12,12,2010,12
Perth-Karratha,Perth,Karratha,All Airlines,Dec-10,272,266,6,241,239,25,27,2010,12
Perth-Melbourne,Perth,Melbourne,All Airlines,Dec-10,462,461,1,326,371,135,90,2010,12
Perth-Newman,Perth,Newman,All Airlines,Dec-10,117,116,1,107,105,9,11,2010,12
Perth-Port Hedland,Perth,Port Hedland,All Airlines,Dec-10,151,151,0,141,141,10,10,2010,12
Perth-Sydney,Perth,Sydney,All Airlines,Dec-10,431,429,2,331,383,98,46,2010,12
Port Hedland-Perth,Port Hedland,Perth,All Airlines,Dec-10,160,157,3,144,144,13,13,2010,12
Port Lincoln-Adelaide,Port Lincoln,Adelaide,All Airlines,Dec-10,308,307,1,278,272,29,35,2010,12
Port Macquarie-Sydney,Port Macquarie,Sydney,All Airlines,Dec-10,193,190,3,122,115,68,75,2010,12
Proserpine-Brisbane,Proserpine,Brisbane,All Airlines,Dec-10,62,61,1,43,38,18,23,2010,12
Rockhampton-Brisbane,Rockhampton,Brisbane,All Airlines,Dec-10,341,336,5,194,178,142,158,2010,12
Sunshine Coast-Melbourne,Sunshine Coast,Melbourne,All Airlines,Dec-10,157,153,4,77,95,76,58,2010,12
Sunshine Coast-Sydney,Sunshine Coast,Sydney,All Airlines,Dec-10,180,171,9,109,123,62,48,2010,12
Sydney-Adelaide,Sydney,Adelaide,All Airlines,Dec-10,555,554,1,427,414,127,140,2010,12
Sydney-Albury,Sydney,Albury,All Airlines,Dec-10,272,272,0,204,196,68,76,2010,12
Sydney-Ayers Rock,Sydney,Ayers Rock,All Airlines,Dec-10,63,63,0,51,49,12,14,2010,12
Sydney-Ballina,Sydney,Ballina,All Airlines,Dec-10,184,184,0,147,135,37,49,2010,12
Sydney-Brisbane,Sydney,Brisbane,All Airlines,Dec-10,1258,1233,25,898,807,335,426,2010,12
Sydney-Cairns,Sydney,Cairns,All Airlines,Dec-10,265,265,0,199,200,66,65,2010,12
Sydney-Canberra,Sydney,Canberra,All Airlines,Dec-10,700,684,16,516,488,168,196,2010,12
Sydney-Coffs Harbour,Sydney,Coffs Harbour,All Airlines,Dec-10,207,207,0,145,131,62,76,2010,12
Sydney-Dubbo,Sydney,Dubbo,All Airlines,Dec-10,244,244,0,188,175,56,69,2010,12
Sydney-Gold Coast,Sydney,Gold Coast,All Airlines,Dec-10,769,755,14,544,508,211,247,2010,12
Sydney-Hamilton Island,Sydney,Hamilton Island,All Airlines,Dec-10,58,58,0,41,38,17,20,2010,12
Sydney-Hobart,Sydney,Hobart,All Airlines,Dec-10,217,217,0,169,182,48,35,2010,12
Sydney-Launceston,Sydney,Launceston,All Airlines,Dec-10,92,92,0,74,74,18,18,2010,12
Sydney-Melbourne,Sydney,Melbourne,All Airlines,Dec-10,1964,1913,51,1445,1389,468,524,2010,12
Sydney-Perth,Sydney,Perth,All Airlines,Dec-10,429,429,0,331,279,98,150,2010,12
Sydney-Port Macquarie,Sydney,Port Macquarie,All Airlines,Dec-10,192,191,1,128,121,63,70,2010,12
Sydney-Sunshine Coast,Sydney,Sunshine Coast,All Airlines,Dec-10,174,172,2,135,125,37,47,2010,12
Sydney-Townsville,Sydney,Townsville,All Airlines,Dec-10,60,60,0,40,35,20,25,2010,12
Sydney-Wagga Wagga,Sydney,Wagga Wagga,All Airlines,Dec-10,221,221,0,174,149,47,72,2010,12
Townsville-Brisbane,Townsville,Brisbane,All Airlines,Dec-10,339,336,3,267,241,69,95,2010,12
Townsville-Cairns,Townsville,Cairns,All Airlines,Dec-10,186,185,1,121,111,64,74,2010,12
Townsville-Sydney,Townsville,Sydney,All Airlines,Dec-10,59,59,0,34,39,25,20,2010,12
Wagga Wagga-Sydney,Wagga Wagga,Sydney,All Airlines,Dec-10,221,221,0,184,165,37,56,2010,12
Adelaide-Brisbane,Adelaide,Brisbane,All Airlines,Jan-11,226,225,1,204,193,21,32,2011,1
Adelaide-Canberra,Adelaide,Canberra,All Airlines,Jan-11,63,63,0,56,57,7,6,2011,1
Adelaide-Gold Coast,Adelaide,Gold Coast,All Airlines,Jan-11,62,62,0,56,53,6,9,2011,1
Adelaide-Melbourne,Adelaide,Melbourne,All Airlines,Jan-11,749,745,4,633,616,112,129,2011,1
Adelaide-Perth,Adelaide,Perth,All Airlines,Jan-11,212,211,1,193,200,18,11,2011,1
Adelaide-Port Lincoln,Adelaide,Port Lincoln,All Airlines,Jan-11,278,278,0,262,261,16,17,2011,1
Adelaide-Sydney,Adelaide,Sydney,All Airlines,Jan-11,554,552,2,484,470,68,82,2011,1
Albury-Sydney,Albury,Sydney,All Airlines,Jan-11,214,213,1,175,163,38,50,2011,1
Ayers Rock-Sydney,Ayers Rock,Sydney,All Airlines,Jan-11,62,62,0,59,60,3,2,2011,1
Ballina-Sydney,Ballina,Sydney,All Airlines,Jan-11,161,159,2,123,130,36,29,2011,1
Brisbane-Adelaide,Brisbane,Adelaide,All Airlines,Jan-11,226,226,0,200,211,26,15,2011,1
Brisbane-Cairns,Brisbane,Cairns,All Airlines,Jan-11,381,378,3,317,340,61,38,2011,1
Brisbane-Canberra,Brisbane,Canberra,All Airlines,Jan-11,280,276,4,251,253,25,23,2011,1
Brisbane-Darwin,Brisbane,Darwin,All Airlines,Jan-11,62,62,0,52,56,10,6,2011,1
Brisbane-Hamilton Island,Brisbane,Hamilton Island,All Airlines,Jan-11,62,62,0,50,53,12,9,2011,1
Brisbane-Mackay,Brisbane,Mackay,All Airlines,Jan-11,350,349,1,245,252,104,97,2011,1
Brisbane-Melbourne,Brisbane,Melbourne,All Airlines,Jan-11,925,897,28,686,723,211,174,2011,1
Brisbane-Newcastle,Brisbane,Newcastle,All Airlines,Jan-11,212,207,5,154,152,53,55,2011,1
Brisbane-Perth,Brisbane,Perth,All Airlines,Jan-11,183,183,0,150,166,33,17,2011,1
Brisbane-Proserpine,Brisbane,Proserpine,All Airlines,Jan-11,61,60,1,48,54,12,6,2011,1
Brisbane-Rockhampton,Brisbane,Rockhampton,All Airlines,Jan-11,216,74,142,57,58,17,16,2011,1
Brisbane-Sydney,Brisbane,Sydney,All Airlines,Jan-11,1223,1195,28,967,967,228,228,2011,1
Brisbane-Townsville,Brisbane,Townsville,All Airlines,Jan-11,300,299,1,251,255,48,44,2011,1
Broome-Perth,Broome,Perth,All Airlines,Jan-11,128,121,7,93,101,28,20,2011,1
Cairns-Brisbane,Cairns,Brisbane,All Airlines,Jan-11,382,379,3,352,325,27,54,2011,1
Cairns-Melbourne,Cairns,Melbourne,All Airlines,Jan-11,145,144,1,99,97,45,47,2011,1
Cairns-Sydney,Cairns,Sydney,All Airlines,Jan-11,261,261,0,221,201,40,60,2011,1
Cairns-Townsville,Cairns,Townsville,All Airlines,Jan-11,168,167,1,137,130,30,37,2011,1
Canberra-Adelaide,Canberra,Adelaide,All Airlines,Jan-11,68,68,0,62,63,6,5,2011,1
Canberra-Brisbane,Canberra,Brisbane,All Airlines,Jan-11,281,276,5,256,250,20,26,2011,1
Canberra-Melbourne,Canberra,Melbourne,All Airlines,Jan-11,414,413,1,365,353,48,60,2011,1
Canberra-Sydney,Canberra,Sydney,All Airlines,Jan-11,599,577,22,506,488,71,89,2011,1
Coffs Harbour-Sydney,Coffs Harbour,Sydney,All Airlines,Jan-11,209,209,0,165,168,44,41,2011,1
Darwin-Brisbane,Darwin,Brisbane,All Airlines,Jan-11,62,61,1,51,39,10,22,2011,1
Darwin-Melbourne,Darwin,Melbourne,All Airlines,Jan-11,65,62,3,57,39,5,23,2011,1
Darwin-Perth,Darwin,Perth,All Airlines,Jan-11,49,49,0,37,41,12,8,2011,1
Dubbo-Sydney,Dubbo,Sydney,All Airlines,Jan-11,193,193,0,164,157,29,36,2011,1
Gold Coast-Adelaide,Gold Coast,Adelaide,All Airlines,Jan-11,62,62,0,54,56,8,6,2011,1
Gold Coast-Melbourne,Gold Coast,Melbourne,All Airlines,Jan-11,592,584,8,398,434,186,150,2011,1
Gold Coast-Newcastle,Gold Coast,Newcastle,All Airlines,Jan-11,76,76,0,58,61,18,15,2011,1
Gold Coast-Sydney,Gold Coast,Sydney,All Airlines,Jan-11,836,821,15,583,618,238,203,2011,1
Hamilton Island-Brisbane,Hamilton Island,Brisbane,All Airlines,Jan-11,62,62,0,49,46,13,16,2011,1
Hamilton Island-Sydney,Hamilton Island,Sydney,All Airlines,Jan-11,62,62,0,53,54,9,8,2011,1
Hobart-Melbourne,Hobart,Melbourne,All Airlines,Jan-11,456,451,5,289,278,162,173,2011,1
Hobart-Sydney,Hobart,Sydney,All Airlines,Jan-11,217,215,2,180,175,35,40,2011,1
Kalgoorlie-Perth,Kalgoorlie,Perth,All Airlines,Jan-11,105,104,1,89,85,15,19,2011,1
Karratha-Perth,Karratha,Perth,All Airlines,Jan-11,294,280,14,224,222,56,58,2011,1
Launceston-Melbourne,Launceston,Melbourne,All Airlines,Jan-11,364,361,3,253,216,108,145,2011,1
Launceston-Sydney,Launceston,Sydney,All Airlines,Jan-11,93,93,0,82,81,11,12,2011,1
Mackay-Brisbane,Mackay,Brisbane,All Airlines,Jan-11,343,340,3,246,218,94,122,2011,1
Melbourne-Adelaide,Melbourne,Adelaide,All Airlines,Jan-11,749,749,0,633,608,116,141,2011,1
Melbourne-Brisbane,Melbourne,Brisbane,All Airlines,Jan-11,920,894,26,725,696,169,198,2011,1
Melbourne-Cairns,Melbourne,Cairns,All Airlines,Jan-11,145,144,1,105,115,39,29,2011,1
Melbourne-Canberra,Melbourne,Canberra,All Airlines,Jan-11,407,406,1,334,324,72,82,2011,1
Melbourne-Darwin,Melbourne,Darwin,All Airlines,Jan-11,64,63,1,44,44,19,19,2011,1
Melbourne-Gold Coast,Melbourne,Gold Coast,All Airlines,Jan-11,587,583,4,417,372,166,211,2011,1
Melbourne-Hobart,Melbourne,Hobart,All Airlines,Jan-11,456,452,4,317,326,135,126,2011,1
Melbourne-Launceston,Melbourne,Launceston,All Airlines,Jan-11,361,358,3,251,253,107,105,2011,1
Melbourne-Mildura,Melbourne,Mildura,All Airlines,Jan-11,181,181,0,138,128,43,53,2011,1
Melbourne-Newcastle,Melbourne,Newcastle,All Airlines,Jan-11,156,155,1,106,102,49,53,2011,1
Melbourne-Perth,Melbourne,Perth,All Airlines,Jan-11,458,455,3,352,316,103,139,2011,1
Melbourne-Sunshine Coast,Melbourne,Sunshine Coast,All Airlines,Jan-11,165,163,2,103,88,60,75,2011,1
Melbourne-Sydney,Melbourne,Sydney,All Airlines,Jan-11,1924,1884,40,1510,1460,374,424,2011,1
Mildura-Melbourne,Mildura,Melbourne,All Airlines,Jan-11,181,181,0,151,139,30,42,2011,1
Newcastle-Brisbane,Newcastle,Brisbane,All Airlines,Jan-11,209,205,4,146,142,59,63,2011,1
Newcastle-Gold Coast,Newcastle,Gold Coast,All Airlines,Jan-11,76,76,0,53,53,23,23,2011,1
Newcastle-Melbourne,Newcastle,Melbourne,All Airlines,Jan-11,157,157,0,110,118,47,39,2011,1
Newman-Perth,Newman,Perth,All Airlines,Jan-11,126,125,1,108,107,17,18,2011,1
Perth-Adelaide,Perth,Adelaide,All Airlines,Jan-11,211,210,1,163,170,47,40,2011,1
Perth-Brisbane,Perth,Brisbane,All Airlines,Jan-11,183,183,0,156,148,27,35,2011,1
Perth-Broome,Perth,Broome,All Airlines,Jan-11,124,119,5,105,101,14,18,2011,1
Perth-Darwin,Perth,Darwin,All Airlines,Jan-11,49,49,0,38,34,11,15,2011,1
Perth-Kalgoorlie,Perth,Kalgoorlie,All Airlines,Jan-11,100,99,1,90,88,9,11,2011,1
Perth-Karratha,Perth,Karratha,All Airlines,Jan-11,300,289,11,240,234,49,55,2011,1
Perth-Melbourne,Perth,Melbourne,All Airlines,Jan-11,461,457,4,340,361,117,96,2011,1
Perth-Newman,Perth,Newman,All Airlines,Jan-11,123,120,3,102,97,18,23,2011,1
Perth-Port Hedland,Perth,Port Hedland,All Airlines,Jan-11,165,157,8,138,133,19,24,2011,1
Perth-Sydney,Perth,Sydney,All Airlines,Jan-11,419,416,3,356,381,60,35,2011,1
Port Hedland-Perth,Port Hedland,Perth,All Airlines,Jan-11,161,154,7,130,129,24,25,2011,1
Port Lincoln-Adelaide,Port Lincoln,Adelaide,All Airlines,Jan-11,277,277,0,262,258,15,19,2011,1
Port Macquarie-Sydney,Port Macquarie,Sydney,All Airlines,Jan-11,170,169,1,136,130,33,39,2011,1
Proserpine-Brisbane,Proserpine,Brisbane,All Airlines,Jan-11,62,61,1,49,45,12,16,2011,1
Rockhampton-Brisbane,Rockhampton,Brisbane,All Airlines,Jan-11,209,67,142,50,48,17,19,2011,1
Sunshine Coast-Melbourne,Sunshine Coast,Melbourne,All Airlines,Jan-11,164,163,1,78,88,85,75,2011,1
Sunshine Coast-Sydney,Sunshine Coast,Sydney,All Airlines,Jan-11,191,190,1,146,155,44,35,2011,1
Sydney-Adelaide,Sydney,Adelaide,All Airlines,Jan-11,546,544,2,454,471,90,73,2011,1
Sydney-Albury,Sydney,Albury,All Airlines,Jan-11,214,214,0,184,178,30,36,2011,1
Sydney-Ayers Rock,Sydney,Ayers Rock,All Airlines,Jan-11,62,62,0,57,59,5,3,2011,1
Sydney-Ballina,Sydney,Ballina,All Airlines,Jan-11,161,160,1,144,139,16,21,2011,1
Sydney-Brisbane,Sydney,Brisbane,All Airlines,Jan-11,1223,1197,26,974,937,223,260,2011,1
Sydney-Cairns,Sydney,Cairns,All Airlines,Jan-11,260,260,0,205,232,55,28,2011,1
Sydney-Canberra,Sydney,Canberra,All Airlines,Jan-11,611,593,18,504,505,89,88,2011,1
Sydney-Coffs Harbour,Sydney,Coffs Harbour,All Airlines,Jan-11,209,209,0,172,169,37,40,2011,1
Sydney-Dubbo,Sydney,Dubbo,All Airlines,Jan-11,195,195,0,169,173,26,22,2011,1
Sydney-Gold Coast,Sydney,Gold Coast,All Airlines,Jan-11,834,816,18,629,624,187,192,2011,1
Sydney-Hamilton Island,Sydney,Hamilton Island,All Airlines,Jan-11,62,62,0,55,56,7,6,2011,1
Sydney-Hobart,Sydney,Hobart,All Airlines,Jan-11,216,214,2,174,181,40,33,2011,1
Sydney-Launceston,Sydney,Launceston,All Airlines,Jan-11,93,93,0,84,86,9,7,2011,1
Sydney-Melbourne,Sydney,Melbourne,All Airlines,Jan-11,1915,1882,33,1503,1444,379,438,2011,1
Sydney-Perth,Sydney,Perth,All Airlines,Jan-11,421,418,3,340,361,78,57,2011,1
Sydney-Port Macquarie,Sydney,Port Macquarie,All Airlines,Jan-11,170,170,0,126,134,44,36,2011,1
Sydney-Sunshine Coast,Sydney,Sunshine Coast,All Airlines,Jan-11,190,190,0,154,160,36,30,2011,1
Sydney-Townsville,Sydney,Townsville,All Airlines,Jan-11,61,61,0,49,52,12,9,2011,1
Sydney-Wagga Wagga,Sydney,Wagga Wagga,All Airlines,Jan-11,174,174,0,150,140,24,34,2011,1
Townsville-Brisbane,Townsville,Brisbane,All Airlines,Jan-11,300,300,0,250,234,50,66,2011,1
Townsville-Cairns,Townsville,Cairns,All Airlines,Jan-11,166,165,1,132,128,33,37,2011,1
Townsville-Sydney,Townsville,Sydney,All Airlines,Jan-11,61,61,0,47,44,14,17,2011,1
Wagga Wagga-Sydney,Wagga Wagga,Sydney,All Airlines,Jan-11,172,172,0,149,139,23,33,2011,1
Adelaide-Brisbane,Adelaide,Brisbane,All Airlines,Feb-11,204,204,0,183,172,21,32,2011,2
Adelaide-Canberra,Adelaide,Canberra,All Airlines,Feb-11,72,71,1,59,59,12,12,2011,2
Adelaide-Gold Coast,Adelaide,Gold Coast,All Airlines,Feb-11,56,56,0,50,50,6,6,2011,2
Adelaide-Melbourne,Adelaide,Melbourne,All Airlines,Feb-11,626,624,2,491,490,133,134,2011,2
Adelaide-Perth,Adelaide,Perth,All Airlines,Feb-11,191,189,2,153,162,36,27,2011,2
Adelaide-Port Lincoln,Adelaide,Port Lincoln,All Airlines,Feb-11,268,268,0,253,241,15,27,2011,2
Adelaide-Sydney,Adelaide,Sydney,All Airlines,Feb-11,486,482,4,371,358,111,124,2011,2
Albury-Sydney,Albury,Sydney,All Airlines,Feb-11,245,245,0,171,165,74,80,2011,2
Ayers Rock-Sydney,Ayers Rock,Sydney,All Airlines,Feb-11,56,56,0,45,46,11,10,2011,2
Ballina-Sydney,Ballina,Sydney,All Airlines,Feb-11,130,130,0,82,81,48,49,2011,2
Brisbane-Adelaide,Brisbane,Adelaide,All Airlines,Feb-11,204,203,1,169,180,34,23,2011,2
Brisbane-Cairns,Brisbane,Cairns,All Airlines,Feb-11,332,307,25,242,266,65,41,2011,2
Brisbane-Canberra,Brisbane,Canberra,All Airlines,Feb-11,259,252,7,215,216,37,36,2011,2
Brisbane-Darwin,Brisbane,Darwin,All Airlines,Feb-11,56,52,4,44,45,8,7,2011,2
Brisbane-Hamilton Island,Brisbane,Hamilton Island,All Airlines,Feb-11,50,47,3,40,41,7,6,2011,2
Brisbane-Mackay,Brisbane,Mackay,All Airlines,Feb-11,313,304,9,226,236,78,68,2011,2
Brisbane-Melbourne,Brisbane,Melbourne,All Airlines,Feb-11,787,767,20,566,606,201,161,2011,2
Brisbane-Newcastle,Brisbane,Newcastle,All Airlines,Feb-11,215,213,2,164,162,49,51,2011,2
Brisbane-Perth,Brisbane,Perth,All Airlines,Feb-11,192,190,2,140,167,50,23,2011,2
Brisbane-Proserpine,Brisbane,Proserpine,All Airlines,Feb-11,57,53,4,40,42,13,11,2011,2
Brisbane-Rockhampton,Brisbane,Rockhampton,All Airlines,Feb-11,330,322,8,242,249,80,73,2011,2
Brisbane-Sydney,Brisbane,Sydney,All Airlines,Feb-11,1196,1156,40,807,784,349,372,2011,2
Brisbane-Townsville,Brisbane,Townsville,All Airlines,Feb-11,291,269,22,212,229,57,40,2011,2
Broome-Perth,Broome,Perth,All Airlines,Feb-11,105,102,3,68,70,34,32,2011,2
Cairns-Brisbane,Cairns,Brisbane,All Airlines,Feb-11,329,305,24,268,225,37,80,2011,2
Cairns-Melbourne,Cairns,Melbourne,All Airlines,Feb-11,117,109,8,70,68,39,41,2011,2
Cairns-Sydney,Cairns,Sydney,All Airlines,Feb-11,206,191,15,154,131,37,60,2011,2
Cairns-Townsville,Cairns,Townsville,All Airlines,Feb-11,192,175,17,139,121,36,54,2011,2
Canberra-Adelaide,Canberra,Adelaide,All Airlines,Feb-11,76,75,1,55,63,20,12,2011,2
Canberra-Brisbane,Canberra,Brisbane,All Airlines,Feb-11,259,251,8,221,214,30,37,2011,2
Canberra-Melbourne,Canberra,Melbourne,All Airlines,Feb-11,452,443,9,356,349,87,94,2011,2
Canberra-Sydney,Canberra,Sydney,All Airlines,Feb-11,721,700,21,557,517,143,183,2011,2
Coffs Harbour-Sydney,Coffs Harbour,Sydney,All Airlines,Feb-11,188,187,1,140,134,47,53,2011,2
Darwin-Brisbane,Darwin,Brisbane,All Airlines,Feb-11,56,52,4,41,33,11,19,2011,2
Darwin-Melbourne,Darwin,Melbourne,All Airlines,Feb-11,33,30,3,25,19,5,11,2011,2
Darwin-Perth,Darwin,Perth,All Airlines,Feb-11,44,41,3,31,33,10,8,2011,2
Dubbo-Sydney,Dubbo,Sydney,All Airlines,Feb-11,219,218,1,157,136,61,82,2011,2
Gold Coast-Adelaide,Gold Coast,Adelaide,All Airlines,Feb-11,56,56,0,45,50,11,6,2011,2
Gold Coast-Melbourne,Gold Coast,Melbourne,All Airlines,Feb-11,391,388,3,267,291,121,97,2011,2
Gold Coast-Newcastle,Gold Coast,Newcastle,All Airlines,Feb-11,40,40,0,29,26,11,14,2011,2
Gold Coast-Sydney,Gold Coast,Sydney,All Airlines,Feb-11,572,569,3,331,343,238,226,2011,2
Hamilton Island-Brisbane,Hamilton Island,Brisbane,All Airlines,Feb-11,50,47,3,41,39,6,8,2011,2
Hamilton Island-Sydney,Hamilton Island,Sydney,All Airlines,Feb-11,55,51,4,31,31,20,20,2011,2
Hobart-Melbourne,Hobart,Melbourne,All Airlines,Feb-11,365,364,1,227,224,137,140,2011,2
Hobart-Sydney,Hobart,Sydney,All Airlines,Feb-11,186,186,0,115,115,71,71,2011,2
Kalgoorlie-Perth,Kalgoorlie,Perth,All Airlines,Feb-11,96,96,0,78,74,18,22,2011,2
Karratha-Perth,Karratha,Perth,All Airlines,Feb-11,266,247,19,191,191,56,56,2011,2
Launceston-Melbourne,Launceston,Melbourne,All Airlines,Feb-11,306,303,3,202,185,101,118,2011,2
Launceston-Sydney,Launceston,Sydney,All Airlines,Feb-11,76,76,0,52,52,24,24,2011,2
Mackay-Brisbane,Mackay,Brisbane,All Airlines,Feb-11,313,304,9,246,215,58,89,2011,2
Melbourne-Adelaide,Melbourne,Adelaide,All Airlines,Feb-11,627,626,1,516,464,110,162,2011,2
Melbourne-Brisbane,Melbourne,Brisbane,All Airlines,Feb-11,788,766,22,636,580,130,186,2011,2
Melbourne-Cairns,Melbourne,Cairns,All Airlines,Feb-11,118,110,8,82,82,28,28,2011,2
Melbourne-Canberra,Melbourne,Canberra,All Airlines,Feb-11,448,438,10,346,329,92,109,2011,2
Melbourne-Darwin,Melbourne,Darwin,All Airlines,Feb-11,33,30,3,25,28,5,2,2011,2
Melbourne-Gold Coast,Melbourne,Gold Coast,All Airlines,Feb-11,394,392,2,287,262,105,130,2011,2
Melbourne-Hobart,Melbourne,Hobart,All Airlines,Feb-11,365,364,1,254,246,110,118,2011,2
Melbourne-Launceston,Melbourne,Launceston,All Airlines,Feb-11,306,304,2,207,198,97,106,2011,2
Melbourne-Mildura,Melbourne,Mildura,All Airlines,Feb-11,185,185,0,147,120,38,65,2011,2
Melbourne-Newcastle,Melbourne,Newcastle,All Airlines,Feb-11,114,113,1,76,66,37,47,2011,2
Melbourne-Perth,Melbourne,Perth,All Airlines,Feb-11,394,392,2,313,282,79,110,2011,2
Melbourne-Sunshine Coast,Melbourne,Sunshine Coast,All Airlines,Feb-11,103,103,0,74,59,29,44,2011,2
Melbourne-Sydney,Melbourne,Sydney,All Airlines,Feb-11,1804,1749,55,1253,1090,496,659,2011,2
Mildura-Melbourne,Mildura,Melbourne,All Airlines,Feb-11,188,186,2,140,131,46,55,2011,2
Newcastle-Brisbane,Newcastle,Brisbane,All Airlines,Feb-11,215,212,3,159,157,53,55,2011,2
Newcastle-Gold Coast,Newcastle,Gold Coast,All Airlines,Feb-11,40,40,0,25,24,15,16,2011,2
Newcastle-Melbourne,Newcastle,Melbourne,All Airlines,Feb-11,112,112,0,82,85,30,27,2011,2
Newman-Perth,Newman,Perth,All Airlines,Feb-11,116,116,0,100,100,16,16,2011,2
Perth-Adelaide,Perth,Adelaide,All Airlines,Feb-11,191,188,3,143,145,45,43,2011,2
Perth-Brisbane,Perth,Brisbane,All Airlines,Feb-11,193,192,1,168,131,24,61,2011,2
Perth-Broome,Perth,Broome,All Airlines,Feb-11,99,97,2,78,71,19,26,2011,2
Perth-Darwin,Perth,Darwin,All Airlines,Feb-11,44,41,3,38,31,3,10,2011,2
Perth-Kalgoorlie,Perth,Kalgoorlie,All Airlines,Feb-11,92,92,0,77,75,15,17,2011,2
Perth-Karratha,Perth,Karratha,All Airlines,Feb-11,264,253,11,207,198,46,55,2011,2
Perth-Melbourne,Perth,Melbourne,All Airlines,Feb-11,394,392,2,297,290,95,102,2011,2
Perth-Newman,Perth,Newman,All Airlines,Feb-11,117,115,2,106,103,9,12,2011,2
Perth-Port Hedland,Perth,Port Hedland,All Airlines,Feb-11,151,144,7,117,107,27,37,2011,2
Perth-Sydney,Perth,Sydney,All Airlines,Feb-11,375,371,4,319,331,52,40,2011,2
Port Hedland-Perth,Port Hedland,Perth,All Airlines,Feb-11,148,143,5,105,106,38,37,2011,2
Port Lincoln-Adelaide,Port Lincoln,Adelaide,All Airlines,Feb-11,269,269,0,249,247,20,22,2011,2
Port Macquarie-Sydney,Port Macquarie,Sydney,All Airlines,Feb-11,180,178,2,147,136,31,42,2011,2
Proserpine-Brisbane,Proserpine,Brisbane,All Airlines,Feb-11,57,53,4,44,40,9,13,2011,2
Rockhampton-Brisbane,Rockhampton,Brisbane,All Airlines,Feb-11,310,300,10,234,223,66,77,2011,2
Sunshine Coast-Melbourne,Sunshine Coast,Melbourne,All Airlines,Feb-11,104,101,3,54,65,47,36,2011,2
Sunshine Coast-Sydney,Sunshine Coast,Sydney,All Airlines,Feb-11,156,154,2,123,120,31,34,2011,2
Sydney-Adelaide,Sydney,Adelaide,All Airlines,Feb-11,482,480,2,375,381,105,99,2011,2
Sydney-Albury,Sydney,Albury,All Airlines,Feb-11,245,245,0,184,183,61,62,2011,2
Sydney-Ayers Rock,Sydney,Ayers Rock,All Airlines,Feb-11,56,56,0,39,45,17,11,2011,2
Sydney-Ballina,Sydney,Ballina,All Airlines,Feb-11,129,129,0,101,98,28,31,2011,2
Sydney-Brisbane,Sydney,Brisbane,All Airlines,Feb-11,1193,1160,33,808,791,352,369,2011,2
Sydney-Cairns,Sydney,Cairns,All Airlines,Feb-11,208,194,14,155,164,39,30,2011,2
Sydney-Canberra,Sydney,Canberra,All Airlines,Feb-11,729,710,19,560,551,150,159,2011,2
Sydney-Coffs Harbour,Sydney,Coffs Harbour,All Airlines,Feb-11,188,187,1,153,150,34,37,2011,2
Sydney-Dubbo,Sydney,Dubbo,All Airlines,Feb-11,220,220,0,169,169,51,51,2011,2
Sydney-Gold Coast,Sydney,Gold Coast,All Airlines,Feb-11,571,569,2,388,382,181,187,2011,2
Sydney-Hamilton Island,Sydney,Hamilton Island,All Airlines,Feb-11,56,52,4,32,36,20,16,2011,2
Sydney-Hobart,Sydney,Hobart,All Airlines,Feb-11,186,185,1,140,146,45,39,2011,2
Sydney-Launceston,Sydney,Launceston,All Airlines,Feb-11,75,75,0,66,63,9,12,2011,2
Sydney-Melbourne,Sydney,Melbourne,All Airlines,Feb-11,1797,1748,49,1250,1162,498,586,2011,2
Sydney-Perth,Sydney,Perth,All Airlines,Feb-11,373,371,2,295,324,76,47,2011,2
Sydney-Port Macquarie,Sydney,Port Macquarie,All Airlines,Feb-11,181,179,2,147,146,32,33,2011,2
Sydney-Sunshine Coast,Sydney,Sunshine Coast,All Airlines,Feb-11,156,156,0,126,125,30,31,2011,2
Sydney-Townsville,Sydney,Townsville,All Airlines,Feb-11,51,48,3,30,36,18,12,2011,2
Sydney-Wagga Wagga,Sydney,Wagga Wagga,All Airlines,Feb-11,202,202,0,166,156,36,46,2011,2
Townsville-Brisbane,Townsville,Brisbane,All Airlines,Feb-11,291,269,22,240,212,29,57,2011,2
Townsville-Cairns,Townsville,Cairns,All Airlines,Feb-11,192,172,20,128,110,44,62,2011,2
Townsville-Sydney,Townsville,Sydney,All Airlines,Feb-11,52,49,3,34,33,15,16,2011,2
Wagga Wagga-Sydney,Wagga Wagga,Sydney,All Airlines,Feb-11,203,203,0,161,148,42,55,2011,2
Adelaide-Brisbane,Adelaide,Brisbane,All Airlines,Mar-11,231,230,1,207,204,23,26,2011,3
Adelaide-Canberra,Adelaide,Canberra,All Airlines,Mar-11,81,81,0,65,66,16,15,2011,3
Adelaide-Gold Coast,Adelaide,Gold Coast,All Airlines,Mar-11,62,61,1,59,60,2,1,2011,3
Adelaide-Melbourne,Adelaide,Melbourne,All Airlines,Mar-11,752,747,5,606,596,141,151,2011,3
Adelaide-Perth,Adelaide,Perth,All Airlines,Mar-11,214,214,0,183,192,31,22,2011,3
Adelaide-Port Lincoln,Adelaide,Port Lincoln,All Airlines,Mar-11,317,314,3,289,286,25,28,2011,3
Adelaide-Sydney,Adelaide,Sydney,All Airlines,Mar-11,546,544,2,455,433,89,111,2011,3
Albury-Sydney,Albury,Sydney,All Airlines,Mar-11,298,298,0,230,211,68,87,2011,3
Ayers Rock-Sydney,Ayers Rock,Sydney,All Airlines,Mar-11,62,61,1,50,53,11,8,2011,3
Ballina-Sydney,Ballina,Sydney,All Airlines,Mar-11,144,144,0,92,90,52,54,2011,3
Brisbane-Adelaide,Brisbane,Adelaide,All Airlines,Mar-11,231,230,1,196,201,34,29,2011,3
Brisbane-Cairns,Brisbane,Cairns,All Airlines,Mar-11,341,340,1,288,306,52,34,2011,3
Brisbane-Canberra,Brisbane,Canberra,All Airlines,Mar-11,283,282,1,254,253,28,29,2011,3
Brisbane-Darwin,Brisbane,Darwin,All Airlines,Mar-11,62,62,0,50,54,12,8,2011,3
Brisbane-Hamilton Island,Brisbane,Hamilton Island,All Airlines,Mar-11,53,52,1,47,45,5,7,2011,3
Brisbane-Mackay,Brisbane,Mackay,All Airlines,Mar-11,340,340,0,260,256,80,84,2011,3
Brisbane-Melbourne,Brisbane,Melbourne,All Airlines,Mar-11,893,882,11,715,678,167,204,2011,3
Brisbane-Newcastle,Brisbane,Newcastle,All Airlines,Mar-11,244,242,2,195,180,47,62,2011,3
Brisbane-Perth,Brisbane,Perth,All Airlines,Mar-11,212,212,0,168,185,44,27,2011,3
Brisbane-Proserpine,Brisbane,Proserpine,All Airlines,Mar-11,62,57,5,43,45,14,12,2011,3
Brisbane-Rockhampton,Brisbane,Rockhampton,All Airlines,Mar-11,371,370,1,275,276,95,94,2011,3
Brisbane-Sydney,Brisbane,Sydney,All Airlines,Mar-11,1324,1299,25,972,898,327,401,2011,3
Brisbane-Townsville,Brisbane,Townsville,All Airlines,Mar-11,326,325,1,266,289,59,36,2011,3
Broome-Perth,Broome,Perth,All Airlines,Mar-11,125,124,1,106,112,18,12,2011,3
Cairns-Brisbane,Cairns,Brisbane,All Airlines,Mar-11,341,339,2,322,306,17,33,2011,3
Cairns-Melbourne,Cairns,Melbourne,All Airlines,Mar-11,123,123,0,87,88,36,35,2011,3
Cairns-Sydney,Cairns,Sydney,All Airlines,Mar-11,226,224,2,184,168,40,56,2011,3
Cairns-Townsville,Cairns,Townsville,All Airlines,Mar-11,218,215,3,173,144,42,71,2011,3
Canberra-Adelaide,Canberra,Adelaide,All Airlines,Mar-11,85,85,0,71,70,14,15,2011,3
Canberra-Brisbane,Canberra,Brisbane,All Airlines,Mar-11,283,281,2,249,243,32,38,2011,3
Canberra-Melbourne,Canberra,Melbourne,All Airlines,Mar-11,516,512,4,441,411,71,101,2011,3
Canberra-Sydney,Canberra,Sydney,All Airlines,Mar-11,799,785,14,649,591,136,194,2011,3
Coffs Harbour-Sydney,Coffs Harbour,Sydney,All Airlines,Mar-11,209,209,0,143,148,66,61,2011,3
Darwin-Brisbane,Darwin,Brisbane,All Airlines,Mar-11,62,62,0,53,47,9,15,2011,3
Darwin-Melbourne,Darwin,Melbourne,All Airlines,Mar-11,39,39,0,35,31,4,8,2011,3
Darwin-Perth,Darwin,Perth,All Airlines,Mar-11,50,50,0,43,48,7,2,2011,3
Dubbo-Sydney,Dubbo,Sydney,All Airlines,Mar-11,296,295,1,237,203,58,92,2011,3
Gold Coast-Adelaide,Gold Coast,Adelaide,All Airlines,Mar-11,62,62,0,58,58,4,4,2011,3
Gold Coast-Melbourne,Gold Coast,Melbourne,All Airlines,Mar-11,453,450,3,338,326,112,124,2011,3
Gold Coast-Newcastle,Gold Coast,Newcastle,All Airlines,Mar-11,43,43,0,35,37,8,6,2011,3
Gold Coast-Sydney,Gold Coast,Sydney,All Airlines,Mar-11,673,665,8,470,453,195,212,2011,3
Hamilton Island-Brisbane,Hamilton Island,Brisbane,All Airlines,Mar-11,55,52,3,44,44,8,8,2011,3
Hamilton Island-Sydney,Hamilton Island,Sydney,All Airlines,Mar-11,62,61,1,43,42,18,19,2011,3
Hobart-Melbourne,Hobart,Melbourne,All Airlines,Mar-11,385,385,0,259,255,126,130,2011,3
Hobart-Sydney,Hobart,Sydney,All Airlines,Mar-11,187,187,0,141,142,46,45,2011,3
Kalgoorlie-Perth,Kalgoorlie,Perth,All Airlines,Mar-11,104,102,2,86,84,16,18,2011,3
Karratha-Perth,Karratha,Perth,All Airlines,Mar-11,293,289,4,245,251,44,38,2011,3
Launceston-Melbourne,Launceston,Melbourne,All Airlines,Mar-11,331,327,4,241,218,86,109,2011,3
Launceston-Sydney,Launceston,Sydney,All Airlines,Mar-11,81,81,0,54,52,27,29,2011,3
Mackay-Brisbane,Mackay,Brisbane,All Airlines,Mar-11,340,338,2,267,243,71,95,2011,3
Melbourne-Adelaide,Melbourne,Adelaide,All Airlines,Mar-11,752,750,2,628,609,122,141,2011,3
Melbourne-Brisbane,Melbourne,Brisbane,All Airlines,Mar-11,894,883,11,710,680,173,203,2011,3
Melbourne-Cairns,Melbourne,Cairns,All Airlines,Mar-11,123,123,0,94,100,29,23,2011,3
Melbourne-Canberra,Melbourne,Canberra,All Airlines,Mar-11,515,509,6,435,417,74,92,2011,3
Melbourne-Darwin,Melbourne,Darwin,All Airlines,Mar-11,41,41,0,33,34,8,7,2011,3
Melbourne-Gold Coast,Melbourne,Gold Coast,All Airlines,Mar-11,452,449,3,355,338,94,111,2011,3
Melbourne-Hobart,Melbourne,Hobart,All Airlines,Mar-11,386,386,0,279,274,107,112,2011,3
Melbourne-Launceston,Melbourne,Launceston,All Airlines,Mar-11,331,328,3,241,241,87,87,2011,3
Melbourne-Mildura,Melbourne,Mildura,All Airlines,Mar-11,211,211,0,178,165,33,46,2011,3
Melbourne-Newcastle,Melbourne,Newcastle,All Airlines,Mar-11,130,130,0,92,91,38,39,2011,3
Melbourne-Perth,Melbourne,Perth,All Airlines,Mar-11,441,439,2,348,320,91,119,2011,3
Melbourne-Sunshine Coast,Melbourne,Sunshine Coast,All Airlines,Mar-11,125,122,3,90,84,32,38,2011,3
Melbourne-Sydney,Melbourne,Sydney,All Airlines,Mar-11,2058,2007,51,1562,1399,445,608,2011,3
Mildura-Melbourne,Mildura,Melbourne,All Airlines,Mar-11,211,211,0,186,170,25,41,2011,3
Newcastle-Brisbane,Newcastle,Brisbane,All Airlines,Mar-11,244,243,1,180,183,63,60,2011,3
Newcastle-Gold Coast,Newcastle,Gold Coast,All Airlines,Mar-11,42,42,0,30,32,12,10,2011,3
Newcastle-Melbourne,Newcastle,Melbourne,All Airlines,Mar-11,132,132,0,100,97,32,35,2011,3
Newman-Perth,Newman,Perth,All Airlines,Mar-11,131,128,3,105,103,23,25,2011,3
Perth-Adelaide,Perth,Adelaide,All Airlines,Mar-11,213,211,2,171,175,40,36,2011,3
Perth-Brisbane,Perth,Brisbane,All Airlines,Mar-11,213,213,0,174,183,39,30,2011,3
Perth-Broome,Perth,Broome,All Airlines,Mar-11,121,121,0,112,107,9,14,2011,3
Perth-Darwin,Perth,Darwin,All Airlines,Mar-11,50,50,0,43,48,7,2,2011,3
Perth-Kalgoorlie,Perth,Kalgoorlie,All Airlines,Mar-11,104,102,2,93,92,9,10,2011,3
Perth-Karratha,Perth,Karratha,All Airlines,Mar-11,294,291,3,246,243,45,48,2011,3
Perth-Melbourne,Perth,Melbourne,All Airlines,Mar-11,440,437,3,338,332,99,105,2011,3
Perth-Newman,Perth,Newman,All Airlines,Mar-11,133,129,4,106,100,23,29,2011,3
Perth-Port Hedland,Perth,Port Hedland,All Airlines,Mar-11,168,167,1,139,144,28,23,2011,3
Perth-Sydney,Perth,Sydney,All Airlines,Mar-11,422,420,2,350,360,70,60,2011,3
Port Hedland-Perth,Port Hedland,Perth,All Airlines,Mar-11,169,166,3,144,147,22,19,2011,3
Port Lincoln-Adelaide,Port Lincoln,Adelaide,All Airlines,Mar-11,320,316,4,291,283,25,33,2011,3
Port Macquarie-Sydney,Port Macquarie,Sydney,All Airlines,Mar-11,201,198,3,139,134,59,64,2011,3
Proserpine-Brisbane,Proserpine,Brisbane,All Airlines,Mar-11,62,57,5,43,43,14,14,2011,3
Rockhampton-Brisbane,Rockhampton,Brisbane,All Airlines,Mar-11,349,348,1,255,238,93,110,2011,3
Sunshine Coast-Melbourne,Sunshine Coast,Melbourne,All Airlines,Mar-11,126,121,5,73,73,48,48,2011,3
Sunshine Coast-Sydney,Sunshine Coast,Sydney,All Airlines,Mar-11,168,159,9,119,122,40,37,2011,3
Sydney-Adelaide,Sydney,Adelaide,All Airlines,Mar-11,544,544,0,444,431,100,113,2011,3
Sydney-Albury,Sydney,Albury,All Airlines,Mar-11,299,299,0,235,225,64,74,2011,3
Sydney-Ayers Rock,Sydney,Ayers Rock,All Airlines,Mar-11,62,61,1,49,48,12,13,2011,3
Sydney-Ballina,Sydney,Ballina,All Airlines,Mar-11,145,145,0,125,114,20,31,2011,3
Sydney-Brisbane,Sydney,Brisbane,All Airlines,Mar-11,1324,1302,22,969,939,333,363,2011,3
Sydney-Cairns,Sydney,Cairns,All Airlines,Mar-11,225,225,0,173,191,52,34,2011,3
Sydney-Canberra,Sydney,Canberra,All Airlines,Mar-11,804,791,13,641,629,150,162,2011,3
Sydney-Coffs Harbour,Sydney,Coffs Harbour,All Airlines,Mar-11,209,209,0,150,145,59,64,2011,3
Sydney-Dubbo,Sydney,Dubbo,All Airlines,Mar-11,297,296,1,239,231,57,65,2011,3
Sydney-Gold Coast,Sydney,Gold Coast,All Airlines,Mar-11,673,665,8,493,505,172,160,2011,3
Sydney-Hamilton Island,Sydney,Hamilton Island,All Airlines,Mar-11,61,61,0,45,43,16,18,2011,3
Sydney-Hobart,Sydney,Hobart,All Airlines,Mar-11,184,184,0,147,158,37,26,2011,3
Sydney-Launceston,Sydney,Launceston,All Airlines,Mar-11,81,81,0,64,65,17,16,2011,3
Sydney-Melbourne,Sydney,Melbourne,All Airlines,Mar-11,2055,2005,50,1535,1412,470,593,2011,3
Sydney-Perth,Sydney,Perth,All Airlines,Mar-11,421,421,0,345,325,76,96,2011,3
Sydney-Port Macquarie,Sydney,Port Macquarie,All Airlines,Mar-11,201,198,3,137,142,61,56,2011,3
Sydney-Sunshine Coast,Sydney,Sunshine Coast,All Airlines,Mar-11,163,162,1,129,133,33,29,2011,3
Sydney-Townsville,Sydney,Townsville,All Airlines,Mar-11,54,54,0,36,40,18,14,2011,3
Sydney-Wagga Wagga,Sydney,Wagga Wagga,All Airlines,Mar-11,262,261,1,216,204,45,57,2011,3
Townsville-Brisbane,Townsville,Brisbane,All Airlines,Mar-11,326,326,0,295,277,31,49,2011,3
Townsville-Cairns,Townsville,Cairns,All Airlines,Mar-11,218,215,3,144,122,71,93,2011,3
Townsville-Sydney,Townsville,Sydney,All Airlines,Mar-11,54,54,0,35,35,19,19,2011,3
Wagga Wagga-Sydney,Wagga Wagga,Sydney,All Airlines,Mar-11,262,261,1,219,190,42,71,2011,3
Adelaide-Brisbane,Adelaide,Brisbane,All Airlines,Apr-11,221,219,2,201,182,18,37,2011,4
Adelaide-Canberra,Adelaide,Canberra,All Airlines,Apr-11,71,71,0,66,66,5,5,2011,4
Adelaide-Gold Coast,Adelaide,Gold Coast,All Airlines,Apr-11,61,60,1,52,51,8,9,2011,4
Adelaide-Melbourne,Adelaide,Melbourne,All Airlines,Apr-11,738,731,7,619,576,112,155,2011,4
Adelaide-Perth,Adelaide,Perth,All Airlines,Apr-11,196,196,0,176,172,20,24,2011,4
Adelaide-Port Lincoln,Adelaide,Port Lincoln,All Airlines,Apr-11,297,296,1,271,262,25,34,2011,4
Adelaide-Sydney,Adelaide,Sydney,All Airlines,Apr-11,541,537,4,482,470,55,67,2011,4
Albury-Sydney,Albury,Sydney,All Airlines,Apr-11,279,279,0,245,242,34,37,2011,4
Ayers Rock-Sydney,Ayers Rock,Sydney,All Airlines,Apr-11,60,60,0,45,45,15,15,2011,4
Ballina-Sydney,Ballina,Sydney,All Airlines,Apr-11,145,145,0,105,104,40,41,2011,4
Brisbane-Adelaide,Brisbane,Adelaide,All Airlines,Apr-11,220,219,1,186,206,33,13,2011,4
Brisbane-Cairns,Brisbane,Cairns,All Airlines,Apr-11,346,344,2,285,295,59,49,2011,4
Brisbane-Canberra,Brisbane,Canberra,All Airlines,Apr-11,266,265,1,232,239,33,26,2011,4
Brisbane-Darwin,Brisbane,Darwin,All Airlines,Apr-11,61,61,0,35,36,26,25,2011,4
Brisbane-Hamilton Island,Brisbane,Hamilton Island,All Airlines,Apr-11,58,58,0,49,50,9,8,2011,4
Brisbane-Mackay,Brisbane,Mackay,All Airlines,Apr-11,332,331,1,245,246,86,85,2011,4
Brisbane-Melbourne,Brisbane,Melbourne,All Airlines,Apr-11,907,900,7,668,742,232,158,2011,4
Brisbane-Newcastle,Brisbane,Newcastle,All Airlines,Apr-11,244,244,0,185,185,59,59,2011,4
Brisbane-Perth,Brisbane,Perth,All Airlines,Apr-11,203,203,0,150,159,53,44,2011,4
Brisbane-Proserpine,Brisbane,Proserpine,All Airlines,Apr-11,60,60,0,49,50,11,10,2011,4
Brisbane-Rockhampton,Brisbane,Rockhampton,All Airlines,Apr-11,351,348,3,247,249,101,99,2011,4
Brisbane-Sydney,Brisbane,Sydney,All Airlines,Apr-11,1280,1251,29,955,1004,296,247,2011,4
Brisbane-Townsville,Brisbane,Townsville,All Airlines,Apr-11,317,317,0,257,264,60,53,2011,4
Broome-Perth,Broome,Perth,All Airlines,Apr-11,163,162,1,114,129,48,33,2011,4
Cairns-Brisbane,Cairns,Brisbane,All Airlines,Apr-11,346,344,2,304,279,40,65,2011,4
Cairns-Melbourne,Cairns,Melbourne,All Airlines,Apr-11,157,155,2,111,118,44,37,2011,4
Cairns-Sydney,Cairns,Sydney,All Airlines,Apr-11,224,220,4,200,198,20,22,2011,4
Cairns-Townsville,Cairns,Townsville,All Airlines,Apr-11,194,191,3,162,147,29,44,2011,4
Canberra-Adelaide,Canberra,Adelaide,All Airlines,Apr-11,76,76,0,64,69,12,7,2011,4
Canberra-Brisbane,Canberra,Brisbane,All Airlines,Apr-11,266,265,1,240,193,25,72,2011,4
Canberra-Melbourne,Canberra,Melbourne,All Airlines,Apr-11,471,465,6,384,384,81,81,2011,4
Canberra-Sydney,Canberra,Sydney,All Airlines,Apr-11,739,713,26,620,578,93,135,2011,4
Coffs Harbour-Sydney,Coffs Harbour,Sydney,All Airlines,Apr-11,203,201,2,142,151,59,50,2011,4
Darwin-Brisbane,Darwin,Brisbane,All Airlines,Apr-11,61,61,0,37,34,24,27,2011,4
Darwin-Melbourne,Darwin,Melbourne,All Airlines,Apr-11,46,46,0,37,34,9,12,2011,4
Darwin-Perth,Darwin,Perth,All Airlines,Apr-11,60,60,0,55,58,5,2,2011,4
Dubbo-Sydney,Dubbo,Sydney,All Airlines,Apr-11,271,271,0,222,210,49,61,2011,4
Gold Coast-Adelaide,Gold Coast,Adelaide,All Airlines,Apr-11,60,58,2,52,54,6,4,2011,4
Gold Coast-Melbourne,Gold Coast,Melbourne,All Airlines,Apr-11,444,437,7,302,337,135,100,2011,4
Gold Coast-Sydney,Gold Coast,Sydney,All Airlines,Apr-11,637,625,12,478,515,147,110,2011,4
Hamilton Island-Brisbane,Hamilton Island,Brisbane,All Airlines,Apr-11,58,58,0,49,47,9,11,2011,4
Hamilton Island-Sydney,Hamilton Island,Sydney,All Airlines,Apr-11,60,60,0,43,47,17,13,2011,4
Hobart-Melbourne,Hobart,Melbourne,All Airlines,Apr-11,316,315,1,213,219,102,96,2011,4
Hobart-Sydney,Hobart,Sydney,All Airlines,Apr-11,150,149,1,97,110,52,39,2011,4
Kalgoorlie-Perth,Kalgoorlie,Perth,All Airlines,Apr-11,105,105,0,91,86,14,19,2011,4
Karratha-Perth,Karratha,Perth,All Airlines,Apr-11,280,273,7,220,218,53,55,2011,4
Launceston-Melbourne,Launceston,Melbourne,All Airlines,Apr-11,275,273,2,169,165,104,108,2011,4
Launceston-Sydney,Launceston,Sydney,All Airlines,Apr-11,60,60,0,34,37,26,23,2011,4
Mackay-Brisbane,Mackay,Brisbane,All Airlines,Apr-11,333,332,1,262,221,70,111,2011,4
Melbourne-Adelaide,Melbourne,Adelaide,All Airlines,Apr-11,739,735,4,588,612,147,123,2011,4
Melbourne-Brisbane,Melbourne,Brisbane,All Airlines,Apr-11,908,901,7,680,605,221,296,2011,4
Melbourne-Cairns,Melbourne,Cairns,All Airlines,Apr-11,157,155,2,125,132,30,23,2011,4
Melbourne-Canberra,Melbourne,Canberra,All Airlines,Apr-11,471,465,6,381,381,84,84,2011,4
Melbourne-Darwin,Melbourne,Darwin,All Airlines,Apr-11,45,45,0,34,39,11,6,2011,4
Melbourne-Gold Coast,Melbourne,Gold Coast,All Airlines,Apr-11,443,437,6,320,300,117,137,2011,4
Melbourne-Hobart,Melbourne,Hobart,All Airlines,Apr-11,316,316,0,234,227,82,89,2011,4
Melbourne-Launceston,Melbourne,Launceston,All Airlines,Apr-11,273,273,0,192,181,81,92,2011,4
Melbourne-Mildura,Melbourne,Mildura,All Airlines,Apr-11,196,194,2,145,145,49,49,2011,4
Melbourne-Newcastle,Melbourne,Newcastle,All Airlines,Apr-11,150,148,2,128,128,20,20,2011,4
Melbourne-Perth,Melbourne,Perth,All Airlines,Apr-11,443,443,0,344,356,99,87,2011,4
Melbourne-Sunshine Coast,Melbourne,Sunshine Coast,All Airlines,Apr-11,129,128,1,84,78,44,50,2011,4
Melbourne-Sydney,Melbourne,Sydney,All Airlines,Apr-11,1977,1921,56,1511,1447,410,474,2011,4
Mildura-Melbourne,Mildura,Melbourne,All Airlines,Apr-11,196,194,2,165,146,29,48,2011,4
Newcastle-Brisbane,Newcastle,Brisbane,All Airlines,Apr-11,245,244,1,189,168,55,76,2011,4
Newcastle-Melbourne,Newcastle,Melbourne,All Airlines,Apr-11,152,149,3,123,120,26,29,2011,4
Newman-Perth,Newman,Perth,All Airlines,Apr-11,119,116,3,94,90,22,26,2011,4
Perth-Adelaide,Perth,Adelaide,All Airlines,Apr-11,196,196,0,175,171,21,25,2011,4
Perth-Brisbane,Perth,Brisbane,All Airlines,Apr-11,203,203,0,162,145,41,58,2011,4
Perth-Broome,Perth,Broome,All Airlines,Apr-11,166,163,3,132,117,31,46,2011,4
Perth-Darwin,Perth,Darwin,All Airlines,Apr-11,60,60,0,56,55,4,5,2011,4
Perth-Kalgoorlie,Perth,Kalgoorlie,All Airlines,Apr-11,107,107,0,96,96,11,11,2011,4
Perth-Karratha,Perth,Karratha,All Airlines,Apr-11,280,274,6,244,235,30,39,2011,4
Perth-Melbourne,Perth,Melbourne,All Airlines,Apr-11,443,443,0,339,324,104,119,2011,4
Perth-Newman,Perth,Newman,All Airlines,Apr-11,119,115,4,101,92,14,23,2011,4
Perth-Port Hedland,Perth,Port Hedland,All Airlines,Apr-11,174,170,4,154,146,16,24,2011,4
Perth-Sydney,Perth,Sydney,All Airlines,Apr-11,408,402,6,342,281,60,121,2011,4
Port Hedland-Perth,Port Hedland,Perth,All Airlines,Apr-11,171,166,5,142,142,24,24,2011,4
Port Lincoln-Adelaide,Port Lincoln,Adelaide,All Airlines,Apr-11,299,298,1,266,268,32,30,2011,4
Port Macquarie-Sydney,Port Macquarie,Sydney,All Airlines,Apr-11,188,188,0,144,151,44,37,2011,4
Proserpine-Brisbane,Proserpine,Brisbane,All Airlines,Apr-11,60,60,0,46,45,14,15,2011,4
Rockhampton-Brisbane,Rockhampton,Brisbane,All Airlines,Apr-11,331,328,3,236,210,92,118,2011,4
Sunshine Coast-Melbourne,Sunshine Coast,Melbourne,All Airlines,Apr-11,130,128,2,63,82,65,46,2011,4
Sunshine Coast-Sydney,Sunshine Coast,Sydney,All Airlines,Apr-11,190,182,8,122,137,60,45,2011,4
Sydney-Adelaide,Sydney,Adelaide,All Airlines,Apr-11,536,532,4,465,495,67,37,2011,4
Sydney-Albury,Sydney,Albury,All Airlines,Apr-11,278,278,0,226,219,52,59,2011,4
Sydney-Ayers Rock,Sydney,Ayers Rock,All Airlines,Apr-11,60,60,0,51,52,9,8,2011,4
Sydney-Ballina,Sydney,Ballina,All Airlines,Apr-11,143,143,0,122,115,21,28,2011,4
Sydney-Brisbane,Sydney,Brisbane,All Airlines,Apr-11,1276,1245,31,992,918,253,327,2011,4
Sydney-Cairns,Sydney,Cairns,All Airlines,Apr-11,263,261,2,202,222,59,39,2011,4
Sydney-Canberra,Sydney,Canberra,All Airlines,Apr-11,742,719,23,604,596,115,123,2011,4
Sydney-Coffs Harbour,Sydney,Coffs Harbour,All Airlines,Apr-11,202,201,1,156,147,45,54,2011,4
Sydney-Dubbo,Sydney,Dubbo,All Airlines,Apr-11,269,269,0,223,216,46,53,2011,4
Sydney-Gold Coast,Sydney,Gold Coast,All Airlines,Apr-11,638,628,10,513,507,115,121,2011,4
Sydney-Hamilton Island,Sydney,Hamilton Island,All Airlines,Apr-11,60,60,0,45,46,15,14,2011,4
Sydney-Hobart,Sydney,Hobart,All Airlines,Apr-11,149,149,0,116,125,33,24,2011,4
Sydney-Launceston,Sydney,Launceston,All Airlines,Apr-11,77,77,0,67,62,10,15,2011,4
Sydney-Melbourne,Sydney,Melbourne,All Airlines,Apr-11,1979,1913,66,1468,1474,445,439,2011,4
Sydney-Perth,Sydney,Perth,All Airlines,Apr-11,407,402,5,327,326,75,76,2011,4
Sydney-Port Macquarie,Sydney,Port Macquarie,All Airlines,Apr-11,188,188,0,141,143,47,45,2011,4
Sydney-Sunshine Coast,Sydney,Sunshine Coast,All Airlines,Apr-11,187,181,6,135,133,46,48,2011,4
Sydney-Townsville,Sydney,Townsville,All Airlines,Apr-11,59,59,0,40,43,19,16,2011,4
Sydney-Wagga Wagga,Sydney,Wagga Wagga,All Airlines,Apr-11,241,240,1,207,184,33,56,2011,4
Townsville-Brisbane,Townsville,Brisbane,All Airlines,Apr-11,317,317,0,275,263,42,54,2011,4
Townsville-Cairns,Townsville,Cairns,All Airlines,Apr-11,196,194,2,146,127,48,67,2011,4
Townsville-Sydney,Townsville,Sydney,All Airlines,Apr-11,60,58,2,39,37,19,21,2011,4
Wagga Wagga-Sydney,Wagga Wagga,Sydney,All Airlines,Apr-11,242,241,1,207,194,34,47,2011,4
Adelaide-Brisbane,Adelaide,Brisbane,All Airlines,May-11,225,223,2,199,197,24,26,2011,5
Adelaide-Canberra,Adelaide,Canberra,All Airlines,May-11,76,76,0,66,66,10,10,2011,5
Adelaide-Gold Coast,Adelaide,Gold Coast,All Airlines,May-11,63,63,0,60,59,3,4,2011,5
Adelaide-Melbourne,Adelaide,Melbourne,All Airlines,May-11,748,745,3,641,608,104,137,2011,5
Adelaide-Perth,Adelaide,Perth,All Airlines,May-11,200,199,1,175,175,24,24,2011,5
Adelaide-Port Lincoln,Adelaide,Port Lincoln,All Airlines,May-11,319,318,1,302,294,16,24,2011,5
Adelaide-Sydney,Adelaide,Sydney,All Airlines,May-11,539,538,1,487,469,51,69,2011,5
Albury-Sydney,Albury,Sydney,All Airlines,May-11,296,292,4,239,233,53,59,2011,5
Ayers Rock-Sydney,Ayers Rock,Sydney,All Airlines,May-11,62,62,0,54,58,8,4,2011,5
Ballina-Sydney,Ballina,Sydney,All Airlines,May-11,139,139,0,119,112,20,27,2011,5
Brisbane-Adelaide,Brisbane,Adelaide,All Airlines,May-11,225,224,1,195,212,29,12,2011,5
Brisbane-Cairns,Brisbane,Cairns,All Airlines,May-11,340,340,0,288,300,52,40,2011,5
Brisbane-Canberra,Brisbane,Canberra,All Airlines,May-11,260,256,4,221,229,35,27,2011,5
Brisbane-Darwin,Brisbane,Darwin,All Airlines,May-11,62,62,0,48,42,14,20,2011,5
Brisbane-Hamilton Island,Brisbane,Hamilton Island,All Airlines,May-11,49,49,0,43,43,6,6,2011,5
Brisbane-Mackay,Brisbane,Mackay,All Airlines,May-11,342,341,1,294,282,47,59,2011,5
Brisbane-Melbourne,Brisbane,Melbourne,All Airlines,May-11,898,885,13,751,769,134,116,2011,5
Brisbane-Newcastle,Brisbane,Newcastle,All Airlines,May-11,230,229,1,190,184,39,45,2011,5
Brisbane-Perth,Brisbane,Perth,All Airlines,May-11,204,204,0,168,179,36,25,2011,5
Brisbane-Proserpine,Brisbane,Proserpine,All Airlines,May-11,56,56,0,51,50,5,6,2011,5
Brisbane-Rockhampton,Brisbane,Rockhampton,All Airlines,May-11,368,366,2,287,292,79,74,2011,5
Brisbane-Sydney,Brisbane,Sydney,All Airlines,May-11,1310,1283,27,1072,1066,211,217,2011,5
Brisbane-Townsville,Brisbane,Townsville,All Airlines,May-11,335,335,0,298,297,37,38,2011,5
Broome-Perth,Broome,Perth,All Airlines,May-11,170,167,3,105,106,62,61,2011,5
Cairns-Brisbane,Cairns,Brisbane,All Airlines,May-11,337,337,0,298,302,39,35,2011,5
Cairns-Melbourne,Cairns,Melbourne,All Airlines,May-11,153,152,1,117,121,35,31,2011,5
Cairns-Sydney,Cairns,Sydney,All Airlines,May-11,238,238,0,203,206,35,32,2011,5
Cairns-Townsville,Cairns,Townsville,All Airlines,May-11,218,215,3,194,188,21,27,2011,5
Canberra-Adelaide,Canberra,Adelaide,All Airlines,May-11,80,80,0,71,72,9,8,2011,5
Canberra-Brisbane,Canberra,Brisbane,All Airlines,May-11,260,256,4,232,211,24,45,2011,5
Canberra-Melbourne,Canberra,Melbourne,All Airlines,May-11,496,490,6,419,399,71,91,2011,5
Canberra-Sydney,Canberra,Sydney,All Airlines,May-11,793,771,22,669,617,102,154,2011,5
Coffs Harbour-Sydney,Coffs Harbour,Sydney,All Airlines,May-11,208,206,2,173,183,33,23,2011,5
Darwin-Brisbane,Darwin,Brisbane,All Airlines,May-11,62,62,0,38,40,24,22,2011,5
Darwin-Melbourne,Darwin,Melbourne,All Airlines,May-11,53,53,0,49,44,4,9,2011,5
Darwin-Perth,Darwin,Perth,All Airlines,May-11,62,62,0,59,58,3,4,2011,5
Dubbo-Sydney,Dubbo,Sydney,All Airlines,May-11,291,291,0,251,232,40,59,2011,5
Gold Coast-Adelaide,Gold Coast,Adelaide,All Airlines,May-11,62,62,0,58,58,4,4,2011,5
Gold Coast-Melbourne,Gold Coast,Melbourne,All Airlines,May-11,413,405,8,299,323,106,82,2011,5
Gold Coast-Sydney,Gold Coast,Sydney,All Airlines,May-11,662,654,8,540,545,114,109,2011,5
Hamilton Island-Brisbane,Hamilton Island,Brisbane,All Airlines,May-11,49,49,0,40,43,9,6,2011,5
Hamilton Island-Sydney,Hamilton Island,Sydney,All Airlines,May-11,60,60,0,55,53,5,7,2011,5
Hobart-Melbourne,Hobart,Melbourne,All Airlines,May-11,318,318,0,230,220,88,98,2011,5
Hobart-Sydney,Hobart,Sydney,All Airlines,May-11,142,142,0,106,111,36,31,2011,5
Kalgoorlie-Perth,Kalgoorlie,Perth,All Airlines,May-11,119,116,3,98,90,18,26,2011,5
Karratha-Perth,Karratha,Perth,All Airlines,May-11,304,290,14,228,218,62,72,2011,5
Launceston-Melbourne,Launceston,Melbourne,All Airlines,May-11,266,265,1,189,188,76,77,2011,5
Launceston-Sydney,Launceston,Sydney,All Airlines,May-11,58,58,0,37,38,21,20,2011,5
Mackay-Brisbane,Mackay,Brisbane,All Airlines,May-11,340,339,1,280,277,59,62,2011,5
Melbourne-Adelaide,Melbourne,Adelaide,All Airlines,May-11,746,744,2,637,650,107,94,2011,5
Melbourne-Brisbane,Melbourne,Brisbane,All Airlines,May-11,896,888,8,725,689,163,199,2011,5
Melbourne-Cairns,Melbourne,Cairns,All Airlines,May-11,153,152,1,119,134,33,18,2011,5
Melbourne-Canberra,Melbourne,Canberra,All Airlines,May-11,496,492,4,436,429,56,63,2011,5
Melbourne-Darwin,Melbourne,Darwin,All Airlines,May-11,54,54,0,50,50,4,4,2011,5
Melbourne-Gold Coast,Melbourne,Gold Coast,All Airlines,May-11,409,403,6,320,307,83,96,2011,5
Melbourne-Hobart,Melbourne,Hobart,All Airlines,May-11,318,318,0,237,233,81,85,2011,5
Melbourne-Launceston,Melbourne,Launceston,All Airlines,May-11,266,266,0,215,203,51,63,2011,5
Melbourne-Mildura,Melbourne,Mildura,All Airlines,May-11,212,211,1,176,175,35,36,2011,5
Melbourne-Newcastle,Melbourne,Newcastle,All Airlines,May-11,134,134,0,110,108,24,26,2011,5
Melbourne-Perth,Melbourne,Perth,All Airlines,May-11,458,457,1,368,403,89,54,2011,5
Melbourne-Sunshine Coast,Melbourne,Sunshine Coast,All Airlines,May-11,115,114,1,82,83,32,31,2011,5
Melbourne-Sydney,Melbourne,Sydney,All Airlines,May-11,2025,1961,64,1645,1584,316,377,2011,5
Mildura-Melbourne,Mildura,Melbourne,All Airlines,May-11,211,210,1,185,178,25,32,2011,5
Newcastle-Brisbane,Newcastle,Brisbane,All Airlines,May-11,230,228,2,182,179,46,49,2011,5
Newcastle-Melbourne,Newcastle,Melbourne,All Airlines,May-11,131,130,1,102,106,28,24,2011,5
Newman-Perth,Newman,Perth,All Airlines,May-11,129,127,2,102,93,25,34,2011,5
Perth-Adelaide,Perth,Adelaide,All Airlines,May-11,202,200,2,168,146,32,54,2011,5
Perth-Brisbane,Perth,Brisbane,All Airlines,May-11,204,204,0,172,161,32,43,2011,5
Perth-Broome,Perth,Broome,All Airlines,May-11,170,168,2,120,112,48,56,2011,5
Perth-Darwin,Perth,Darwin,All Airlines,May-11,62,62,0,56,58,6,4,2011,5
Perth-Kalgoorlie,Perth,Kalgoorlie,All Airlines,May-11,118,115,3,93,92,22,23,2011,5
Perth-Karratha,Perth,Karratha,All Airlines,May-11,303,292,11,245,236,47,56,2011,5
Perth-Melbourne,Perth,Melbourne,All Airlines,May-11,456,452,4,358,312,94,140,2011,5
Perth-Newman,Perth,Newman,All Airlines,May-11,129,127,2,111,109,16,18,2011,5
Perth-Port Hedland,Perth,Port Hedland,All Airlines,May-11,184,171,13,148,139,23,32,2011,5
Perth-Sydney,Perth,Sydney,All Airlines,May-11,396,393,3,346,262,47,131,2011,5
Port Hedland-Perth,Port Hedland,Perth,All Airlines,May-11,185,169,16,136,131,33,38,2011,5
Port Lincoln-Adelaide,Port Lincoln,Adelaide,All Airlines,May-11,318,316,2,295,290,21,26,2011,5
Port Macquarie-Sydney,Port Macquarie,Sydney,All Airlines,May-11,196,195,1,162,159,33,36,2011,5
Proserpine-Brisbane,Proserpine,Brisbane,All Airlines,May-11,58,57,1,47,48,10,9,2011,5
Rockhampton-Brisbane,Rockhampton,Brisbane,All Airlines,May-11,344,342,2,270,251,72,91,2011,5
Sunshine Coast-Melbourne,Sunshine Coast,Melbourne,All Airlines,May-11,115,114,1,66,80,48,34,2011,5
Sunshine Coast-Sydney,Sunshine Coast,Sydney,All Airlines,May-11,155,150,5,119,115,31,35,2011,5
Sydney-Adelaide,Sydney,Adelaide,All Airlines,May-11,536,536,0,461,490,75,46,2011,5
Sydney-Albury,Sydney,Albury,All Airlines,May-11,297,296,1,237,217,59,79,2011,5
Sydney-Ayers Rock,Sydney,Ayers Rock,All Airlines,May-11,62,62,0,59,58,3,4,2011,5
Sydney-Ballina,Sydney,Ballina,All Airlines,May-11,140,140,0,123,123,17,17,2011,5
Sydney-Brisbane,Sydney,Brisbane,All Airlines,May-11,1304,1278,26,1117,1071,161,207,2011,5
Sydney-Cairns,Sydney,Cairns,All Airlines,May-11,237,237,0,181,191,56,46,2011,5
Sydney-Canberra,Sydney,Canberra,All Airlines,May-11,800,782,18,674,669,108,113,2011,5
Sydney-Coffs Harbour,Sydney,Coffs Harbour,All Airlines,May-11,209,207,2,174,174,33,33,2011,5
Sydney-Dubbo,Sydney,Dubbo,All Airlines,May-11,293,293,0,257,247,36,46,2011,5
Sydney-Gold Coast,Sydney,Gold Coast,All Airlines,May-11,659,653,6,551,550,102,103,2011,5
Sydney-Hamilton Island,Sydney,Hamilton Island,All Airlines,May-11,60,60,0,52,56,8,4,2011,5
Sydney-Hobart,Sydney,Hobart,All Airlines,May-11,141,141,0,116,122,25,19,2011,5
Sydney-Launceston,Sydney,Launceston,All Airlines,May-11,58,58,0,47,45,11,13,2011,5
Sydney-Melbourne,Sydney,Melbourne,All Airlines,May-11,2027,1965,62,1656,1641,309,324,2011,5
Sydney-Perth,Sydney,Perth,All Airlines,May-11,396,393,3,327,347,66,46,2011,5
Sydney-Port Macquarie,Sydney,Port Macquarie,All Airlines,May-11,195,195,0,163,162,32,33,2011,5
Sydney-Sunshine Coast,Sydney,Sunshine Coast,All Airlines,May-11,153,149,4,121,121,28,28,2011,5
Sydney-Townsville,Sydney,Townsville,All Airlines,May-11,54,54,0,45,48,9,6,2011,5
Sydney-Wagga Wagga,Sydney,Wagga Wagga,All Airlines,May-11,261,261,0,222,205,39,56,2011,5
Townsville-Brisbane,Townsville,Brisbane,All Airlines,May-11,336,336,0,301,298,35,38,2011,5
Townsville-Cairns,Townsville,Cairns,All Airlines,May-11,216,213,3,184,169,29,44,2011,5
Townsville-Sydney,Townsville,Sydney,All Airlines,May-11,54,54,0,42,43,12,11,2011,5
Wagga Wagga-Sydney,Wagga Wagga,Sydney,All Airlines,May-11,260,260,0,226,214,34,46,2011,5
Adelaide-Brisbane,Adelaide,Brisbane,All Airlines,Jun-11,211,197,14,164,158,33,39,2011,6
Adelaide-Canberra,Adelaide,Canberra,All Airlines,Jun-11,74,69,5,60,60,9,9,2011,6
Adelaide-Gold Coast,Adelaide,Gold Coast,All Airlines,Jun-11,55,52,3,49,49,3,3,2011,6
Adelaide-Melbourne,Adelaide,Melbourne,All Airlines,Jun-11,731,668,63,544.7,526.89,123.3,141.11,2011,6
Adelaide-Perth,Adelaide,Perth,All Airlines,Jun-11,198,181,17,152,145,29,36,2011,6
Adelaide-Port Lincoln,Adelaide,Port Lincoln,All Airlines,Jun-11,305,291,14,266,262,25,29,2011,6
Adelaide-Sydney,Adelaide,Sydney,All Airlines,Jun-11,514,470,44,402.63,406.4,67.37,63.6,2011,6
Albury-Sydney,Albury,Sydney,All Airlines,Jun-11,282,265,17,206,207,59,58,2011,6
Ayers Rock-Sydney,Ayers Rock,Sydney,All Airlines,Jun-11,61,58,3,47,51,11,7,2011,6
Ballina-Sydney,Ballina,Sydney,All Airlines,Jun-11,132,127,5,97,93,30,34,2011,6
Brisbane-Adelaide,Brisbane,Adelaide,All Airlines,Jun-11,211,198,13,176,182,22,16,2011,6
Brisbane-Cairns,Brisbane,Cairns,All Airlines,Jun-11,343,343,0,297,286,46,57,2011,6
Brisbane-Canberra,Brisbane,Canberra,All Airlines,Jun-11,244,235,9,207,214,28,21,2011,6
Brisbane-Darwin,Brisbane,Darwin,All Airlines,Jun-11,60,60,0,44,39,16,21,2011,6
Brisbane-Hamilton Island,Brisbane,Hamilton Island,All Airlines,Jun-11,46,46,0,41,40,5,6,2011,6
Brisbane-Mackay,Brisbane,Mackay,All Airlines,Jun-11,333,333,0,280,274,53,59,2011,6
Brisbane-Melbourne,Brisbane,Melbourne,All Airlines,Jun-11,856,802,54,659.7,674.7,142.3,127.3,2011,6
Brisbane-Newcastle,Brisbane,Newcastle,All Airlines,Jun-11,228,218,10,186,179,32,39,2011,6
Brisbane-Perth,Brisbane,Perth,All Airlines,Jun-11,193,187,6,144,153,43,34,2011,6
Brisbane-Proserpine,Brisbane,Proserpine,All Airlines,Jun-11,55,55,0,46,44,9,11,2011,6
Brisbane-Rockhampton,Brisbane,Rockhampton,All Airlines,Jun-11,357,357,0,297,297,60,60,2011,6
Brisbane-Sydney,Brisbane,Sydney,All Airlines,Jun-11,1266,1212,54,964.56,950.94,247.44,261.06,2011,6
Brisbane-Townsville,Brisbane,Townsville,All Airlines,Jun-11,332,332,0,293,282,39,50,2011,6
Broome-Perth,Broome,Perth,All Airlines,Jun-11,165,158,7,92,89,66,69,2011,6
Cairns-Brisbane,Cairns,Brisbane,All Airlines,Jun-11,342,342,0,293,292,49,50,2011,6
Cairns-Melbourne,Cairns,Melbourne,All Airlines,Jun-11,155,146,9,96.74,106.52,49.26,39.48,2011,6
Cairns-Sydney,Cairns,Sydney,All Airlines,Jun-11,251,244,7,205,211,39,33,2011,6
Cairns-Townsville,Cairns,Townsville,All Airlines,Jun-11,202,202,0,185,182,17,20,2011,6
Canberra-Adelaide,Canberra,Adelaide,All Airlines,Jun-11,78,72,6,63,63,9,9,2011,6
Canberra-Brisbane,Canberra,Brisbane,All Airlines,Jun-11,244,235,9,209,191,26,44,2011,6
Canberra-Melbourne,Canberra,Melbourne,All Airlines,Jun-11,478,443,35,380.04,360.2,62.96,82.8,2011,6
Canberra-Sydney,Canberra,Sydney,All Airlines,Jun-11,767,717,50,580,545,137,172,2011,6
Coffs Harbour-Sydney,Coffs Harbour,Sydney,All Airlines,Jun-11,202,191,11,153,155,38,36,2011,6
Darwin-Brisbane,Darwin,Brisbane,All Airlines,Jun-11,60,60,0,35,39,25,21,2011,6
Darwin-Melbourne,Darwin,Melbourne,All Airlines,Jun-11,52,47,5,39,37,8,10,2011,6
Darwin-Perth,Darwin,Perth,All Airlines,Jun-11,58,57,1,46,46,11,11,2011,6
Dubbo-Sydney,Dubbo,Sydney,All Airlines,Jun-11,279,269,10,211,198,58,71,2011,6
Gold Coast-Adelaide,Gold Coast,Adelaide,All Airlines,Jun-11,55,52,3,49,48,3,4,2011,6
Gold Coast-Melbourne,Gold Coast,Melbourne,All Airlines,Jun-11,393,368,25,260.42,274.42,107.58,93.58,2011,6
Gold Coast-Sydney,Gold Coast,Sydney,All Airlines,Jun-11,629,603,26,485.25,504.5,117.75,98.5,2011,6
Hamilton Island-Brisbane,Hamilton Island,Brisbane,All Airlines,Jun-11,48,47,1,36,41,11,6,2011,6
Hamilton Island-Sydney,Hamilton Island,Sydney,All Airlines,Jun-11,53,48,5,41,44,7,4,2011,6
Hobart-Melbourne,Hobart,Melbourne,All Airlines,Jun-11,313,266,47,190.4,192.64,75.6,73.36,2011,6
Hobart-Sydney,Hobart,Sydney,All Airlines,Jun-11,142,119,23,78,82,41,37,2011,6
Kalgoorlie-Perth,Kalgoorlie,Perth,All Airlines,Jun-11,111,108,3,78,74,30,34,2011,6
Karratha-Perth,Karratha,Perth,All Airlines,Jun-11,304,291,13,229,204,62,87,2011,6
Launceston-Melbourne,Launceston,Melbourne,All Airlines,Jun-11,254,217,37,160,162,57,55,2011,6
Launceston-Sydney,Launceston,Sydney,All Airlines,Jun-11,61,54,7,31,31,23,23,2011,6
Mackay-Brisbane,Mackay,Brisbane,All Airlines,Jun-11,334,334,0,281,294,53,40,2011,6
Melbourne-Adelaide,Melbourne,Adelaide,All Airlines,Jun-11,733,668,65,555.4,559.4,112.6,108.6,2011,6
Melbourne-Brisbane,Melbourne,Brisbane,All Airlines,Jun-11,853,801,52,640.86,638.28,160.14,162.72,2011,6
Melbourne-Cairns,Melbourne,Cairns,All Airlines,Jun-11,152,143,9,111.52,105.3,31.48,37.7,2011,6
Melbourne-Canberra,Melbourne,Canberra,All Airlines,Jun-11,478,443,35,376.32,381.04,66.68,61.96,2011,6
Melbourne-Darwin,Melbourne,Darwin,All Airlines,Jun-11,54,50,4,37,45,13,5,2011,6
Melbourne-Gold Coast,Melbourne,Gold Coast,All Airlines,Jun-11,393,371,22,269.42,267.05,101.58,103.95,2011,6
Melbourne-Hobart,Melbourne,Hobart,All Airlines,Jun-11,312,264,48,187.12,183.64,76.88,80.36,2011,6
Melbourne-Launceston,Melbourne,Launceston,All Airlines,Jun-11,253,217,36,177,161,40,56,2011,6
Melbourne-Mildura,Melbourne,Mildura,All Airlines,Jun-11,201,192,9,181,174,11,18,2011,6
Melbourne-Newcastle,Melbourne,Newcastle,All Airlines,Jun-11,122,115,7,100,101,15,14,2011,6
Melbourne-Perth,Melbourne,Perth,All Airlines,Jun-11,445,406,39,313.5,286.5,92.5,119.5,2011,6
Melbourne-Sunshine Coast,Melbourne,Sunshine Coast,All Airlines,Jun-11,118,108,10,63.86,69.86,44.14,38.14,2011,6
Melbourne-Sydney,Melbourne,Sydney,All Airlines,Jun-11,1983,1812,171,1436.24,1374.76,375.76,437.24,2011,6
Mildura-Melbourne,Mildura,Melbourne,All Airlines,Jun-11,201,192,9,181,177,11,15,2011,6
Newcastle-Brisbane,Newcastle,Brisbane,All Airlines,Jun-11,227,217,10,187,187,30,30,2011,6
Newcastle-Melbourne,Newcastle,Melbourne,All Airlines,Jun-11,121,114,7,99,97,15,17,2011,6
Newman-Perth,Newman,Perth,All Airlines,Jun-11,129,123,6,103,83,20,40,2011,6
Perth-Adelaide,Perth,Adelaide,All Airlines,Jun-11,197,175,22,134,124,41,51,2011,6
Perth-Brisbane,Perth,Brisbane,All Airlines,Jun-11,192,185,7,137,128,48,57,2011,6
Perth-Broome,Perth,Broome,All Airlines,Jun-11,166,161,5,106,103,55,58,2011,6
Perth-Darwin,Perth,Darwin,All Airlines,Jun-11,58,58,0,44,45,14,13,2011,6
Perth-Kalgoorlie,Perth,Kalgoorlie,All Airlines,Jun-11,111,108,3,88,80,20,28,2011,6
Perth-Karratha,Perth,Karratha,All Airlines,Jun-11,304,293,11,250,236,43,57,2011,6
Perth-Melbourne,Perth,Melbourne,All Airlines,Jun-11,443,401,42,277.5,247,123.5,154,2011,6
Perth-Newman,Perth,Newman,All Airlines,Jun-11,128,123,5,111,102,12,21,2011,6
Perth-Port Hedland,Perth,Port Hedland,All Airlines,Jun-11,177,169,8,146,133,23,36,2011,6
Perth-Sydney,Perth,Sydney,All Airlines,Jun-11,376,346,30,251,210,95,136,2011,6
Port Hedland-Perth,Port Hedland,Perth,All Airlines,Jun-11,179,169,10,130,120,39,49,2011,6
Port Lincoln-Adelaide,Port Lincoln,Adelaide,All Airlines,Jun-11,307,292,15,270,268,22,24,2011,6
Port Macquarie-Sydney,Port Macquarie,Sydney,All Airlines,Jun-11,186,178,8,143,134,35,44,2011,6
Proserpine-Brisbane,Proserpine,Brisbane,All Airlines,Jun-11,56,56,0,39,43,17,13,2011,6
Rockhampton-Brisbane,Rockhampton,Brisbane,All Airlines,Jun-11,336,334,2,272,258,62,76,2011,6
Sunshine Coast-Melbourne,Sunshine Coast,Melbourne,All Airlines,Jun-11,118,107,11,57.23,68.44,49.77,38.56,2011,6
Sunshine Coast-Sydney,Sunshine Coast,Sydney,All Airlines,Jun-11,154,142,12,109.64,115.41,32.36,26.59,2011,6
Sydney-Adelaide,Sydney,Adelaide,All Airlines,Jun-11,509,464,45,381.17,389.94,82.83,74.06,2011,6
Sydney-Albury,Sydney,Albury,All Airlines,Jun-11,280,268,12,213,194,55,74,2011,6
Sydney-Ayers Rock,Sydney,Ayers Rock,All Airlines,Jun-11,60,59,1,52,48,7,11,2011,6
Sydney-Ballina,Sydney,Ballina,All Airlines,Jun-11,131,127,4,111,104,16,23,2011,6
Sydney-Brisbane,Sydney,Brisbane,All Airlines,Jun-11,1249,1194,55,989.6419753,960.4074074,204.3580247,233.5925926,2011,6
Sydney-Cairns,Sydney,Cairns,All Airlines,Jun-11,250,246,4,185,186,61,60,2011,6
Sydney-Canberra,Sydney,Canberra,All Airlines,Jun-11,771,720,51,580,569,140,151,2011,6
Sydney-Coffs Harbour,Sydney,Coffs Harbour,All Airlines,Jun-11,202,191,11,149,149,42,42,2011,6
Sydney-Dubbo,Sydney,Dubbo,All Airlines,Jun-11,279,269,10,215,215,54,54,2011,6
Sydney-Gold Coast,Sydney,Gold Coast,All Airlines,Jun-11,628,602,26,499,493.25,103,108.75,2011,6
Sydney-Hamilton Island,Sydney,Hamilton Island,All Airlines,Jun-11,52,50,2,41,40,9,10,2011,6
Sydney-Hobart,Sydney,Hobart,All Airlines,Jun-11,142,120,22,85,89,35,31,2011,6
Sydney-Launceston,Sydney,Launceston,All Airlines,Jun-11,61,55,6,45,39,10,16,2011,6
Sydney-Melbourne,Sydney,Melbourne,All Airlines,Jun-11,1982,1815,167,1432.24,1403.24,382.76,411.76,2011,6
Sydney-Perth,Sydney,Perth,All Airlines,Jun-11,365,343,22,269,262,74,81,2011,6
Sydney-Port Macquarie,Sydney,Port Macquarie,All Airlines,Jun-11,186,179,7,142,141,37,38,2011,6
Sydney-Sunshine Coast,Sydney,Sunshine Coast,All Airlines,Jun-11,152,142,10,115.87,115.41,26.13,26.59,2011,6
Sydney-Townsville,Sydney,Townsville,All Airlines,Jun-11,52,51,1,41,41,10,10,2011,6
Sydney-Wagga Wagga,Sydney,Wagga Wagga,All Airlines,Jun-11,243,231,12,190,174,41,57,2011,6
Townsville-Brisbane,Townsville,Brisbane,All Airlines,Jun-11,332,332,0,273,283,59,49,2011,6
Townsville-Cairns,Townsville,Cairns,All Airlines,Jun-11,201,199,2,158,143,41,56,2011,6
Townsville-Sydney,Townsville,Sydney,All Airlines,Jun-11,52,51,1,38,38,13,13,2011,6
Wagga Wagga-Sydney,Wagga Wagga,Sydney,All Airlines,Jun-11,243,231,12,191,179,40,52,2011,6
Adelaide-Brisbane,Adelaide,Brisbane,All Airlines,Jul-11,229,228,1,192,201,36,27,2011,7
Adelaide-Canberra,Adelaide,Canberra,All Airlines,Jul-11,78,78,0,68,70,10,8,2011,7
Adelaide-Gold Coast,Adelaide,Gold Coast,All Airlines,Jul-11,63,63,0,56,60,7,3,2011,7
Adelaide-Melbourne,Adelaide,Melbourne,All Airlines,Jul-11,671,667,4,552,524,115,143,2011,7
Adelaide-Perth,Adelaide,Perth,All Airlines,Jul-11,207,207,0,174,174,33,33,2011,7
Adelaide-Port Lincoln,Adelaide,Port Lincoln,All Airlines,Jul-11,317,317,0,300,291,17,26,2011,7
Adelaide-Sydney,Adelaide,Sydney,All Airlines,Jul-11,534,533,1,432,439,101,94,2011,7
Albury-Sydney,Albury,Sydney,All Airlines,Jul-11,296,293,3,189,180,104,113,2011,7
Ayers Rock-Sydney,Ayers Rock,Sydney,All Airlines,Jul-11,62,62,0,36,47,26,15,2011,7
Ballina-Sydney,Ballina,Sydney,All Airlines,Jul-11,142,141,1,90,68,51,73,2011,7
Brisbane-Adelaide,Brisbane,Adelaide,All Airlines,Jul-11,229,227,2,192,195,35,32,2011,7
Brisbane-Cairns,Brisbane,Cairns,All Airlines,Jul-11,367,365,2,312,327,53,38,2011,7
Brisbane-Canberra,Brisbane,Canberra,All Airlines,Jul-11,287,286,1,247,254,39,32,2011,7
Brisbane-Darwin,Brisbane,Darwin,All Airlines,Jul-11,62,62,0,38,44,24,18,2011,7
Brisbane-Hamilton Island,Brisbane,Hamilton Island,All Airlines,Jul-11,61,60,1,47,46,13,14,2011,7
Brisbane-Mackay,Brisbane,Mackay,All Airlines,Jul-11,378,378,0,305,308,73,70,2011,7
Brisbane-Melbourne,Brisbane,Melbourne,All Airlines,Jul-11,858,854,4,697,668,157,186,2011,7
Brisbane-Newcastle,Brisbane,Newcastle,All Airlines,Jul-11,252,252,0,211,194,41,58,2011,7
Brisbane-Perth,Brisbane,Perth,All Airlines,Jul-11,225,222,3,166,140,56,82,2011,7
Brisbane-Proserpine,Brisbane,Proserpine,All Airlines,Jul-11,61,61,0,52,49,9,12,2011,7
Brisbane-Rockhampton,Brisbane,Rockhampton,All Airlines,Jul-11,366,364,2,286,284,78,80,2011,7
Brisbane-Sydney,Brisbane,Sydney,All Airlines,Jul-11,1262,1247,15,946,873,301,374,2011,7
Brisbane-Townsville,Brisbane,Townsville,All Airlines,Jul-11,355,355,0,297,302,58,53,2011,7
Broome-Perth,Broome,Perth,All Airlines,Jul-11,170,163,7,78,82,85,81,2011,7
Cairns-Brisbane,Cairns,Brisbane,All Airlines,Jul-11,365,364,1,323,311,41,53,2011,7
Cairns-Melbourne,Cairns,Melbourne,All Airlines,Jul-11,161,160,1,107,112,53,48,2011,7
Cairns-Sydney,Cairns,Sydney,All Airlines,Jul-11,296,291,5,226,225,65,66,2011,7
Cairns-Townsville,Cairns,Townsville,All Airlines,Jul-11,211,210,1,189,180,21,30,2011,7
Canberra-Adelaide,Canberra,Adelaide,All Airlines,Jul-11,83,82,1,68,68,14,14,2011,7
Canberra-Brisbane,Canberra,Brisbane,All Airlines,Jul-11,287,286,1,256,234,30,52,2011,7
Canberra-Melbourne,Canberra,Melbourne,All Airlines,Jul-11,472,470,2,391,372,79,98,2011,7
Canberra-Sydney,Canberra,Sydney,All Airlines,Jul-11,801,760,41,588,535,172,225,2011,7
Coffs Harbour-Sydney,Coffs Harbour,Sydney,All Airlines,Jul-11,208,205,3,134,141,71,64,2011,7
Darwin-Brisbane,Darwin,Brisbane,All Airlines,Jul-11,62,62,0,32,38,30,24,2011,7
Darwin-Melbourne,Darwin,Melbourne,All Airlines,Jul-11,67,67,0,52,53,15,14,2011,7
Darwin-Perth,Darwin,Perth,All Airlines,Jul-11,62,62,0,51,54,11,8,2011,7
Dubbo-Sydney,Dubbo,Sydney,All Airlines,Jul-11,286,281,5,198,181,83,100,2011,7
Gold Coast-Adelaide,Gold Coast,Adelaide,All Airlines,Jul-11,62,62,0,55,54,7,8,2011,7
Gold Coast-Melbourne,Gold Coast,Melbourne,All Airlines,Jul-11,434,431,3,301,301,130,130,2011,7
Gold Coast-Sydney,Gold Coast,Sydney,All Airlines,Jul-11,658,641,17,451,447,190,194,2011,7
Hamilton Island-Brisbane,Hamilton Island,Brisbane,All Airlines,Jul-11,62,59,3,47,49,12,10,2011,7
Hamilton Island-Sydney,Hamilton Island,Sydney,All Airlines,Jul-11,62,61,1,43,41,18,20,2011,7
Hobart-Melbourne,Hobart,Melbourne,All Airlines,Jul-11,309,305,4,218,222,87,83,2011,7
Hobart-Sydney,Hobart,Sydney,All Airlines,Jul-11,150,148,2,90,96,58,52,2011,7
Kalgoorlie-Perth,Kalgoorlie,Perth,All Airlines,Jul-11,123,121,2,101,99,20,22,2011,7
Karratha-Perth,Karratha,Perth,All Airlines,Jul-11,304,295,9,225,215,70,80,2011,7
Launceston-Melbourne,Launceston,Melbourne,All Airlines,Jul-11,292,287,5,222,220,65,67,2011,7
Launceston-Sydney,Launceston,Sydney,All Airlines,Jul-11,62,62,0,31,35,31,27,2011,7
Mackay-Brisbane,Mackay,Brisbane,All Airlines,Jul-11,379,379,0,322,315,57,64,2011,7
Melbourne-Adelaide,Melbourne,Adelaide,All Airlines,Jul-11,670,670,0,593,584,77,86,2011,7
Melbourne-Brisbane,Melbourne,Brisbane,All Airlines,Jul-11,854,852,2,637,685,215,167,2011,7
Melbourne-Cairns,Melbourne,Cairns,All Airlines,Jul-11,160,159,1,103,118,56,41,2011,7
Melbourne-Canberra,Melbourne,Canberra,All Airlines,Jul-11,472,471,1,392,388,79,83,2011,7
Melbourne-Darwin,Melbourne,Darwin,All Airlines,Jul-11,68,68,0,57,55,11,13,2011,7
Melbourne-Gold Coast,Melbourne,Gold Coast,All Airlines,Jul-11,432,429,3,286,308,143,121,2011,7
Melbourne-Hobart,Melbourne,Hobart,All Airlines,Jul-11,309,307,2,214,205,93,102,2011,7
Melbourne-Launceston,Melbourne,Launceston,All Airlines,Jul-11,291,286,5,228,213,58,73,2011,7
Melbourne-Mildura,Melbourne,Mildura,All Airlines,Jul-11,212,212,0,188,185,24,27,2011,7
Melbourne-Newcastle,Melbourne,Newcastle,All Airlines,Jul-11,155,151,4,124,131,27,20,2011,7
Melbourne-Perth,Melbourne,Perth,All Airlines,Jul-11,423,423,0,319,314,104,109,2011,7
Melbourne-Sunshine Coast,Melbourne,Sunshine Coast,All Airlines,Jul-11,105,105,0,55,75,50,30,2011,7
Melbourne-Sydney,Melbourne,Sydney,All Airlines,Jul-11,1873,1816,57,1386,1355,430,461,2011,7
Mildura-Melbourne,Mildura,Melbourne,All Airlines,Jul-11,212,212,0,198,193,14,19,2011,7
Newcastle-Brisbane,Newcastle,Brisbane,All Airlines,Jul-11,252,251,1,203,209,48,42,2011,7
Newcastle-Melbourne,Newcastle,Melbourne,All Airlines,Jul-11,155,150,5,127,123,23,27,2011,7
Newman-Perth,Newman,Perth,All Airlines,Jul-11,129,128,1,96,83,32,45,2011,7
Perth-Adelaide,Perth,Adelaide,All Airlines,Jul-11,207,207,0,155,179,52,28,2011,7
Perth-Brisbane,Perth,Brisbane,All Airlines,Jul-11,226,223,3,161,182,62,41,2011,7
Perth-Broome,Perth,Broome,All Airlines,Jul-11,168,164,4,104,87,60,77,2011,7
Perth-Darwin,Perth,Darwin,All Airlines,Jul-11,62,62,0,53,46,9,16,2011,7
Perth-Kalgoorlie,Perth,Kalgoorlie,All Airlines,Jul-11,124,122,2,94,95,28,27,2011,7
Perth-Karratha,Perth,Karratha,All Airlines,Jul-11,306,299,7,251,220,48,79,2011,7
Perth-Melbourne,Perth,Melbourne,All Airlines,Jul-11,420,417,3,288,317,129,100,2011,7
Perth-Newman,Perth,Newman,All Airlines,Jul-11,129,126,3,100,93,26,33,2011,7
Perth-Port Hedland,Perth,Port Hedland,All Airlines,Jul-11,178,174,4,146,128,28,46,2011,7
Perth-Sydney,Perth,Sydney,All Airlines,Jul-11,410,402,8,251,282,151,120,2011,7
Port Hedland-Perth,Port Hedland,Perth,All Airlines,Jul-11,181,176,5,129,118,47,58,2011,7
Port Lincoln-Adelaide,Port Lincoln,Adelaide,All Airlines,Jul-11,317,317,0,300,295,17,22,2011,7
Port Macquarie-Sydney,Port Macquarie,Sydney,All Airlines,Jul-11,197,194,3,129,123,65,71,2011,7
Proserpine-Brisbane,Proserpine,Brisbane,All Airlines,Jul-11,62,62,0,46,50,16,12,2011,7
Rockhampton-Brisbane,Rockhampton,Brisbane,All Airlines,Jul-11,345,344,1,250,236,94,108,2011,7
Sunshine Coast-Melbourne,Sunshine Coast,Melbourne,All Airlines,Jul-11,106,104,2,64,54,40,50,2011,7
Sunshine Coast-Sydney,Sunshine Coast,Sydney,All Airlines,Jul-11,159,153,6,102,102,51,51,2011,7
Sydney-Adelaide,Sydney,Adelaide,All Airlines,Jul-11,529,528,1,423,397,105,131,2011,7
Sydney-Albury,Sydney,Albury,All Airlines,Jul-11,293,291,2,185,168,106,123,2011,7
Sydney-Ayers Rock,Sydney,Ayers Rock,All Airlines,Jul-11,62,62,0,49,39,13,23,2011,7
Sydney-Ballina,Sydney,Ballina,All Airlines,Jul-11,141,141,0,104,103,37,38,2011,7
Sydney-Brisbane,Sydney,Brisbane,All Airlines,Jul-11,1242,1236,6,955,952,281,284,2011,7
Sydney-Cairns,Sydney,Cairns,All Airlines,Jul-11,295,291,4,212,217,79,74,2011,7
Sydney-Canberra,Sydney,Canberra,All Airlines,Jul-11,806,765,41,582,517,183,248,2011,7
Sydney-Coffs Harbour,Sydney,Coffs Harbour,All Airlines,Jul-11,208,205,3,138,138,67,67,2011,7
Sydney-Dubbo,Sydney,Dubbo,All Airlines,Jul-11,285,282,3,211,203,71,79,2011,7
Sydney-Gold Coast,Sydney,Gold Coast,All Airlines,Jul-11,658,640,18,468,461,172,179,2011,7
Sydney-Hamilton Island,Sydney,Hamilton Island,All Airlines,Jul-11,62,62,0,43,40,19,22,2011,7
Sydney-Hobart,Sydney,Hobart,All Airlines,Jul-11,150,149,1,114,108,35,41,2011,7
Sydney-Launceston,Sydney,Launceston,All Airlines,Jul-11,62,62,0,41,40,21,22,2011,7
Sydney-Melbourne,Sydney,Melbourne,All Airlines,Jul-11,1869,1812,57,1404,1225,408,587,2011,7
Sydney-Perth,Sydney,Perth,All Airlines,Jul-11,411,404,7,300,284,104,120,2011,7
Sydney-Port Macquarie,Sydney,Port Macquarie,All Airlines,Jul-11,197,195,2,133,129,62,66,2011,7
Sydney-Sunshine Coast,Sydney,Sunshine Coast,All Airlines,Jul-11,156,152,4,99,101,53,51,2011,7
Sydney-Townsville,Sydney,Townsville,All Airlines,Jul-11,53,53,0,39,40,14,13,2011,7
Sydney-Wagga Wagga,Sydney,Wagga Wagga,All Airlines,Jul-11,254,253,1,180,141,73,112,2011,7
Townsville-Brisbane,Townsville,Brisbane,All Airlines,Jul-11,355,355,0,303,298,52,57,2011,7
Townsville-Cairns,Townsville,Cairns,All Airlines,Jul-11,211,210,1,163,156,47,54,2011,7
Townsville-Sydney,Townsville,Sydney,All Airlines,Jul-11,53,53,0,32,32,21,21,2011,7
Wagga Wagga-Sydney,Wagga Wagga,Sydney,All Airlines,Jul-11,251,251,0,181,163,70,88,2011,7
Adelaide-Brisbane,Adelaide,Brisbane,All Airlines,Aug-11,233,233,0,219,217,14,16,2011,8
Adelaide-Canberra,Adelaide,Canberra,All Airlines,Aug-11,81,81,0,72,73,9,8,2011,8
Adelaide-Gold Coast,Adelaide,Gold Coast,All Airlines,Aug-11,63,61,2,56,57,5,4,2011,8
Adelaide-Melbourne,Adelaide,Melbourne,All Airlines,Aug-11,670,667,3,585,546,82,121,2011,8
Adelaide-Perth,Adelaide,Perth,All Airlines,Aug-11,209,209,0,193,163,16,46,2011,8
Adelaide-Port Lincoln,Adelaide,Port Lincoln,All Airlines,Aug-11,312,311,1,289,280,22,31,2011,8
Adelaide-Sydney,Adelaide,Sydney,All Airlines,Aug-11,513,506,7,454,453,52,53,2011,8
Albury-Sydney,Albury,Sydney,All Airlines,Aug-11,298,293,5,228,220,65,73,2011,8
Ayers Rock-Sydney,Ayers Rock,Sydney,All Airlines,Aug-11,62,62,0,52,55,10,7,2011,8
Ballina-Sydney,Ballina,Sydney,All Airlines,Aug-11,143,142,1,118,107,24,35,2011,8
Brisbane-Adelaide,Brisbane,Adelaide,All Airlines,Aug-11,233,233,0,215,223,18,10,2011,8
Brisbane-Cairns,Brisbane,Cairns,All Airlines,Aug-11,364,363,1,323,335,40,28,2011,8
Brisbane-Canberra,Brisbane,Canberra,All Airlines,Aug-11,288,288,0,257,260,31,28,2011,8
Brisbane-Darwin,Brisbane,Darwin,All Airlines,Aug-11,62,62,0,45,49,17,13,2011,8
Brisbane-Hamilton Island,Brisbane,Hamilton Island,All Airlines,Aug-11,63,63,0,56,55,7,8,2011,8
Brisbane-Mackay,Brisbane,Mackay,All Airlines,Aug-11,382,381,1,324,328,57,53,2011,8
Brisbane-Melbourne,Brisbane,Melbourne,All Airlines,Aug-11,887,879,8,746,741,133,138,2011,8
Brisbane-Newcastle,Brisbane,Newcastle,All Airlines,Aug-11,251,250,1,205,185,45,65,2011,8
Brisbane-Perth,Brisbane,Perth,All Airlines,Aug-11,225,224,1,185,165,39,59,2011,8
Brisbane-Proserpine,Brisbane,Proserpine,All Airlines,Aug-11,63,63,0,58,59,5,4,2011,8
Brisbane-Rockhampton,Brisbane,Rockhampton,All Airlines,Aug-11,370,369,1,297,297,72,72,2011,8
Brisbane-Sydney,Brisbane,Sydney,All Airlines,Aug-11,1240,1221,19,1025,990,196,231,2011,8
Brisbane-Townsville,Brisbane,Townsville,All Airlines,Aug-11,345,344,1,300,309,44,35,2011,8
Broome-Perth,Broome,Perth,All Airlines,Aug-11,170,167,3,112,106,55,61,2011,8
Cairns-Brisbane,Cairns,Brisbane,All Airlines,Aug-11,365,364,1,343,325,21,39,2011,8
Cairns-Melbourne,Cairns,Melbourne,All Airlines,Aug-11,159,157,2,114,111,43,46,2011,8
Cairns-Sydney,Cairns,Sydney,All Airlines,Aug-11,285,277,8,236,231,41,46,2011,8
Cairns-Townsville,Cairns,Townsville,All Airlines,Aug-11,218,216,2,184,178,32,38,2011,8
Canberra-Adelaide,Canberra,Adelaide,All Airlines,Aug-11,85,85,0,79,80,6,5,2011,8
Canberra-Brisbane,Canberra,Brisbane,All Airlines,Aug-11,295,287,8,263,249,24,38,2011,8
Canberra-Melbourne,Canberra,Melbourne,All Airlines,Aug-11,482,476,6,426,407,50,69,2011,8
Canberra-Sydney,Canberra,Sydney,All Airlines,Aug-11,796,765,31,643,601,122,164,2011,8
Coffs Harbour-Sydney,Coffs Harbour,Sydney,All Airlines,Aug-11,209,204,5,163,164,41,40,2011,8
Darwin-Brisbane,Darwin,Brisbane,All Airlines,Aug-11,62,62,0,44,48,18,14,2011,8
Darwin-Melbourne,Darwin,Melbourne,All Airlines,Aug-11,63,63,0,56,53,7,10,2011,8
Darwin-Perth,Darwin,Perth,All Airlines,Aug-11,62,62,0,56,58,6,4,2011,8
Dubbo-Sydney,Dubbo,Sydney,All Airlines,Aug-11,297,296,1,244,235,52,61,2011,8
Gold Coast-Adelaide,Gold Coast,Adelaide,All Airlines,Aug-11,63,61,2,58,58,3,3,2011,8
Gold Coast-Melbourne,Gold Coast,Melbourne,All Airlines,Aug-11,403,392,11,301,310,91,82,2011,8
Gold Coast-Sydney,Gold Coast,Sydney,All Airlines,Aug-11,628,605,23,484,496,121,109,2011,8
Hamilton Island-Brisbane,Hamilton Island,Brisbane,All Airlines,Aug-11,64,63,1,53,52,10,11,2011,8
Hamilton Island-Sydney,Hamilton Island,Sydney,All Airlines,Aug-11,64,63,1,49,51,14,12,2011,8
Hobart-Melbourne,Hobart,Melbourne,All Airlines,Aug-11,297,297,0,244,243,53,54,2011,8
Hobart-Sydney,Hobart,Sydney,All Airlines,Aug-11,141,139,2,87,95,52,44,2011,8
Kalgoorlie-Perth,Kalgoorlie,Perth,All Airlines,Aug-11,127,125,2,96,84,29,41,2011,8
Karratha-Perth,Karratha,Perth,All Airlines,Aug-11,297,292,5,250,222,42,70,2011,8
Launceston-Melbourne,Launceston,Melbourne,All Airlines,Aug-11,292,291,1,234,237,57,54,2011,8
Launceston-Sydney,Launceston,Sydney,All Airlines,Aug-11,62,62,0,43,43,19,19,2011,8
Mackay-Brisbane,Mackay,Brisbane,All Airlines,Aug-11,383,380,3,322,315,58,65,2011,8
Melbourne-Adelaide,Melbourne,Adelaide,All Airlines,Aug-11,670,668,2,590,589,78,79,2011,8
Melbourne-Brisbane,Melbourne,Brisbane,All Airlines,Aug-11,887,879,8,742,726,137,153,2011,8
Melbourne-Cairns,Melbourne,Cairns,All Airlines,Aug-11,158,156,2,116,125,40,31,2011,8
Melbourne-Canberra,Melbourne,Canberra,All Airlines,Aug-11,482,475,7,418,417,57,58,2011,8
Melbourne-Darwin,Melbourne,Darwin,All Airlines,Aug-11,63,63,0,56,54,7,9,2011,8
Melbourne-Gold Coast,Melbourne,Gold Coast,All Airlines,Aug-11,400,394,6,312,297,82,97,2011,8
Melbourne-Hobart,Melbourne,Hobart,All Airlines,Aug-11,297,297,0,237,235,60,62,2011,8
Melbourne-Launceston,Melbourne,Launceston,All Airlines,Aug-11,292,292,0,237,230,55,62,2011,8
Melbourne-Mildura,Melbourne,Mildura,All Airlines,Aug-11,213,212,1,185,174,27,38,2011,8
Melbourne-Newcastle,Melbourne,Newcastle,All Airlines,Aug-11,141,138,3,114,117,24,21,2011,8
Melbourne-Perth,Melbourne,Perth,All Airlines,Aug-11,417,414,3,325,291,89,123,2011,8
Melbourne-Sunshine Coast,Melbourne,Sunshine Coast,All Airlines,Aug-11,91,90,1,48,61,42,29,2011,8
Melbourne-Sydney,Melbourne,Sydney,All Airlines,Aug-11,1994,1934,60,1668,1627,266,307,2011,8
Mildura-Melbourne,Mildura,Melbourne,All Airlines,Aug-11,212,211,1,193,183,18,28,2011,8
Newcastle-Brisbane,Newcastle,Brisbane,All Airlines,Aug-11,251,249,2,197,202,52,47,2011,8
Newcastle-Melbourne,Newcastle,Melbourne,All Airlines,Aug-11,143,139,4,120,117,19,22,2011,8
Newman-Perth,Newman,Perth,All Airlines,Aug-11,135,135,0,107,88,28,47,2011,8
Perth-Adelaide,Perth,Adelaide,All Airlines,Aug-11,209,209,0,156,173,53,36,2011,8
Perth-Brisbane,Perth,Brisbane,All Airlines,Aug-11,225,225,0,170,184,55,41,2011,8
Perth-Broome,Perth,Broome,All Airlines,Aug-11,169,166,3,127,118,39,48,2011,8
Perth-Darwin,Perth,Darwin,All Airlines,Aug-11,62,62,0,58,55,4,7,2011,8
Perth-Kalgoorlie,Perth,Kalgoorlie,All Airlines,Aug-11,125,124,1,103,98,21,26,2011,8
Perth-Karratha,Perth,Karratha,All Airlines,Aug-11,295,291,4,258,253,33,38,2011,8
Perth-Melbourne,Perth,Melbourne,All Airlines,Aug-11,417,413,4,289,325,124,88,2011,8
Perth-Newman,Perth,Newman,All Airlines,Aug-11,136,133,3,107,107,26,26,2011,8
Perth-Port Hedland,Perth,Port Hedland,All Airlines,Aug-11,185,182,3,151,148,31,34,2011,8
Perth-Sydney,Perth,Sydney,All Airlines,Aug-11,413,402,11,290,302,112,100,2011,8
Port Hedland-Perth,Port Hedland,Perth,All Airlines,Aug-11,187,180,7,147,132,33,48,2011,8
Port Lincoln-Adelaide,Port Lincoln,Adelaide,All Airlines,Aug-11,312,311,1,289,287,22,24,2011,8
Port Macquarie-Sydney,Port Macquarie,Sydney,All Airlines,Aug-11,201,195,6,160,156,35,39,2011,8
Proserpine-Brisbane,Proserpine,Brisbane,All Airlines,Aug-11,63,63,0,54,53,9,10,2011,8
Rockhampton-Brisbane,Rockhampton,Brisbane,All Airlines,Aug-11,347,346,1,267,257,79,89,2011,8
Sunshine Coast-Melbourne,Sunshine Coast,Melbourne,All Airlines,Aug-11,93,89,4,54,56,35,33,2011,8
Sunshine Coast-Sydney,Sunshine Coast,Sydney,All Airlines,Aug-11,135,127,8,107,105,20,22,2011,8
Sydney-Adelaide,Sydney,Adelaide,All Airlines,Aug-11,509,506,3,439,443,67,63,2011,8
Sydney-Albury,Sydney,Albury,All Airlines,Aug-11,299,294,5,227,228,67,66,2011,8
Sydney-Ayers Rock,Sydney,Ayers Rock,All Airlines,Aug-11,62,62,0,57,52,5,10,2011,8
Sydney-Ballina,Sydney,Ballina,All Airlines,Aug-11,143,143,0,130,122,13,21,2011,8
Sydney-Brisbane,Sydney,Brisbane,All Airlines,Aug-11,1241,1231,10,1063,1041,168,190,2011,8
Sydney-Cairns,Sydney,Cairns,All Airlines,Aug-11,285,278,7,221,240,57,38,2011,8
Sydney-Canberra,Sydney,Canberra,All Airlines,Aug-11,800,772,28,634,605,138,167,2011,8
Sydney-Coffs Harbour,Sydney,Coffs Harbour,All Airlines,Aug-11,209,205,4,163,161,42,44,2011,8
Sydney-Dubbo,Sydney,Dubbo,All Airlines,Aug-11,297,296,1,247,242,49,54,2011,8
Sydney-Gold Coast,Sydney,Gold Coast,All Airlines,Aug-11,627,609,18,509,498,100,111,2011,8
Sydney-Hamilton Island,Sydney,Hamilton Island,All Airlines,Aug-11,63,63,0,52,51,11,12,2011,8
Sydney-Hobart,Sydney,Hobart,All Airlines,Aug-11,141,140,1,115,113,25,27,2011,8
Sydney-Launceston,Sydney,Launceston,All Airlines,Aug-11,62,62,0,54,46,8,16,2011,8
Sydney-Melbourne,Sydney,Melbourne,All Airlines,Aug-11,1993,1934,59,1684,1571,250,363,2011,8
Sydney-Perth,Sydney,Perth,All Airlines,Aug-11,412,403,9,333,291,70,112,2011,8
Sydney-Port Macquarie,Sydney,Port Macquarie,All Airlines,Aug-11,201,198,3,160,156,38,42,2011,8
Sydney-Sunshine Coast,Sydney,Sunshine Coast,All Airlines,Aug-11,134,129,5,103,103,26,26,2011,8
Sydney-Townsville,Sydney,Townsville,All Airlines,Aug-11,53,53,0,39,43,14,10,2011,8
Sydney-Wagga Wagga,Sydney,Wagga Wagga,All Airlines,Aug-11,260,260,0,226,204,34,56,2011,8
Townsville-Brisbane,Townsville,Brisbane,All Airlines,Aug-11,345,344,1,311,301,33,43,2011,8
Townsville-Cairns,Townsville,Cairns,All Airlines,Aug-11,217,215,2,176,162,39,53,2011,8
Townsville-Sydney,Townsville,Sydney,All Airlines,Aug-11,53,53,0,38,34,15,19,2011,8
Wagga Wagga-Sydney,Wagga Wagga,Sydney,All Airlines,Aug-11,260,260,0,219,210,41,50,2011,8
Adelaide-Brisbane,Adelaide,Brisbane,All Airlines,Sep-11,229,225,4,200,204,25,21,2011,9
Adelaide-Canberra,Adelaide,Canberra,All Airlines,Sep-11,80,78,2,72,72,6,6,2011,9
Adelaide-Gold Coast,Adelaide,Gold Coast,All Airlines,Sep-11,60,59,1,56,57,3,2,2011,9
Adelaide-Melbourne,Adelaide,Melbourne,All Airlines,Sep-11,643,630,13,537,521,93,109,2011,9
Adelaide-Perth,Adelaide,Perth,All Airlines,Sep-11,202,201,1,176,171,25,30,2011,9
Adelaide-Port Lincoln,Adelaide,Port Lincoln,All Airlines,Sep-11,312,308,4,287,283,21,25,2011,9
Adelaide-Sydney,Adelaide,Sydney,All Airlines,Sep-11,503,500,3,445,447,55,53,2011,9
Albury-Sydney,Albury,Sydney,All Airlines,Sep-11,292,292,0,241,242,51,50,2011,9
Ayers Rock-Sydney,Ayers Rock,Sydney,All Airlines,Sep-11,60,60,0,47,50,13,10,2011,9
Ballina-Sydney,Ballina,Sydney,All Airlines,Sep-11,147,147,0,112,108,35,39,2011,9
Brisbane-Adelaide,Brisbane,Adelaide,All Airlines,Sep-11,228,225,3,194,198,31,27,2011,9
Brisbane-Cairns,Brisbane,Cairns,All Airlines,Sep-11,350,348,2,303,313,45,35,2011,9
Brisbane-Canberra,Brisbane,Canberra,All Airlines,Sep-11,279,279,0,243,249,36,30,2011,9
Brisbane-Darwin,Brisbane,Darwin,All Airlines,Sep-11,60,60,0,40,42,20,18,2011,9
Brisbane-Hamilton Island,Brisbane,Hamilton Island,All Airlines,Sep-11,60,60,0,55,54,5,6,2011,9
Brisbane-Mackay,Brisbane,Mackay,All Airlines,Sep-11,370,368,2,307,322,61,46,2011,9
Brisbane-Melbourne,Brisbane,Melbourne,All Airlines,Sep-11,902,890,12,766,750,124,140,2011,9
Brisbane-Newcastle,Brisbane,Newcastle,All Airlines,Sep-11,244,242,2,196,182,46,60,2011,9
Brisbane-Perth,Brisbane,Perth,All Airlines,Sep-11,215,215,0,161,170,54,45,2011,9
Brisbane-Proserpine,Brisbane,Proserpine,All Airlines,Sep-11,60,60,0,50,53,10,7,2011,9
Brisbane-Rockhampton,Brisbane,Rockhampton,All Airlines,Sep-11,358,356,2,285,293,71,63,2011,9
Brisbane-Sydney,Brisbane,Sydney,All Airlines,Sep-11,1202,1176,26,956,919,220,257,2011,9
Brisbane-Townsville,Brisbane,Townsville,All Airlines,Sep-11,340,338,2,290,299,48,39,2011,9
Broome-Perth,Broome,Perth,All Airlines,Sep-11,169,168,1,129,133,39,35,2011,9
Cairns-Brisbane,Cairns,Brisbane,All Airlines,Sep-11,351,348,3,310,304,38,44,2011,9
Cairns-Melbourne,Cairns,Melbourne,All Airlines,Sep-11,149,148,1,122,123,26,25,2011,9
Cairns-Sydney,Cairns,Sydney,All Airlines,Sep-11,258,255,3,222,231,33,24,2011,9
Cairns-Townsville,Cairns,Townsville,All Airlines,Sep-11,203,201,2,176,168,25,33,2011,9
Canberra-Adelaide,Canberra,Adelaide,All Airlines,Sep-11,82,81,1,71,73,10,8,2011,9
Canberra-Brisbane,Canberra,Brisbane,All Airlines,Sep-11,284,279,5,258,244,21,35,2011,9
Canberra-Melbourne,Canberra,Melbourne,All Airlines,Sep-11,468,456,12,389,366,67,90,2011,9
Canberra-Sydney,Canberra,Sydney,All Airlines,Sep-11,791,764,27,636,594,128,170,2011,9
Coffs Harbour-Sydney,Coffs Harbour,Sydney,All Airlines,Sep-11,204,203,1,148,154,55,49,2011,9
Darwin-Brisbane,Darwin,Brisbane,All Airlines,Sep-11,60,60,0,42,39,18,21,2011,9
Darwin-Melbourne,Darwin,Melbourne,All Airlines,Sep-11,50,50,0,43,39,7,11,2011,9
Darwin-Perth,Darwin,Perth,All Airlines,Sep-11,60,60,0,52,54,8,6,2011,9
Dubbo-Sydney,Dubbo,Sydney,All Airlines,Sep-11,285,285,0,245,235,40,50,2011,9
Gold Coast-Adelaide,Gold Coast,Adelaide,All Airlines,Sep-11,60,59,1,56,56,3,3,2011,9
Gold Coast-Melbourne,Gold Coast,Melbourne,All Airlines,Sep-11,433,425,8,343,339,82,86,2011,9
Gold Coast-Sydney,Gold Coast,Sydney,All Airlines,Sep-11,633,616,17,486,497,130,119,2011,9
Hamilton Island-Brisbane,Hamilton Island,Brisbane,All Airlines,Sep-11,60,60,0,47,48,13,12,2011,9
Hamilton Island-Sydney,Hamilton Island,Sydney,All Airlines,Sep-11,58,58,0,45,44,13,14,2011,9
Hobart-Melbourne,Hobart,Melbourne,All Airlines,Sep-11,300,298,2,232,225,66,73,2011,9
Hobart-Sydney,Hobart,Sydney,All Airlines,Sep-11,150,147,3,108,117,39,30,2011,9
Kalgoorlie-Perth,Kalgoorlie,Perth,All Airlines,Sep-11,112,110,2,89,88,21,22,2011,9
Karratha-Perth,Karratha,Perth,All Airlines,Sep-11,298,290,8,240,239,50,51,2011,9
Launceston-Melbourne,Launceston,Melbourne,All Airlines,Sep-11,293,289,4,226,227,63,62,2011,9
Launceston-Sydney,Launceston,Sydney,All Airlines,Sep-11,60,60,0,42,41,18,19,2011,9
Mackay-Brisbane,Mackay,Brisbane,All Airlines,Sep-11,278,277,1,238,241,39,36,2011,9
Melbourne-Adelaide,Melbourne,Adelaide,All Airlines,Sep-11,644,637,7,545,533,92,104,2011,9
Melbourne-Brisbane,Melbourne,Brisbane,All Airlines,Sep-11,903,887,16,707,743,180,144,2011,9
Melbourne-Cairns,Melbourne,Cairns,All Airlines,Sep-11,150,149,1,124,130,25,19,2011,9
Melbourne-Canberra,Melbourne,Canberra,All Airlines,Sep-11,467,457,10,378,379,79,78,2011,9
Melbourne-Darwin,Melbourne,Darwin,All Airlines,Sep-11,50,50,0,40,42,10,8,2011,9
Melbourne-Gold Coast,Melbourne,Gold Coast,All Airlines,Sep-11,432,423,9,335,353,88,70,2011,9
Melbourne-Hobart,Melbourne,Hobart,All Airlines,Sep-11,299,297,2,220,219,77,78,2011,9
Melbourne-Launceston,Melbourne,Launceston,All Airlines,Sep-11,293,289,4,227,227,62,62,2011,9
Melbourne-Mildura,Melbourne,Mildura,All Airlines,Sep-11,207,207,0,167,160,40,47,2011,9
Melbourne-Newcastle,Melbourne,Newcastle,All Airlines,Sep-11,152,144,8,121,128,23,16,2011,9
Melbourne-Perth,Melbourne,Perth,All Airlines,Sep-11,425,418,7,334,312,84,106,2011,9
Melbourne-Sunshine Coast,Melbourne,Sunshine Coast,All Airlines,Sep-11,103,102,1,66,84,36,18,2011,9
Melbourne-Sydney,Melbourne,Sydney,All Airlines,Sep-11,1964,1871,93,1524,1519,347,352,2011,9
Mildura-Melbourne,Mildura,Melbourne,All Airlines,Sep-11,208,208,0,180,163,28,45,2011,9
Newcastle-Brisbane,Newcastle,Brisbane,All Airlines,Sep-11,244,242,2,192,195,50,47,2011,9
Newcastle-Melbourne,Newcastle,Melbourne,All Airlines,Sep-11,152,143,9,120,118,23,25,2011,9
Newman-Perth,Newman,Perth,All Airlines,Sep-11,136,136,0,110,103,26,33,2011,9
Perth-Adelaide,Perth,Adelaide,All Airlines,Sep-11,203,199,4,165,177,34,22,2011,9
Perth-Brisbane,Perth,Brisbane,All Airlines,Sep-11,214,214,0,170,178,44,36,2011,9
Perth-Broome,Perth,Broome,All Airlines,Sep-11,174,173,1,141,139,32,34,2011,9
Perth-Darwin,Perth,Darwin,All Airlines,Sep-11,60,60,0,55,54,5,6,2011,9
Perth-Kalgoorlie,Perth,Kalgoorlie,All Airlines,Sep-11,113,111,2,92,91,19,20,2011,9
Perth-Karratha,Perth,Karratha,All Airlines,Sep-11,297,291,6,252,250,39,41,2011,9
Perth-Melbourne,Perth,Melbourne,All Airlines,Sep-11,426,420,6,318,335,102,85,2011,9
Perth-Newman,Perth,Newman,All Airlines,Sep-11,136,135,1,118,116,17,19,2011,9
Perth-Port Hedland,Perth,Port Hedland,All Airlines,Sep-11,174,173,1,151,145,22,28,2011,9
Perth-Sydney,Perth,Sydney,All Airlines,Sep-11,395,383,12,277,289,106,94,2011,9
Port Hedland-Perth,Port Hedland,Perth,All Airlines,Sep-11,174,174,0,146,146,28,28,2011,9
Port Lincoln-Adelaide,Port Lincoln,Adelaide,All Airlines,Sep-11,312,308,4,284,285,24,23,2011,9
Port Macquarie-Sydney,Port Macquarie,Sydney,All Airlines,Sep-11,195,195,0,163,158,32,37,2011,9
Proserpine-Brisbane,Proserpine,Brisbane,All Airlines,Sep-11,60,60,0,49,50,11,10,2011,9
Rockhampton-Brisbane,Rockhampton,Brisbane,All Airlines,Sep-11,336,334,2,262,265,72,69,2011,9
Sunshine Coast-Melbourne,Sunshine Coast,Melbourne,All Airlines,Sep-11,103,102,1,75,77,27,25,2011,9
Sunshine Coast-Sydney,Sunshine Coast,Sydney,All Airlines,Sep-11,138,137,1,114,114,23,23,2011,9
Sydney-Adelaide,Sydney,Adelaide,All Airlines,Sep-11,499,496,3,417,422,79,74,2011,9
Sydney-Albury,Sydney,Albury,All Airlines,Sep-11,292,292,0,226,233,66,59,2011,9
Sydney-Ayers Rock,Sydney,Ayers Rock,All Airlines,Sep-11,60,60,0,54,48,6,12,2011,9
Sydney-Ballina,Sydney,Ballina,All Airlines,Sep-11,148,148,0,128,134,20,14,2011,9
Sydney-Brisbane,Sydney,Brisbane,All Airlines,Sep-11,1202,1182,20,997,990,185,192,2011,9
Sydney-Cairns,Sydney,Cairns,All Airlines,Sep-11,257,256,1,198,214,58,42,2011,9
Sydney-Canberra,Sydney,Canberra,All Airlines,Sep-11,794,772,22,633,607,139,165,2011,9
Sydney-Coffs Harbour,Sydney,Coffs Harbour,All Airlines,Sep-11,204,203,1,153,156,50,47,2011,9
Sydney-Dubbo,Sydney,Dubbo,All Airlines,Sep-11,287,287,0,250,247,37,40,2011,9
Sydney-Gold Coast,Sydney,Gold Coast,All Airlines,Sep-11,632,617,15,505,513,112,104,2011,9
Sydney-Hamilton Island,Sydney,Hamilton Island,All Airlines,Sep-11,58,58,0,46,47,12,11,2011,9
Sydney-Hobart,Sydney,Hobart,All Airlines,Sep-11,150,147,3,122,124,25,23,2011,9
Sydney-Launceston,Sydney,Launceston,All Airlines,Sep-11,60,60,0,50,48,10,12,2011,9
Sydney-Melbourne,Sydney,Melbourne,All Airlines,Sep-11,1962,1875,87,1553,1456,322,419,2011,9
Sydney-Perth,Sydney,Perth,All Airlines,Sep-11,393,384,9,291,287,93,97,2011,9
Sydney-Port Macquarie,Sydney,Port Macquarie,All Airlines,Sep-11,195,195,0,153,155,42,40,2011,9
Sydney-Sunshine Coast,Sydney,Sunshine Coast,All Airlines,Sep-11,137,137,0,114,118,23,19,2011,9
Sydney-Townsville,Sydney,Townsville,All Airlines,Sep-11,55,55,0,48,48,7,7,2011,9
Sydney-Wagga Wagga,Sydney,Wagga Wagga,All Airlines,Sep-11,254,254,0,202,186,52,68,2011,9
Townsville-Brisbane,Townsville,Brisbane,All Airlines,Sep-11,341,336,5,302,300,34,36,2011,9
Townsville-Cairns,Townsville,Cairns,All Airlines,Sep-11,206,201,5,157,155,44,46,2011,9
Townsville-Sydney,Townsville,Sydney,All Airlines,Sep-11,55,55,0,44,43,11,12,2011,9
Wagga Wagga-Sydney,Wagga Wagga,Sydney,All Airlines,Sep-11,255,255,0,212,210,43,45,2011,9
Adelaide-Brisbane,Adelaide,Brisbane,All Airlines,Oct-11,232,225,7,205,193,20,32,2011,10
Adelaide-Canberra,Adelaide,Canberra,All Airlines,Oct-11,78,76,2,64,68,12,8,2011,10
Adelaide-Gold Coast,Adelaide,Gold Coast,All Airlines,Oct-11,62,62,0,60,61,2,1,2011,10
Adelaide-Melbourne,Adelaide,Melbourne,All Airlines,Oct-11,673,654,19,558,542,96,112,2011,10
Adelaide-Perth,Adelaide,Perth,All Airlines,Oct-11,207,196,11,168,172,28,24,2011,10
Adelaide-Port Lincoln,Adelaide,Port Lincoln,All Airlines,Oct-11,311,309,2,277,273,32,36,2011,10
Adelaide-Sydney,Adelaide,Sydney,All Airlines,Oct-11,510,486,24,417,395,69,91,2011,10
Albury-Sydney,Albury,Sydney,All Airlines,Oct-11,297,296,1,244,243,52,53,2011,10
Ayers Rock-Sydney,Ayers Rock,Sydney,All Airlines,Oct-11,62,60,2,46,50,14,10,2011,10
Ballina-Sydney,Ballina,Sydney,All Airlines,Oct-11,140,140,0,94,75,46,65,2011,10
Brisbane-Adelaide,Brisbane,Adelaide,All Airlines,Oct-11,231,224,7,178,195,46,29,2011,10
Brisbane-Cairns,Brisbane,Cairns,All Airlines,Oct-11,357,351,6,282,281,69,70,2011,10
Brisbane-Canberra,Brisbane,Canberra,All Airlines,Oct-11,291,279,12,226,229,53,50,2011,10
Brisbane-Darwin,Brisbane,Darwin,All Airlines,Oct-11,62,60,2,43,47,17,13,2011,10
Brisbane-Hamilton Island,Brisbane,Hamilton Island,All Airlines,Oct-11,61,61,0,41,44,20,17,2011,10
Brisbane-Mackay,Brisbane,Mackay,All Airlines,Oct-11,379,376,3,294,311,82,65,2011,10
Brisbane-Melbourne,Brisbane,Melbourne,All Airlines,Oct-11,954,918,36,727,761,191,157,2011,10
Brisbane-Newcastle,Brisbane,Newcastle,All Airlines,Oct-11,248,247,1,201,190,46,57,2011,10
Brisbane-Perth,Brisbane,Perth,All Airlines,Oct-11,226,219,7,144,163,75,56,2011,10
Brisbane-Proserpine,Brisbane,Proserpine,All Airlines,Oct-11,61,61,0,54,56,7,5,2011,10
Brisbane-Rockhampton,Brisbane,Rockhampton,All Airlines,Oct-11,364,363,1,278,289,85,74,2011,10
Brisbane-Sydney,Brisbane,Sydney,All Airlines,Oct-11,1236,1161,75,857,854,304,307,2011,10
Brisbane-Townsville,Brisbane,Townsville,All Airlines,Oct-11,349,338,11,267,276,71,62,2011,10
Broome-Perth,Broome,Perth,All Airlines,Oct-11,172,165,7,122,124,43,41,2011,10
Cairns-Brisbane,Cairns,Brisbane,All Airlines,Oct-11,354,349,5,286,270,63,79,2011,10
Cairns-Melbourne,Cairns,Melbourne,All Airlines,Oct-11,149,147,2,111,111,36,36,2011,10
Cairns-Sydney,Cairns,Sydney,All Airlines,Oct-11,264,259,5,219,211,40,48,2011,10
Cairns-Townsville,Cairns,Townsville,All Airlines,Oct-11,213,208,5,173,163,35,45,2011,10
Canberra-Adelaide,Canberra,Adelaide,All Airlines,Oct-11,83,81,2,73,75,8,6,2011,10
Canberra-Brisbane,Canberra,Brisbane,All Airlines,Oct-11,291,278,13,246,233,32,45,2011,10
Canberra-Melbourne,Canberra,Melbourne,All Airlines,Oct-11,474,454,20,376,361,78,93,2011,10
Canberra-Sydney,Canberra,Sydney,All Airlines,Oct-11,804,764,40,634,605,130,159,2011,10
Coffs Harbour-Sydney,Coffs Harbour,Sydney,All Airlines,Oct-11,208,207,1,151,156,56,51,2011,10
Darwin-Brisbane,Darwin,Brisbane,All Airlines,Oct-11,62,59,3,45,41,14,18,2011,10
Darwin-Melbourne,Darwin,Melbourne,All Airlines,Oct-11,51,50,1,46,44,4,6,2011,10
Darwin-Perth,Darwin,Perth,All Airlines,Oct-11,62,60,2,54,52,6,8,2011,10
Dubbo-Sydney,Dubbo,Sydney,All Airlines,Oct-11,282,282,0,238,213,44,69,2011,10
Gold Coast-Adelaide,Gold Coast,Adelaide,All Airlines,Oct-11,62,62,0,55,59,7,3,2011,10
Gold Coast-Melbourne,Gold Coast,Melbourne,All Airlines,Oct-11,470,468,2,360,362,108,106,2011,10
Gold Coast-Sydney,Gold Coast,Sydney,All Airlines,Oct-11,631,625,6,470,490,155,135,2011,10
Hamilton Island-Brisbane,Hamilton Island,Brisbane,All Airlines,Oct-11,61,61,0,33,34,28,27,2011,10
Hamilton Island-Sydney,Hamilton Island,Sydney,All Airlines,Oct-11,62,62,0,49,45,13,17,2011,10
Hobart-Melbourne,Hobart,Melbourne,All Airlines,Oct-11,317,311,6,233,222,78,89,2011,10
Hobart-Sydney,Hobart,Sydney,All Airlines,Oct-11,154,152,2,109,113,43,39,2011,10
Kalgoorlie-Perth,Kalgoorlie,Perth,All Airlines,Oct-11,105,103,2,77,80,26,23,2011,10
Karratha-Perth,Karratha,Perth,All Airlines,Oct-11,293,273,20,236,230,37,43,2011,10
Launceston-Melbourne,Launceston,Melbourne,All Airlines,Oct-11,304,303,1,228,221,75,82,2011,10
Launceston-Sydney,Launceston,Sydney,All Airlines,Oct-11,63,63,0,45,49,18,14,2011,10
Mackay-Brisbane,Mackay,Brisbane,All Airlines,Oct-11,380,376,4,308,297,68,79,2011,10
Melbourne-Adelaide,Melbourne,Adelaide,All Airlines,Oct-11,674,649,25,538,535,111,114,2011,10
Melbourne-Brisbane,Melbourne,Brisbane,All Airlines,Oct-11,950,921,29,749,704,172,217,2011,10
Melbourne-Cairns,Melbourne,Cairns,All Airlines,Oct-11,148,146,2,117,121,29,25,2011,10
Melbourne-Canberra,Melbourne,Canberra,All Airlines,Oct-11,474,456,18,366,371,90,85,2011,10
Melbourne-Darwin,Melbourne,Darwin,All Airlines,Oct-11,51,50,1,49,48,1,2,2011,10
Melbourne-Gold Coast,Melbourne,Gold Coast,All Airlines,Oct-11,471,471,0,383,367,88,104,2011,10
Melbourne-Hobart,Melbourne,Hobart,All Airlines,Oct-11,317,312,5,229,230,83,82,2011,10
Melbourne-Launceston,Melbourne,Launceston,All Airlines,Oct-11,304,303,1,222,215,81,88,2011,10
Melbourne-Mildura,Melbourne,Mildura,All Airlines,Oct-11,210,210,0,172,168,38,42,2011,10
Melbourne-Newcastle,Melbourne,Newcastle,All Airlines,Oct-11,145,145,0,121,123,24,22,2011,10
Melbourne-Perth,Melbourne,Perth,All Airlines,Oct-11,439,421,18,321,346,100,75,2011,10
Melbourne-Sunshine Coast,Melbourne,Sunshine Coast,All Airlines,Oct-11,95,95,0,61,54,34,41,2011,10
Melbourne-Sydney,Melbourne,Sydney,All Airlines,Oct-11,2028,1897,131,1463,1390,434,507,2011,10
Mildura-Melbourne,Mildura,Melbourne,All Airlines,Oct-11,209,209,0,181,175,28,34,2011,10
Newcastle-Brisbane,Newcastle,Brisbane,All Airlines,Oct-11,247,245,2,186,187,59,58,2011,10
Newcastle-Melbourne,Newcastle,Melbourne,All Airlines,Oct-11,144,144,0,111,111,33,33,2011,10
Newman-Perth,Newman,Perth,All Airlines,Oct-11,138,131,7,93,88,38,43,2011,10
Perth-Adelaide,Perth,Adelaide,All Airlines,Oct-11,206,198,8,147,165,51,33,2011,10
Perth-Brisbane,Perth,Brisbane,All Airlines,Oct-11,225,218,7,160,127,58,91,2011,10
Perth-Broome,Perth,Broome,All Airlines,Oct-11,173,164,9,126,121,38,43,2011,10
Perth-Darwin,Perth,Darwin,All Airlines,Oct-11,62,60,2,56,54,4,6,2011,10
Perth-Kalgoorlie,Perth,Kalgoorlie,All Airlines,Oct-11,103,100,3,84,84,16,16,2011,10
Perth-Karratha,Perth,Karratha,All Airlines,Oct-11,293,274,19,231,223,43,51,2011,10
Perth-Melbourne,Perth,Melbourne,All Airlines,Oct-11,441,424,17,319,329,105,95,2011,10
Perth-Newman,Perth,Newman,All Airlines,Oct-11,137,131,6,109,103,22,28,2011,10
Perth-Port Hedland,Perth,Port Hedland,All Airlines,Oct-11,178,173,5,151,152,22,21,2011,10
Perth-Sydney,Perth,Sydney,All Airlines,Oct-11,405,380,25,305,291,75,89,2011,10
Port Hedland-Perth,Port Hedland,Perth,All Airlines,Oct-11,178,172,6,143,148,29,24,2011,10
Port Lincoln-Adelaide,Port Lincoln,Adelaide,All Airlines,Oct-11,312,309,3,274,276,35,33,2011,10
Port Macquarie-Sydney,Port Macquarie,Sydney,All Airlines,Oct-11,196,196,0,146,144,50,52,2011,10
Proserpine-Brisbane,Proserpine,Brisbane,All Airlines,Oct-11,62,62,0,54,49,8,13,2011,10
Rockhampton-Brisbane,Rockhampton,Brisbane,All Airlines,Oct-11,343,343,0,274,265,69,78,2011,10
Sunshine Coast-Melbourne,Sunshine Coast,Melbourne,All Airlines,Oct-11,95,95,0,50,53,45,42,2011,10
Sunshine Coast-Sydney,Sunshine Coast,Sydney,All Airlines,Oct-11,139,138,1,100,97,38,41,2011,10
Sydney-Adelaide,Sydney,Adelaide,All Airlines,Oct-11,506,483,23,401,426,82,57,2011,10
Sydney-Albury,Sydney,Albury,All Airlines,Oct-11,297,297,0,239,245,58,52,2011,10
Sydney-Ayers Rock,Sydney,Ayers Rock,All Airlines,Oct-11,63,61,2,47,50,14,11,2011,10
Sydney-Ballina,Sydney,Ballina,All Airlines,Oct-11,143,143,0,120,113,23,30,2011,10
Sydney-Brisbane,Sydney,Brisbane,All Airlines,Oct-11,1239,1164,75,883,848,281,316,2011,10
Sydney-Cairns,Sydney,Cairns,All Airlines,Oct-11,264,258,6,197,215,61,43,2011,10
Sydney-Canberra,Sydney,Canberra,All Airlines,Oct-11,809,769,40,643,634,126,135,2011,10
Sydney-Coffs Harbour,Sydney,Coffs Harbour,All Airlines,Oct-11,208,207,1,156,155,51,52,2011,10
Sydney-Dubbo,Sydney,Dubbo,All Airlines,Oct-11,281,281,0,230,238,51,43,2011,10
Sydney-Gold Coast,Sydney,Gold Coast,All Airlines,Oct-11,627,621,6,499,505,122,116,2011,10
Sydney-Hamilton Island,Sydney,Hamilton Island,All Airlines,Oct-11,62,62,0,49,52,13,10,2011,10
Sydney-Hobart,Sydney,Hobart,All Airlines,Oct-11,154,153,1,121,129,32,24,2011,10
Sydney-Launceston,Sydney,Launceston,All Airlines,Oct-11,63,63,0,52,50,11,13,2011,10
Sydney-Melbourne,Sydney,Melbourne,All Airlines,Oct-11,2029,1900,129,1476,1436,424,464,2011,10
Sydney-Perth,Sydney,Perth,All Airlines,Oct-11,405,382,23,277,313,105,69,2011,10
Sydney-Port Macquarie,Sydney,Port Macquarie,All Airlines,Oct-11,197,197,0,142,144,55,53,2011,10
Sydney-Sunshine Coast,Sydney,Sunshine Coast,All Airlines,Oct-11,137,137,0,101,108,36,29,2011,10
Sydney-Townsville,Sydney,Townsville,All Airlines,Oct-11,52,52,0,46,48,6,4,2011,10
Sydney-Wagga Wagga,Sydney,Wagga Wagga,All Airlines,Oct-11,253,253,0,203,196,50,57,2011,10
Townsville-Brisbane,Townsville,Brisbane,All Airlines,Oct-11,349,337,12,282,269,55,68,2011,10
Townsville-Cairns,Townsville,Cairns,All Airlines,Oct-11,212,207,5,148,141,59,66,2011,10
Townsville-Sydney,Townsville,Sydney,All Airlines,Oct-11,52,52,0,46,42,6,10,2011,10
Wagga Wagga-Sydney,Wagga Wagga,Sydney,All Airlines,Oct-11,253,252,1,213,201,39,51,2011,10
Adelaide-Brisbane,Adelaide,Brisbane,All Airlines,Nov-11,222,222,0,199,202,23,20,2011,11
Adelaide-Canberra,Adelaide,Canberra,All Airlines,Nov-11,78,78,0,66,68,12,10,2011,11
Adelaide-Gold Coast,Adelaide,Gold Coast,All Airlines,Nov-11,60,60,0,57,57,3,3,2011,11
Adelaide-Melbourne,Adelaide,Melbourne,All Airlines,Nov-11,640,632,8,541,535,91,97,2011,11
Adelaide-Perth,Adelaide,Perth,All Airlines,Nov-11,199,198,1,166,158,32,40,2011,11
Adelaide-Port Lincoln,Adelaide,Port Lincoln,All Airlines,Nov-11,307,307,0,291,288,16,19,2011,11
Adelaide-Sydney,Adelaide,Sydney,All Airlines,Nov-11,493,492,1,412,408,80,84,2011,11
Albury-Sydney,Albury,Sydney,All Airlines,Nov-11,291,290,1,205,197,85,93,2011,11
Ayers Rock-Sydney,Ayers Rock,Sydney,All Airlines,Nov-11,60,60,0,42,50,18,10,2011,11
Ballina-Sydney,Ballina,Sydney,All Airlines,Nov-11,113,108,5,61,42,47,66,2011,11
Brisbane-Adelaide,Brisbane,Adelaide,All Airlines,Nov-11,223,223,0,194,195,29,28,2011,11
Brisbane-Cairns,Brisbane,Cairns,All Airlines,Nov-11,344,344,0,303,312,41,32,2011,11
Brisbane-Canberra,Brisbane,Canberra,All Airlines,Nov-11,273,273,0,252,251,21,22,2011,11
Brisbane-Darwin,Brisbane,Darwin,All Airlines,Nov-11,60,60,0,45,43,15,17,2011,11
Brisbane-Hamilton Island,Brisbane,Hamilton Island,All Airlines,Nov-11,60,60,0,40,55,20,5,2011,11
Brisbane-Mackay,Brisbane,Mackay,All Airlines,Nov-11,360,358,2,295,305,63,53,2011,11
Brisbane-Melbourne,Brisbane,Melbourne,All Airlines,Nov-11,920,916,4,797,806,119,110,2011,11
Brisbane-Newcastle,Brisbane,Newcastle,All Airlines,Nov-11,248,247,1,206,196,41,51,2011,11
Brisbane-Perth,Brisbane,Perth,All Airlines,Nov-11,214,214,0,165,143,49,71,2011,11
Brisbane-Proserpine,Brisbane,Proserpine,All Airlines,Nov-11,59,59,0,51,53,8,6,2011,11
Brisbane-Rockhampton,Brisbane,Rockhampton,All Airlines,Nov-11,357,357,0,302,314,55,43,2011,11
Brisbane-Sydney,Brisbane,Sydney,All Airlines,Nov-11,1209,1194,15,960,933,234,261,2011,11
Brisbane-Townsville,Brisbane,Townsville,All Airlines,Nov-11,346,345,1,312,318,33,27,2011,11
Broome-Perth,Broome,Perth,All Airlines,Nov-11,125,120,5,86,86,34,34,2011,11
Cairns-Brisbane,Cairns,Brisbane,All Airlines,Nov-11,344,344,0,310,310,34,34,2011,11
Cairns-Melbourne,Cairns,Melbourne,All Airlines,Nov-11,107,107,0,82,81,25,26,2011,11
Cairns-Sydney,Cairns,Sydney,All Airlines,Nov-11,224,224,0,188,182,36,42,2011,11
Cairns-Townsville,Cairns,Townsville,All Airlines,Nov-11,211,209,2,174,160,35,49,2011,11
Canberra-Adelaide,Canberra,Adelaide,All Airlines,Nov-11,82,82,0,75,75,7,7,2011,11
Canberra-Brisbane,Canberra,Brisbane,All Airlines,Nov-11,273,273,0,250,245,23,28,2011,11
Canberra-Melbourne,Canberra,Melbourne,All Airlines,Nov-11,462,457,5,394,375,63,82,2011,11
Canberra-Sydney,Canberra,Sydney,All Airlines,Nov-11,820,792,28,586,513,206,279,2011,11
Coffs Harbour-Sydney,Coffs Harbour,Sydney,All Airlines,Nov-11,203,197,6,138,142,59,55,2011,11
Darwin-Brisbane,Darwin,Brisbane,All Airlines,Nov-11,60,60,0,45,48,15,12,2011,11
Darwin-Melbourne,Darwin,Melbourne,All Airlines,Nov-11,43,43,0,38,41,5,2,2011,11
Darwin-Perth,Darwin,Perth,All Airlines,Nov-11,60,59,1,52,52,7,7,2011,11
Dubbo-Sydney,Dubbo,Sydney,All Airlines,Nov-11,279,275,4,185,162,90,113,2011,11
Gold Coast-Adelaide,Gold Coast,Adelaide,All Airlines,Nov-11,60,60,0,56,57,4,3,2011,11
Gold Coast-Melbourne,Gold Coast,Melbourne,All Airlines,Nov-11,472,469,3,380,378,89,91,2011,11
Gold Coast-Sydney,Gold Coast,Sydney,All Airlines,Nov-11,612,608,4,423,399,185,209,2011,11
Hamilton Island-Brisbane,Hamilton Island,Brisbane,All Airlines,Nov-11,60,60,0,50,53,10,7,2011,11
Hamilton Island-Sydney,Hamilton Island,Sydney,All Airlines,Nov-11,60,60,0,38,38,22,22,2011,11
Hobart-Melbourne,Hobart,Melbourne,All Airlines,Nov-11,312,312,0,241,228,71,84,2011,11
Hobart-Sydney,Hobart,Sydney,All Airlines,Nov-11,148,147,1,93,92,54,55,2011,11
Kalgoorlie-Perth,Kalgoorlie,Perth,All Airlines,Nov-11,103,101,2,76,78,25,23,2011,11
Karratha-Perth,Karratha,Perth,All Airlines,Nov-11,302,296,6,255,246,41,50,2011,11
Launceston-Melbourne,Launceston,Melbourne,All Airlines,Nov-11,303,303,0,221,210,82,93,2011,11
Launceston-Sydney,Launceston,Sydney,All Airlines,Nov-11,68,68,0,45,47,23,21,2011,11
Mackay-Brisbane,Mackay,Brisbane,All Airlines,Nov-11,359,358,1,300,296,58,62,2011,11
Melbourne-Adelaide,Melbourne,Adelaide,All Airlines,Nov-11,637,629,8,531,518,98,111,2011,11
Melbourne-Brisbane,Melbourne,Brisbane,All Airlines,Nov-11,924,919,5,791,776,128,143,2011,11
Melbourne-Cairns,Melbourne,Cairns,All Airlines,Nov-11,107,107,0,87,87,20,20,2011,11
Melbourne-Canberra,Melbourne,Canberra,All Airlines,Nov-11,462,460,2,398,396,62,64,2011,11
Melbourne-Darwin,Melbourne,Darwin,All Airlines,Nov-11,43,43,0,36,31,7,12,2011,11
Melbourne-Gold Coast,Melbourne,Gold Coast,All Airlines,Nov-11,470,468,2,367,377,101,91,2011,11
Melbourne-Hobart,Melbourne,Hobart,All Airlines,Nov-11,312,312,0,235,246,77,66,2011,11
Melbourne-Launceston,Melbourne,Launceston,All Airlines,Nov-11,303,302,1,224,225,78,77,2011,11
Melbourne-Mildura,Melbourne,Mildura,All Airlines,Nov-11,206,206,0,169,164,37,42,2011,11
Melbourne-Newcastle,Melbourne,Newcastle,All Airlines,Nov-11,119,119,0,75,78,44,41,2011,11
Melbourne-Perth,Melbourne,Perth,All Airlines,Nov-11,425,422,3,335,288,87,134,2011,11
Melbourne-Sunshine Coast,Melbourne,Sunshine Coast,All Airlines,Nov-11,89,89,0,70,74,19,15,2011,11
Melbourne-Sydney,Melbourne,Sydney,All Airlines,Nov-11,2035,1992,43,1576,1506,416,486,2011,11
Mildura-Melbourne,Mildura,Melbourne,All Airlines,Nov-11,206,206,0,184,175,22,31,2011,11
Newcastle-Brisbane,Newcastle,Brisbane,All Airlines,Nov-11,246,245,1,189,197,56,48,2011,11
Newcastle-Melbourne,Newcastle,Melbourne,All Airlines,Nov-11,119,118,1,81,79,37,39,2011,11
Newman-Perth,Newman,Perth,All Airlines,Nov-11,142,141,1,120,119,21,22,2011,11
Perth-Adelaide,Perth,Adelaide,All Airlines,Nov-11,199,198,1,164,169,34,29,2011,11
Perth-Brisbane,Perth,Brisbane,All Airlines,Nov-11,214,214,0,155,174,59,40,2011,11
Perth-Broome,Perth,Broome,All Airlines,Nov-11,123,119,4,87,85,32,34,2011,11
Perth-Darwin,Perth,Darwin,All Airlines,Nov-11,60,59,1,53,54,6,5,2011,11
Perth-Kalgoorlie,Perth,Kalgoorlie,All Airlines,Nov-11,102,102,0,87,83,15,19,2011,11
Perth-Karratha,Perth,Karratha,All Airlines,Nov-11,302,295,7,253,252,42,43,2011,11
Perth-Melbourne,Perth,Melbourne,All Airlines,Nov-11,422,421,1,317,330,104,91,2011,11
Perth-Newman,Perth,Newman,All Airlines,Nov-11,142,142,0,124,125,18,17,2011,11
Perth-Port Hedland,Perth,Port Hedland,All Airlines,Nov-11,184,183,1,159,155,24,28,2011,11
Perth-Sydney,Perth,Sydney,All Airlines,Nov-11,394,391,3,312,305,79,86,2011,11
Port Hedland-Perth,Port Hedland,Perth,All Airlines,Nov-11,183,183,0,160,160,23,23,2011,11
Port Lincoln-Adelaide,Port Lincoln,Adelaide,All Airlines,Nov-11,307,307,0,292,290,15,17,2011,11
Port Macquarie-Sydney,Port Macquarie,Sydney,All Airlines,Nov-11,195,185,10,140,120,45,65,2011,11
Proserpine-Brisbane,Proserpine,Brisbane,All Airlines,Nov-11,60,60,0,53,53,7,7,2011,11
Rockhampton-Brisbane,Rockhampton,Brisbane,All Airlines,Nov-11,335,335,0,285,282,50,53,2011,11
Sunshine Coast-Melbourne,Sunshine Coast,Melbourne,All Airlines,Nov-11,90,90,0,60,62,30,28,2011,11
Sunshine Coast-Sydney,Sunshine Coast,Sydney,All Airlines,Nov-11,119,118,1,97,98,21,20,2011,11
Sydney-Adelaide,Sydney,Adelaide,All Airlines,Nov-11,491,491,0,411,374,80,117,2011,11
Sydney-Albury,Sydney,Albury,All Airlines,Nov-11,290,289,1,212,200,77,89,2011,11
Sydney-Ayers Rock,Sydney,Ayers Rock,All Airlines,Nov-11,60,60,0,41,34,19,26,2011,11
Sydney-Ballina,Sydney,Ballina,All Airlines,Nov-11,117,111,6,78,74,33,37,2011,11
Sydney-Brisbane,Sydney,Brisbane,All Airlines,Nov-11,1212,1197,15,934,935,263,262,2011,11
Sydney-Cairns,Sydney,Cairns,All Airlines,Nov-11,225,225,0,173,178,52,47,2011,11
Sydney-Canberra,Sydney,Canberra,All Airlines,Nov-11,824,796,28,580,553,216,243,2011,11
Sydney-Coffs Harbour,Sydney,Coffs Harbour,All Airlines,Nov-11,203,198,5,147,142,51,56,2011,11
Sydney-Dubbo,Sydney,Dubbo,All Airlines,Nov-11,282,280,2,202,203,78,77,2011,11
Sydney-Gold Coast,Sydney,Gold Coast,All Airlines,Nov-11,611,607,4,446,453,161,154,2011,11
Sydney-Hamilton Island,Sydney,Hamilton Island,All Airlines,Nov-11,60,60,0,41,40,19,20,2011,11
Sydney-Hobart,Sydney,Hobart,All Airlines,Nov-11,149,149,0,114,122,35,27,2011,11
Sydney-Launceston,Sydney,Launceston,All Airlines,Nov-11,68,68,0,54,50,14,18,2011,11
Sydney-Melbourne,Sydney,Melbourne,All Airlines,Nov-11,2032,1991,41,1588,1547,403,444,2011,11
Sydney-Perth,Sydney,Perth,All Airlines,Nov-11,395,393,2,298,256,95,137,2011,11
Sydney-Port Macquarie,Sydney,Port Macquarie,All Airlines,Nov-11,195,186,9,142,132,44,54,2011,11
Sydney-Sunshine Coast,Sydney,Sunshine Coast,All Airlines,Nov-11,119,118,1,89,92,29,26,2011,11
Sydney-Townsville,Sydney,Townsville,All Airlines,Nov-11,49,49,0,41,40,8,9,2011,11
Sydney-Wagga Wagga,Sydney,Wagga Wagga,All Airlines,Nov-11,232,232,0,182,163,50,69,2011,11
Townsville-Brisbane,Townsville,Brisbane,All Airlines,Nov-11,345,345,0,326,326,19,19,2011,11
Townsville-Cairns,Townsville,Cairns,All Airlines,Nov-11,211,207,4,164,147,43,60,2011,11
Townsville-Sydney,Townsville,Sydney,All Airlines,Nov-11,50,49,1,43,39,6,10,2011,11
Wagga Wagga-Sydney,Wagga Wagga,Sydney,All Airlines,Nov-11,231,231,0,178,161,53,70,2011,11
Adelaide-Brisbane,Adelaide,Brisbane,All Airlines,Dec-11,233,231,2,214,203,17,28,2011,12
Adelaide-Canberra,Adelaide,Canberra,All Airlines,Dec-11,74,73,1,64,66,9,7,2011,12
Adelaide-Gold Coast,Adelaide,Gold Coast,All Airlines,Dec-11,62,61,1,55,55,6,6,2011,12
Adelaide-Melbourne,Adelaide,Melbourne,All Airlines,Dec-11,666,659,7,591,593,68,66,2011,12
Adelaide-Perth,Adelaide,Perth,All Airlines,Dec-11,203,202,1,171,174,31,28,2011,12
Adelaide-Port Lincoln,Adelaide,Port Lincoln,All Airlines,Dec-11,298,294,4,273,273,21,21,2011,12
Adelaide-Sydney,Adelaide,Sydney,All Airlines,Dec-11,521,517,4,458,439,59,78,2011,12
Albury-Sydney,Albury,Sydney,All Airlines,Dec-11,263,262,1,207,193,55,69,2011,12
Ayers Rock-Sydney,Ayers Rock,Sydney,All Airlines,Dec-11,62,62,0,54,56,8,6,2011,12
Ballina-Sydney,Ballina,Sydney,All Airlines,Dec-11,127,127,0,91,71,36,56,2011,12
Brisbane-Adelaide,Brisbane,Adelaide,All Airlines,Dec-11,233,233,0,198,208,35,25,2011,12
Brisbane-Cairns,Brisbane,Cairns,All Airlines,Dec-11,365,363,2,305,289,58,74,2011,12
Brisbane-Canberra,Brisbane,Canberra,All Airlines,Dec-11,282,279,3,235,245,44,34,2011,12
Brisbane-Darwin,Brisbane,Darwin,All Airlines,Dec-11,63,63,0,54,39,9,24,2011,12
Brisbane-Hamilton Island,Brisbane,Hamilton Island,All Airlines,Dec-11,62,62,0,42,51,20,11,2011,12
Brisbane-Mackay,Brisbane,Mackay,All Airlines,Dec-11,362,362,0,272,253,90,109,2011,12
Brisbane-Melbourne,Brisbane,Melbourne,All Airlines,Dec-11,979,966,13,792,813,174,153,2011,12
Brisbane-Newcastle,Brisbane,Newcastle,All Airlines,Dec-11,249,246,3,192,187,54,59,2011,12
Brisbane-Perth,Brisbane,Perth,All Airlines,Dec-11,229,228,1,175,157,53,71,2011,12
Brisbane-Proserpine,Brisbane,Proserpine,All Airlines,Dec-11,62,62,0,56,53,6,9,2011,12
Brisbane-Rockhampton,Brisbane,Rockhampton,All Airlines,Dec-11,353,350,3,264,258,86,92,2011,12
Brisbane-Sydney,Brisbane,Sydney,All Airlines,Dec-11,1260,1247,13,999,970,248,277,2011,12
Brisbane-Townsville,Brisbane,Townsville,All Airlines,Dec-11,358,357,1,294,276,63,81,2011,12
Broome-Perth,Broome,Perth,All Airlines,Dec-11,130,121,9,98,99,23,22,2011,12
Cairns-Brisbane,Cairns,Brisbane,All Airlines,Dec-11,366,363,3,317,309,46,54,2011,12
Cairns-Melbourne,Cairns,Melbourne,All Airlines,Dec-11,115,115,0,93,91,22,24,2011,12
Cairns-Sydney,Cairns,Sydney,All Airlines,Dec-11,233,233,0,198,207,35,26,2011,12
Cairns-Townsville,Cairns,Townsville,All Airlines,Dec-11,197,194,3,166,158,28,36,2011,12
Canberra-Adelaide,Canberra,Adelaide,All Airlines,Dec-11,79,78,1,67,68,11,10,2011,12
Canberra-Brisbane,Canberra,Brisbane,All Airlines,Dec-11,282,278,4,257,237,21,41,2011,12
Canberra-Melbourne,Canberra,Melbourne,All Airlines,Dec-11,435,432,3,376,381,56,51,2011,12
Canberra-Sydney,Canberra,Sydney,All Airlines,Dec-11,729,709,20,572,494,137,215,2011,12
Coffs Harbour-Sydney,Coffs Harbour,Sydney,All Airlines,Dec-11,207,205,2,157,171,48,34,2011,12
Darwin-Brisbane,Darwin,Brisbane,All Airlines,Dec-11,63,63,0,38,53,25,10,2011,12
Darwin-Melbourne,Darwin,Melbourne,All Airlines,Dec-11,48,48,0,44,43,4,5,2011,12
Darwin-Perth,Darwin,Perth,All Airlines,Dec-11,62,59,3,50,50,9,9,2011,12
Dubbo-Sydney,Dubbo,Sydney,All Airlines,Dec-11,243,242,1,181,159,61,83,2011,12
Gold Coast-Adelaide,Gold Coast,Adelaide,All Airlines,Dec-11,62,61,1,54,56,7,5,2011,12
Gold Coast-Melbourne,Gold Coast,Melbourne,All Airlines,Dec-11,531,518,13,419,436,99,82,2011,12
Gold Coast-Sydney,Gold Coast,Sydney,All Airlines,Dec-11,694,675,19,517,509,158,166,2011,12
Hamilton Island-Brisbane,Hamilton Island,Brisbane,All Airlines,Dec-11,62,62,0,46,48,16,14,2011,12
Hamilton Island-Sydney,Hamilton Island,Sydney,All Airlines,Dec-11,62,62,0,49,50,13,12,2011,12
Hobart-Melbourne,Hobart,Melbourne,All Airlines,Dec-11,355,353,2,247,266,106,87,2011,12
Hobart-Sydney,Hobart,Sydney,All Airlines,Dec-11,166,165,1,115,116,50,49,2011,12
Kalgoorlie-Perth,Kalgoorlie,Perth,All Airlines,Dec-11,100,99,1,71,73,28,26,2011,12
Karratha-Perth,Karratha,Perth,All Airlines,Dec-11,310,293,17,227,224,66,69,2011,12
Launceston-Melbourne,Launceston,Melbourne,All Airlines,Dec-11,353,348,5,248,258,100,90,2011,12
Launceston-Sydney,Launceston,Sydney,All Airlines,Dec-11,82,82,0,66,62,16,20,2011,12
Mackay-Brisbane,Mackay,Brisbane,All Airlines,Dec-11,365,362,3,241,241,121,121,2011,12
Melbourne-Adelaide,Melbourne,Adelaide,All Airlines,Dec-11,665,660,5,584,592,76,68,2011,12
Melbourne-Brisbane,Melbourne,Brisbane,All Airlines,Dec-11,980,973,7,860,763,113,210,2011,12
Melbourne-Cairns,Melbourne,Cairns,All Airlines,Dec-11,115,115,0,91,98,24,17,2011,12
Melbourne-Canberra,Melbourne,Canberra,All Airlines,Dec-11,434,432,2,372,380,60,52,2011,12
Melbourne-Darwin,Melbourne,Darwin,All Airlines,Dec-11,48,48,0,46,44,2,4,2011,12
Melbourne-Gold Coast,Melbourne,Gold Coast,All Airlines,Dec-11,527,519,8,410,415,109,104,2011,12
Melbourne-Hobart,Melbourne,Hobart,All Airlines,Dec-11,356,355,1,272,265,83,90,2011,12
Melbourne-Launceston,Melbourne,Launceston,All Airlines,Dec-11,352,347,5,258,252,89,95,2011,12
Melbourne-Mildura,Melbourne,Mildura,All Airlines,Dec-11,201,201,0,172,167,29,34,2011,12
Melbourne-Newcastle,Melbourne,Newcastle,All Airlines,Dec-11,140,138,2,112,108,26,30,2011,12
Melbourne-Perth,Melbourne,Perth,All Airlines,Dec-11,467,462,5,384,405,78,57,2011,12
Melbourne-Sunshine Coast,Melbourne,Sunshine Coast,All Airlines,Dec-11,106,106,0,90,91,16,15,2011,12
Melbourne-Sydney,Melbourne,Sydney,All Airlines,Dec-11,2003,1955,48,1685,1552,270,403,2011,12
Mildura-Melbourne,Mildura,Melbourne,All Airlines,Dec-11,202,202,0,183,177,19,25,2011,12
Newcastle-Brisbane,Newcastle,Brisbane,All Airlines,Dec-11,249,246,3,187,174,59,72,2011,12
Newcastle-Melbourne,Newcastle,Melbourne,All Airlines,Dec-11,140,139,1,106,115,33,24,2011,12
Newman-Perth,Newman,Perth,All Airlines,Dec-11,139,132,7,95,97,37,35,2011,12
Perth-Adelaide,Perth,Adelaide,All Airlines,Dec-11,206,200,6,177,173,23,27,2011,12
Perth-Brisbane,Perth,Brisbane,All Airlines,Dec-11,228,227,1,159,177,68,50,2011,12
Perth-Broome,Perth,Broome,All Airlines,Dec-11,127,118,9,97,98,21,20,2011,12
Perth-Darwin,Perth,Darwin,All Airlines,Dec-11,62,61,1,52,54,9,7,2011,12
Perth-Kalgoorlie,Perth,Kalgoorlie,All Airlines,Dec-11,100,99,1,77,77,22,22,2011,12
Perth-Karratha,Perth,Karratha,All Airlines,Dec-11,307,290,17,245,249,45,41,2011,12
Perth-Melbourne,Perth,Melbourne,All Airlines,Dec-11,468,460,8,388,361,72,99,2011,12
Perth-Newman,Perth,Newman,All Airlines,Dec-11,139,133,6,105,107,28,26,2011,12
Perth-Port Hedland,Perth,Port Hedland,All Airlines,Dec-11,188,180,8,154,156,26,24,2011,12
Perth-Sydney,Perth,Sydney,All Airlines,Dec-11,409,400,9,322,291,78,109,2011,12
Port Hedland-Perth,Port Hedland,Perth,All Airlines,Dec-11,189,180,9,144,141,36,39,2011,12
Port Lincoln-Adelaide,Port Lincoln,Adelaide,All Airlines,Dec-11,300,295,5,275,276,20,19,2011,12
Port Macquarie-Sydney,Port Macquarie,Sydney,All Airlines,Dec-11,195,194,1,152,144,42,50,2011,12
Proserpine-Brisbane,Proserpine,Brisbane,All Airlines,Dec-11,62,62,0,51,50,11,12,2011,12
Rockhampton-Brisbane,Rockhampton,Brisbane,All Airlines,Dec-11,330,328,2,226,218,102,110,2011,12
Sunshine Coast-Melbourne,Sunshine Coast,Melbourne,All Airlines,Dec-11,108,107,1,84,84,23,23,2011,12
Sunshine Coast-Sydney,Sunshine Coast,Sydney,All Airlines,Dec-11,150,149,1,125,122,24,27,2011,12
Sydney-Adelaide,Sydney,Adelaide,All Airlines,Dec-11,514,512,2,433,441,79,71,2011,12
Sydney-Albury,Sydney,Albury,All Airlines,Dec-11,262,261,1,196,201,65,60,2011,12
Sydney-Ayers Rock,Sydney,Ayers Rock,All Airlines,Dec-11,62,62,0,55,45,7,17,2011,12
Sydney-Ballina,Sydney,Ballina,All Airlines,Dec-11,124,124,0,105,106,19,18,2011,12
Sydney-Brisbane,Sydney,Brisbane,All Airlines,Dec-11,1261,1243,18,1002,964,241,279,2011,12
Sydney-Cairns,Sydney,Cairns,All Airlines,Dec-11,234,233,1,183,185,50,48,2011,12
Sydney-Canberra,Sydney,Canberra,All Airlines,Dec-11,733,713,20,533,547,180,166,2011,12
Sydney-Coffs Harbour,Sydney,Coffs Harbour,All Airlines,Dec-11,207,205,2,160,160,45,45,2011,12
Sydney-Dubbo,Sydney,Dubbo,All Airlines,Dec-11,241,240,1,178,186,62,54,2011,12
Sydney-Gold Coast,Sydney,Gold Coast,All Airlines,Dec-11,692,679,13,535,540,144,139,2011,12
Sydney-Hamilton Island,Sydney,Hamilton Island,All Airlines,Dec-11,62,62,0,49,46,13,16,2011,12
Sydney-Hobart,Sydney,Hobart,All Airlines,Dec-11,166,166,0,134,143,32,23,2011,12
Sydney-Launceston,Sydney,Launceston,All Airlines,Dec-11,82,82,0,70,70,12,12,2011,12
Sydney-Melbourne,Sydney,Melbourne,All Airlines,Dec-11,2005,1956,49,1636,1727,320,229,2011,12
Sydney-Perth,Sydney,Perth,All Airlines,Dec-11,406,399,7,315,313,84,86,2011,12
Sydney-Port Macquarie,Sydney,Port Macquarie,All Airlines,Dec-11,193,193,0,150,147,43,46,2011,12
Sydney-Sunshine Coast,Sydney,Sunshine Coast,All Airlines,Dec-11,149,149,0,122,126,27,23,2011,12
Sydney-Townsville,Sydney,Townsville,All Airlines,Dec-11,57,57,0,47,46,10,11,2011,12
Sydney-Wagga Wagga,Sydney,Wagga Wagga,All Airlines,Dec-11,209,209,0,162,156,47,53,2011,12
Townsville-Brisbane,Townsville,Brisbane,All Airlines,Dec-11,356,354,2,289,279,65,75,2011,12
Townsville-Cairns,Townsville,Cairns,All Airlines,Dec-11,199,196,3,156,143,40,53,2011,12
Townsville-Sydney,Townsville,Sydney,All Airlines,Dec-11,57,57,0,47,44,10,13,2011,12
Wagga Wagga-Sydney,Wagga Wagga,Sydney,All Airlines,Dec-11,210,210,0,174,152,36,58,2011,12
Adelaide-Brisbane,Adelaide,Brisbane,All Airlines,Jan-12,228,228,0,210,197,18,31,2012,1
Adelaide-Canberra,Adelaide,Canberra,All Airlines,Jan-12,61,61,0,54,53,7,8,2012,1
Adelaide-Gold Coast,Adelaide,Gold Coast,All Airlines,Jan-12,61,60,1,52,49,8,11,2012,1
Adelaide-Melbourne,Adelaide,Melbourne,All Airlines,Jan-12,676,668,8,597,589,71,79,2012,1
Adelaide-Perth,Adelaide,Perth,All Airlines,Jan-12,208,208,0,169,182,39,26,2012,1
Adelaide-Port Lincoln,Adelaide,Port Lincoln,All Airlines,Jan-12,243,240,3,222,221,18,19,2012,1
Adelaide-Sydney,Adelaide,Sydney,All Airlines,Jan-12,516,511,5,443,431,68,80,2012,1
Albury-Sydney,Albury,Sydney,All Airlines,Jan-12,212,212,0,174,163,38,49,2012,1
Ayers Rock-Sydney,Ayers Rock,Sydney,All Airlines,Jan-12,62,61,1,57,59,4,2,2012,1
Ballina-Sydney,Ballina,Sydney,All Airlines,Jan-12,142,140,2,96,89,44,51,2012,1
Brisbane-Adelaide,Brisbane,Adelaide,All Airlines,Jan-12,227,227,0,194,196,33,31,2012,1
Brisbane-Cairns,Brisbane,Cairns,All Airlines,Jan-12,379,376,3,314,312,62,64,2012,1
Brisbane-Canberra,Brisbane,Canberra,All Airlines,Jan-12,268,267,1,239,239,28,28,2012,1
Brisbane-Darwin,Brisbane,Darwin,All Airlines,Jan-12,62,62,0,46,46,16,16,2012,1
Brisbane-Gladstone,Brisbane,Gladstone,All Airlines,Jan-12,272,270,2,221,208,49,62,2012,1
Brisbane-Hamilton Island,Brisbane,Hamilton Island,All Airlines,Jan-12,59,58,1,40,48,18,10,2012,1
Brisbane-Mackay,Brisbane,Mackay,All Airlines,Jan-12,365,361,4,278,275,83,86,2012,1
Brisbane-Melbourne,Brisbane,Melbourne,All Airlines,Jan-12,952,944,8,774,810,170,134,2012,1
Brisbane-Newcastle,Brisbane,Newcastle,All Airlines,Jan-12,246,245,1,200,187,45,58,2012,1
Brisbane-Perth,Brisbane,Perth,All Airlines,Jan-12,225,225,0,171,178,54,47,2012,1
Brisbane-Proserpine,Brisbane,Proserpine,All Airlines,Jan-12,61,60,1,47,50,13,10,2012,1
Brisbane-Rockhampton,Brisbane,Rockhampton,All Airlines,Jan-12,327,327,0,265,253,62,74,2012,1
Brisbane-Sydney,Brisbane,Sydney,All Airlines,Jan-12,1182,1166,16,916,902,250,264,2012,1
Brisbane-Townsville,Brisbane,Townsville,All Airlines,Jan-12,334,329,5,284,290,45,39,2012,1
Broome-Perth,Broome,Perth,All Airlines,Jan-12,125,121,4,96,98,25,23,2012,1
Cairns-Brisbane,Cairns,Brisbane,All Airlines,Jan-12,379,375,4,322,312,53,63,2012,1
Cairns-Melbourne,Cairns,Melbourne,All Airlines,Jan-12,124,124,0,95,96,29,28,2012,1
Cairns-Sydney,Cairns,Sydney,All Airlines,Jan-12,252,250,2,218,215,32,35,2012,1
Cairns-Townsville,Cairns,Townsville,All Airlines,Jan-12,185,182,3,156,147,26,35,2012,1
Canberra-Adelaide,Canberra,Adelaide,All Airlines,Jan-12,65,65,0,58,59,7,6,2012,1
Canberra-Brisbane,Canberra,Brisbane,All Airlines,Jan-12,268,267,1,248,233,19,34,2012,1
Canberra-Melbourne,Canberra,Melbourne,All Airlines,Jan-12,371,371,0,320,314,51,57,2012,1
Canberra-Sydney,Canberra,Sydney,All Airlines,Jan-12,626,612,14,521,478,91,134,2012,1
Coffs Harbour-Sydney,Coffs Harbour,Sydney,All Airlines,Jan-12,206,203,3,144,154,59,49,2012,1
Darwin-Brisbane,Darwin,Brisbane,All Airlines,Jan-12,62,61,1,44,46,17,15,2012,1
Darwin-Melbourne,Darwin,Melbourne,All Airlines,Jan-12,57,56,1,48,50,8,6,2012,1
Darwin-Perth,Darwin,Perth,All Airlines,Jan-12,61,61,0,55,57,6,4,2012,1
Dubbo-Sydney,Dubbo,Sydney,All Airlines,Jan-12,210,209,1,172,158,37,51,2012,1
Gladstone-Brisbane,Gladstone,Brisbane,All Airlines,Jan-12,297,292,5,227,208,65,84,2012,1
Gold Coast-Adelaide,Gold Coast,Adelaide,All Airlines,Jan-12,62,60,2,46,47,14,13,2012,1
Gold Coast-Melbourne,Gold Coast,Melbourne,All Airlines,Jan-12,557,532,25,398,412,134,120,2012,1
Gold Coast-Sydney,Gold Coast,Sydney,All Airlines,Jan-12,742,712,30,480,477,232,235,2012,1
Hamilton Island-Brisbane,Hamilton Island,Brisbane,All Airlines,Jan-12,59,58,1,45,45,13,13,2012,1
Hamilton Island-Sydney,Hamilton Island,Sydney,All Airlines,Jan-12,63,62,1,45,46,17,16,2012,1
Hobart-Melbourne,Hobart,Melbourne,All Airlines,Jan-12,398,391,7,291,296,100,95,2012,1
Hobart-Sydney,Hobart,Sydney,All Airlines,Jan-12,182,181,1,134,134,47,47,2012,1
Kalgoorlie-Perth,Kalgoorlie,Perth,All Airlines,Jan-12,102,102,0,90,87,12,15,2012,1
Karratha-Perth,Karratha,Perth,All Airlines,Jan-12,322,317,5,272,267,45,50,2012,1
Launceston-Melbourne,Launceston,Melbourne,All Airlines,Jan-12,362,353,9,244,243,109,110,2012,1
Launceston-Sydney,Launceston,Sydney,All Airlines,Jan-12,95,87,8,63,63,24,24,2012,1
Mackay-Brisbane,Mackay,Brisbane,All Airlines,Jan-12,367,359,8,283,276,76,83,2012,1
Melbourne-Adelaide,Melbourne,Adelaide,All Airlines,Jan-12,674,667,7,569,574,98,93,2012,1
Melbourne-Brisbane,Melbourne,Brisbane,All Airlines,Jan-12,953,946,7,803,733,143,213,2012,1
Melbourne-Cairns,Melbourne,Cairns,All Airlines,Jan-12,124,123,1,100,106,23,17,2012,1
Melbourne-Canberra,Melbourne,Canberra,All Airlines,Jan-12,371,371,0,322,312,49,59,2012,1
Melbourne-Darwin,Melbourne,Darwin,All Airlines,Jan-12,59,59,0,50,52,9,7,2012,1
Melbourne-Gold Coast,Melbourne,Gold Coast,All Airlines,Jan-12,556,536,20,406,393,130,143,2012,1
Melbourne-Hobart,Melbourne,Hobart,All Airlines,Jan-12,395,388,7,309,317,79,71,2012,1
Melbourne-Launceston,Melbourne,Launceston,All Airlines,Jan-12,363,354,9,262,253,92,101,2012,1
Melbourne-Mildura,Melbourne,Mildura,All Airlines,Jan-12,178,178,0,148,146,30,32,2012,1
Melbourne-Newcastle,Melbourne,Newcastle,All Airlines,Jan-12,155,151,4,115,116,36,35,2012,1
Melbourne-Perth,Melbourne,Perth,All Airlines,Jan-12,510,502,8,423,419,79,83,2012,1
Melbourne-Sunshine Coast,Melbourne,Sunshine Coast,All Airlines,Jan-12,126,123,3,78,88,45,35,2012,1
Melbourne-Sydney,Melbourne,Sydney,All Airlines,Jan-12,1882,1851,31,1577,1512,274,339,2012,1
Mildura-Melbourne,Mildura,Melbourne,All Airlines,Jan-12,178,178,0,164,156,14,22,2012,1
Newcastle-Brisbane,Newcastle,Brisbane,All Airlines,Jan-12,243,242,1,182,177,60,65,2012,1
Newcastle-Melbourne,Newcastle,Melbourne,All Airlines,Jan-12,155,150,5,117,117,33,33,2012,1
Newman-Perth,Newman,Perth,All Airlines,Jan-12,155,147,8,126,126,21,21,2012,1
Perth-Adelaide,Perth,Adelaide,All Airlines,Jan-12,208,208,0,181,189,27,19,2012,1
Perth-Brisbane,Perth,Brisbane,All Airlines,Jan-12,226,226,0,166,170,60,56,2012,1
Perth-Broome,Perth,Broome,All Airlines,Jan-12,122,121,1,100,94,21,27,2012,1
Perth-Darwin,Perth,Darwin,All Airlines,Jan-12,61,61,0,55,54,6,7,2012,1
Perth-Kalgoorlie,Perth,Kalgoorlie,All Airlines,Jan-12,101,101,0,90,88,11,13,2012,1
Perth-Karratha,Perth,Karratha,All Airlines,Jan-12,322,319,3,268,257,51,62,2012,1
Perth-Melbourne,Perth,Melbourne,All Airlines,Jan-12,511,502,9,417,409,85,93,2012,1
Perth-Newman,Perth,Newman,All Airlines,Jan-12,155,152,3,135,131,17,21,2012,1
Perth-Port Hedland,Perth,Port Hedland,All Airlines,Jan-12,196,188,8,160,154,28,34,2012,1
Perth-Sydney,Perth,Sydney,All Airlines,Jan-12,403,395,8,342,303,53,92,2012,1
Port Hedland-Perth,Port Hedland,Perth,All Airlines,Jan-12,196,189,7,137,143,52,46,2012,1
Port Lincoln-Adelaide,Port Lincoln,Adelaide,All Airlines,Jan-12,241,236,5,219,218,17,18,2012,1
Port Macquarie-Sydney,Port Macquarie,Sydney,All Airlines,Jan-12,171,168,3,124,107,44,61,2012,1
Proserpine-Brisbane,Proserpine,Brisbane,All Airlines,Jan-12,62,61,1,46,47,15,14,2012,1
Rockhampton-Brisbane,Rockhampton,Brisbane,All Airlines,Jan-12,300,300,0,237,222,63,78,2012,1
Sunshine Coast-Melbourne,Sunshine Coast,Melbourne,All Airlines,Jan-12,127,124,3,67,77,57,47,2012,1
Sunshine Coast-Sydney,Sunshine Coast,Sydney,All Airlines,Jan-12,160,149,11,112,110,37,39,2012,1
Sydney-Adelaide,Sydney,Adelaide,All Airlines,Jan-12,512,508,4,444,438,64,70,2012,1
Sydney-Albury,Sydney,Albury,All Airlines,Jan-12,213,213,0,175,179,38,34,2012,1
Sydney-Ayers Rock,Sydney,Ayers Rock,All Airlines,Jan-12,62,61,1,52,54,9,7,2012,1
Sydney-Ballina,Sydney,Ballina,All Airlines,Jan-12,143,142,1,123,116,19,26,2012,1
Sydney-Brisbane,Sydney,Brisbane,All Airlines,Jan-12,1187,1169,18,909,883,260,286,2012,1
Sydney-Cairns,Sydney,Cairns,All Airlines,Jan-12,252,250,2,206,211,44,39,2012,1
Sydney-Canberra,Sydney,Canberra,All Airlines,Jan-12,634,620,14,490,506,130,114,2012,1
Sydney-Coffs Harbour,Sydney,Coffs Harbour,All Airlines,Jan-12,208,204,4,155,146,49,58,2012,1
Sydney-Dubbo,Sydney,Dubbo,All Airlines,Jan-12,212,211,1,175,183,36,28,2012,1
Sydney-Gold Coast,Sydney,Gold Coast,All Airlines,Jan-12,735,718,17,514,519,204,199,2012,1
Sydney-Hamilton Island,Sydney,Hamilton Island,All Airlines,Jan-12,62,62,0,44,45,18,17,2012,1
Sydney-Hobart,Sydney,Hobart,All Airlines,Jan-12,184,183,1,147,161,36,22,2012,1
Sydney-Launceston,Sydney,Launceston,All Airlines,Jan-12,92,88,4,60,67,28,21,2012,1
Sydney-Melbourne,Sydney,Melbourne,All Airlines,Jan-12,1876,1850,26,1560,1601,290,249,2012,1
Sydney-Perth,Sydney,Perth,All Airlines,Jan-12,405,401,4,323,313,78,88,2012,1
Sydney-Port Macquarie,Sydney,Port Macquarie,All Airlines,Jan-12,172,170,2,126,122,44,48,2012,1
Sydney-Sunshine Coast,Sydney,Sunshine Coast,All Airlines,Jan-12,158,150,8,115,117,35,33,2012,1
Sydney-Townsville,Sydney,Townsville,All Airlines,Jan-12,61,60,1,44,43,16,17,2012,1
Sydney-Wagga Wagga,Sydney,Wagga Wagga,All Airlines,Jan-12,174,174,0,141,143,33,31,2012,1
Townsville-Brisbane,Townsville,Brisbane,All Airlines,Jan-12,334,328,6,300,284,28,44,2012,1
Townsville-Cairns,Townsville,Cairns,All Airlines,Jan-12,183,180,3,145,141,35,39,2012,1
Townsville-Sydney,Townsville,Sydney,All Airlines,Jan-12,62,61,1,43,46,18,15,2012,1
Wagga Wagga-Sydney,Wagga Wagga,Sydney,All Airlines,Jan-12,173,173,0,141,131,32,42,2012,1
Adelaide-Brisbane,Adelaide,Brisbane,All Airlines,Feb-12,215,214,1,199,182,15,32,2012,2
Adelaide-Canberra,Adelaide,Canberra,All Airlines,Feb-12,75,75,0,66,65,9,10,2012,2
Adelaide-Gold Coast,Adelaide,Gold Coast,All Airlines,Feb-12,58,56,2,52,53,4,3,2012,2
Adelaide-Melbourne,Adelaide,Melbourne,All Airlines,Feb-12,667,653,14,590,586,63,67,2012,2
Adelaide-Perth,Adelaide,Perth,All Airlines,Feb-12,196,193,3,162,173,31,20,2012,2
Adelaide-Port Lincoln,Adelaide,Port Lincoln,All Airlines,Feb-12,281,280,1,263,262,17,18,2012,2
Adelaide-Sydney,Adelaide,Sydney,All Airlines,Feb-12,484,475,9,426,404,49,71,2012,2
Albury-Sydney,Albury,Sydney,All Airlines,Feb-12,275,273,2,220,202,53,71,2012,2
Ayers Rock-Sydney,Ayers Rock,Sydney,All Airlines,Feb-12,58,57,1,45,46,12,11,2012,2
Ballina-Sydney,Ballina,Sydney,All Airlines,Feb-12,107,107,0,72,60,35,47,2012,2
Brisbane-Adelaide,Brisbane,Adelaide,All Airlines,Feb-12,215,213,2,185,194,28,19,2012,2
Brisbane-Cairns,Brisbane,Cairns,All Airlines,Feb-12,344,341,3,298,297,43,44,2012,2
Brisbane-Canberra,Brisbane,Canberra,All Airlines,Feb-12,273,270,3,247,244,23,26,2012,2
Brisbane-Darwin,Brisbane,Darwin,All Airlines,Feb-12,58,58,0,46,42,12,16,2012,2
Brisbane-Gladstone,Brisbane,Gladstone,All Airlines,Feb-12,276,271,5,210,212,61,59,2012,2
Brisbane-Hamilton Island,Brisbane,Hamilton Island,All Airlines,Feb-12,45,45,0,36,39,9,6,2012,2
Brisbane-Mackay,Brisbane,Mackay,All Airlines,Feb-12,345,342,3,286,285,56,57,2012,2
Brisbane-Melbourne,Brisbane,Melbourne,All Airlines,Feb-12,895,886,9,768,782,118,104,2012,2
Brisbane-Newcastle,Brisbane,Newcastle,All Airlines,Feb-12,224,218,6,167,151,51,67,2012,2
Brisbane-Perth,Brisbane,Perth,All Airlines,Feb-12,207,207,0,174,170,33,37,2012,2
Brisbane-Proserpine,Brisbane,Proserpine,All Airlines,Feb-12,63,62,1,57,56,5,6,2012,2
Brisbane-Rockhampton,Brisbane,Rockhampton,All Airlines,Feb-12,360,353,7,288,293,65,60,2012,2
Brisbane-Sydney,Brisbane,Sydney,All Airlines,Feb-12,1212,1192,20,947,929,245,263,2012,2
Brisbane-Townsville,Brisbane,Townsville,All Airlines,Feb-12,314,313,1,268,270,45,43,2012,2
Broome-Perth,Broome,Perth,All Airlines,Feb-12,106,102,4,81,83,21,19,2012,2
Cairns-Brisbane,Cairns,Brisbane,All Airlines,Feb-12,345,341,4,300,299,41,42,2012,2
Cairns-Melbourne,Cairns,Melbourne,All Airlines,Feb-12,90,90,0,80,77,10,13,2012,2
Cairns-Sydney,Cairns,Sydney,All Airlines,Feb-12,202,200,2,180,185,20,15,2012,2
Cairns-Townsville,Cairns,Townsville,All Airlines,Feb-12,206,203,3,168,159,35,44,2012,2
Canberra-Adelaide,Canberra,Adelaide,All Airlines,Feb-12,79,79,0,70,70,9,9,2012,2
Canberra-Brisbane,Canberra,Brisbane,All Airlines,Feb-12,273,270,3,252,235,18,35,2012,2
Canberra-Melbourne,Canberra,Melbourne,All Airlines,Feb-12,449,444,5,391,373,53,71,2012,2
Canberra-Sydney,Canberra,Sydney,All Airlines,Feb-12,788,750,38,607,522,143,228,2012,2
Coffs Harbour-Sydney,Coffs Harbour,Sydney,All Airlines,Feb-12,196,193,3,148,158,45,35,2012,2
Darwin-Brisbane,Darwin,Brisbane,All Airlines,Feb-12,58,58,0,42,45,16,13,2012,2
Darwin-Melbourne,Darwin,Melbourne,All Airlines,Feb-12,41,41,0,40,40,1,1,2012,2
Darwin-Perth,Darwin,Perth,All Airlines,Feb-12,53,53,0,50,50,3,3,2012,2
Dubbo-Sydney,Dubbo,Sydney,All Airlines,Feb-12,262,261,1,194,178,67,83,2012,2
Gladstone-Brisbane,Gladstone,Brisbane,All Airlines,Feb-12,297,290,7,215,205,75,85,2012,2
Gold Coast-Adelaide,Gold Coast,Adelaide,All Airlines,Feb-12,58,56,2,53,52,3,4,2012,2
Gold Coast-Melbourne,Gold Coast,Melbourne,All Airlines,Feb-12,479,469,10,385,394,84,75,2012,2
Gold Coast-Sydney,Gold Coast,Sydney,All Airlines,Feb-12,608,592,16,426,426,166,166,2012,2
Hamilton Island-Brisbane,Hamilton Island,Brisbane,All Airlines,Feb-12,45,45,0,37,39,8,6,2012,2
Hamilton Island-Sydney,Hamilton Island,Sydney,All Airlines,Feb-12,58,58,0,46,50,12,8,2012,2
Hobart-Melbourne,Hobart,Melbourne,All Airlines,Feb-12,355,349,6,266,258,83,91,2012,2
Hobart-Sydney,Hobart,Sydney,All Airlines,Feb-12,145,145,0,114,106,31,39,2012,2
Kalgoorlie-Perth,Kalgoorlie,Perth,All Airlines,Feb-12,91,90,1,78,79,12,11,2012,2
Karratha-Perth,Karratha,Perth,All Airlines,Feb-12,305,296,9,258,249,38,47,2012,2
Launceston-Melbourne,Launceston,Melbourne,All Airlines,Feb-12,301,294,7,219,211,75,83,2012,2
Launceston-Sydney,Launceston,Sydney,All Airlines,Feb-12,70,69,1,44,42,25,27,2012,2
Mackay-Brisbane,Mackay,Brisbane,All Airlines,Feb-12,345,342,3,277,266,65,76,2012,2
Melbourne-Adelaide,Melbourne,Adelaide,All Airlines,Feb-12,667,657,10,565,564,92,93,2012,2
Melbourne-Brisbane,Melbourne,Brisbane,All Airlines,Feb-12,894,883,11,781,694,102,189,2012,2
Melbourne-Cairns,Melbourne,Cairns,All Airlines,Feb-12,91,91,0,79,79,12,12,2012,2
Melbourne-Canberra,Melbourne,Canberra,All Airlines,Feb-12,449,446,3,389,376,57,70,2012,2
Melbourne-Darwin,Melbourne,Darwin,All Airlines,Feb-12,41,40,1,39,37,1,3,2012,2
Melbourne-Gold Coast,Melbourne,Gold Coast,All Airlines,Feb-12,478,470,8,381,365,89,105,2012,2
Melbourne-Hobart,Melbourne,Hobart,All Airlines,Feb-12,357,350,7,272,281,78,69,2012,2
Melbourne-Launceston,Melbourne,Launceston,All Airlines,Feb-12,300,296,4,220,225,76,71,2012,2
Melbourne-Mildura,Melbourne,Mildura,All Airlines,Feb-12,192,189,3,157,148,32,41,2012,2
Melbourne-Newcastle,Melbourne,Newcastle,All Airlines,Feb-12,116,112,4,81,84,31,28,2012,2
Melbourne-Perth,Melbourne,Perth,All Airlines,Feb-12,449,447,2,379,385,68,62,2012,2
Melbourne-Sunshine Coast,Melbourne,Sunshine Coast,All Airlines,Feb-12,70,69,1,51,48,18,21,2012,2
Melbourne-Sydney,Melbourne,Sydney,All Airlines,Feb-12,2050,1990,60,1664,1540,326,450,2012,2
Mildura-Melbourne,Mildura,Melbourne,All Airlines,Feb-12,191,189,2,170,160,19,29,2012,2
Newcastle-Brisbane,Newcastle,Brisbane,All Airlines,Feb-12,224,219,5,137,133,82,86,2012,2
Newcastle-Melbourne,Newcastle,Melbourne,All Airlines,Feb-12,116,112,4,83,88,29,24,2012,2
Newman-Perth,Newman,Perth,All Airlines,Feb-12,153,150,3,135,133,15,17,2012,2
Perth-Adelaide,Perth,Adelaide,All Airlines,Feb-12,194,191,3,176,176,15,15,2012,2
Perth-Brisbane,Perth,Brisbane,All Airlines,Feb-12,207,207,0,185,167,22,40,2012,2
Perth-Broome,Perth,Broome,All Airlines,Feb-12,103,99,4,82,86,17,13,2012,2
Perth-Darwin,Perth,Darwin,All Airlines,Feb-12,53,53,0,49,48,4,5,2012,2
Perth-Kalgoorlie,Perth,Kalgoorlie,All Airlines,Feb-12,91,91,0,84,82,7,9,2012,2
Perth-Karratha,Perth,Karratha,All Airlines,Feb-12,305,299,6,268,265,31,34,2012,2
Perth-Melbourne,Perth,Melbourne,All Airlines,Feb-12,449,444,5,379,370,65,74,2012,2
Perth-Newman,Perth,Newman,All Airlines,Feb-12,153,150,3,135,137,15,13,2012,2
Perth-Port Hedland,Perth,Port Hedland,All Airlines,Feb-12,190,186,4,172,180,14,6,2012,2
Perth-Sydney,Perth,Sydney,All Airlines,Feb-12,378,376,2,329,291,47,85,2012,2
Port Hedland-Perth,Port Hedland,Perth,All Airlines,Feb-12,188,186,2,173,170,13,16,2012,2
Port Lincoln-Adelaide,Port Lincoln,Adelaide,All Airlines,Feb-12,281,280,1,266,265,14,15,2012,2
Port Macquarie-Sydney,Port Macquarie,Sydney,All Airlines,Feb-12,187,182,5,141,130,41,52,2012,2
Proserpine-Brisbane,Proserpine,Brisbane,All Airlines,Feb-12,62,60,2,52,48,8,12,2012,2
Rockhampton-Brisbane,Rockhampton,Brisbane,All Airlines,Feb-12,339,334,5,266,256,68,78,2012,2
Sunshine Coast-Melbourne,Sunshine Coast,Melbourne,All Airlines,Feb-12,69,68,1,41,48,27,20,2012,2
Sunshine Coast-Sydney,Sunshine Coast,Sydney,All Airlines,Feb-12,120,120,0,92,92,28,28,2012,2
Sydney-Adelaide,Sydney,Adelaide,All Airlines,Feb-12,480,475,5,410,414,65,61,2012,2
Sydney-Albury,Sydney,Albury,All Airlines,Feb-12,275,273,2,226,229,47,44,2012,2
Sydney-Ayers Rock,Sydney,Ayers Rock,All Airlines,Feb-12,58,58,0,46,44,12,14,2012,2
Sydney-Ballina,Sydney,Ballina,All Airlines,Feb-12,105,105,0,92,87,13,18,2012,2
Sydney-Brisbane,Sydney,Brisbane,All Airlines,Feb-12,1214,1197,17,957,911,240,286,2012,2
Sydney-Cairns,Sydney,Cairns,All Airlines,Feb-12,201,201,0,152,150,49,51,2012,2
Sydney-Canberra,Sydney,Canberra,All Airlines,Feb-12,792,760,32,606,571,154,189,2012,2
Sydney-Coffs Harbour,Sydney,Coffs Harbour,All Airlines,Feb-12,195,194,1,160,158,34,36,2012,2
Sydney-Dubbo,Sydney,Dubbo,All Airlines,Feb-12,259,258,1,212,213,46,45,2012,2
Sydney-Gold Coast,Sydney,Gold Coast,All Airlines,Feb-12,605,591,14,442,425,149,166,2012,2
Sydney-Hamilton Island,Sydney,Hamilton Island,All Airlines,Feb-12,58,58,0,49,42,9,16,2012,2
Sydney-Hobart,Sydney,Hobart,All Airlines,Feb-12,145,145,0,119,125,26,20,2012,2
Sydney-Launceston,Sydney,Launceston,All Airlines,Feb-12,70,69,1,47,50,22,19,2012,2
Sydney-Melbourne,Sydney,Melbourne,All Airlines,Feb-12,2044,1988,56,1636,1638,352,350,2012,2
Sydney-Perth,Sydney,Perth,All Airlines,Feb-12,377,377,0,300,317,77,60,2012,2
Sydney-Port Macquarie,Sydney,Port Macquarie,All Airlines,Feb-12,188,184,4,153,146,31,38,2012,2
Sydney-Sunshine Coast,Sydney,Sunshine Coast,All Airlines,Feb-12,120,120,0,96,96,24,24,2012,2
Sydney-Townsville,Sydney,Townsville,All Airlines,Feb-12,50,50,0,34,31,16,19,2012,2
Sydney-Wagga Wagga,Sydney,Wagga Wagga,All Airlines,Feb-12,208,208,0,170,166,38,42,2012,2
Townsville-Brisbane,Townsville,Brisbane,All Airlines,Feb-12,314,313,1,280,272,33,41,2012,2
Townsville-Cairns,Townsville,Cairns,All Airlines,Feb-12,206,203,3,151,144,52,59,2012,2
Townsville-Sydney,Townsville,Sydney,All Airlines,Feb-12,49,49,0,30,33,19,16,2012,2
Wagga Wagga-Sydney,Wagga Wagga,Sydney,All Airlines,Feb-12,209,209,0,176,151,33,58,2012,2
Adelaide-Brisbane,Adelaide,Brisbane,All Airlines,Mar-12,244,244,0,216,212,28,32,2012,3
Adelaide-Canberra,Adelaide,Canberra,All Airlines,Mar-12,80,80,0,71,68,9,12,2012,3
Adelaide-Gold Coast,Adelaide,Gold Coast,All Airlines,Mar-12,63,61,2,55,57,6,4,2012,3
Adelaide-Melbourne,Adelaide,Melbourne,All Airlines,Mar-12,701,699,2,611,614,88,85,2012,3
Adelaide-Perth,Adelaide,Perth,All Airlines,Mar-12,206,206,0,160,180,46,26,2012,3
Adelaide-Port Lincoln,Adelaide,Port Lincoln,All Airlines,Mar-12,314,311,3,283,274,28,37,2012,3
Adelaide-Sydney,Adelaide,Sydney,All Airlines,Mar-12,521,519,2,410,420,109,99,2012,3
Albury-Sydney,Albury,Sydney,All Airlines,Mar-12,299,298,1,181,192,117,106,2012,3
Ayers Rock-Sydney,Ayers Rock,Sydney,All Airlines,Mar-12,63,63,0,49,56,14,7,2012,3
Ballina-Sydney,Ballina,Sydney,All Airlines,Mar-12,109,107,2,65,56,42,51,2012,3
Brisbane-Adelaide,Brisbane,Adelaide,All Airlines,Mar-12,244,244,0,207,213,37,31,2012,3
Brisbane-Cairns,Brisbane,Cairns,All Airlines,Mar-12,380,379,1,307,305,72,74,2012,3
Brisbane-Canberra,Brisbane,Canberra,All Airlines,Mar-12,287,286,1,248,240,38,46,2012,3
Brisbane-Darwin,Brisbane,Darwin,All Airlines,Mar-12,62,62,0,50,48,12,14,2012,3
Brisbane-Gladstone,Brisbane,Gladstone,All Airlines,Mar-12,297,293,4,214,213,79,80,2012,3
Brisbane-Hamilton Island,Brisbane,Hamilton Island,All Airlines,Mar-12,50,50,0,36,42,14,8,2012,3
Brisbane-Mackay,Brisbane,Mackay,All Airlines,Mar-12,379,375,4,287,280,88,95,2012,3
Brisbane-Melbourne,Brisbane,Melbourne,All Airlines,Mar-12,987,973,14,821,846,152,127,2012,3
Brisbane-Newcastle,Brisbane,Newcastle,All Airlines,Mar-12,243,242,1,178,165,64,77,2012,3
Brisbane-Perth,Brisbane,Perth,All Airlines,Mar-12,219,217,2,172,179,45,38,2012,3
Brisbane-Proserpine,Brisbane,Proserpine,All Airlines,Mar-12,82,80,2,68,66,12,14,2012,3
Brisbane-Rockhampton,Brisbane,Rockhampton,All Airlines,Mar-12,403,399,4,317,317,82,82,2012,3
Brisbane-Sydney,Brisbane,Sydney,All Airlines,Mar-12,1302,1281,21,956,959,325,322,2012,3
Brisbane-Townsville,Brisbane,Townsville,All Airlines,Mar-12,337,337,0,280,286,57,51,2012,3
Broome-Perth,Broome,Perth,All Airlines,Mar-12,129,123,6,82,89,41,34,2012,3
Cairns-Brisbane,Cairns,Brisbane,All Airlines,Mar-12,380,378,2,323,309,55,69,2012,3
Cairns-Melbourne,Cairns,Melbourne,All Airlines,Mar-12,111,110,1,98,99,12,11,2012,3
Cairns-Sydney,Cairns,Sydney,All Airlines,Mar-12,232,226,6,190,193,36,33,2012,3
Cairns-Townsville,Cairns,Townsville,All Airlines,Mar-12,219,215,4,164,145,51,70,2012,3
Canberra-Adelaide,Canberra,Adelaide,All Airlines,Mar-12,84,84,0,73,74,11,10,2012,3
Canberra-Brisbane,Canberra,Brisbane,All Airlines,Mar-12,288,284,4,251,243,33,41,2012,3
Canberra-Melbourne,Canberra,Melbourne,All Airlines,Mar-12,478,469,9,394,385,75,84,2012,3
Canberra-Sydney,Canberra,Sydney,All Airlines,Mar-12,841,786,55,550,494,236,292,2012,3
Coffs Harbour-Sydney,Coffs Harbour,Sydney,All Airlines,Mar-12,208,206,2,124,141,82,65,2012,3
Darwin-Brisbane,Darwin,Brisbane,All Airlines,Mar-12,63,63,0,45,48,18,15,2012,3
Darwin-Melbourne,Darwin,Melbourne,All Airlines,Mar-12,47,47,0,41,40,6,7,2012,3
Darwin-Perth,Darwin,Perth,All Airlines,Mar-12,62,62,0,52,56,10,6,2012,3
Dubbo-Sydney,Dubbo,Sydney,All Airlines,Mar-12,289,285,4,185,167,100,118,2012,3
Geraldton-Perth,Geraldton,Perth,All Airlines,Mar-12,136,135,1,95,83,40,52,2012,3
Gladstone-Brisbane,Gladstone,Brisbane,All Airlines,Mar-12,319,310,9,206,190,104,120,2012,3
Gold Coast-Adelaide,Gold Coast,Adelaide,All Airlines,Mar-12,62,62,0,56,57,6,5,2012,3
Gold Coast-Melbourne,Gold Coast,Melbourne,All Airlines,Mar-12,517,511,6,421,432,90,79,2012,3
Gold Coast-Sydney,Gold Coast,Sydney,All Airlines,Mar-12,646,629,17,423,432,206,197,2012,3
Hamilton Island-Brisbane,Hamilton Island,Brisbane,All Airlines,Mar-12,49,48,1,43,43,5,5,2012,3
Hamilton Island-Sydney,Hamilton Island,Sydney,All Airlines,Mar-12,63,62,1,44,46,18,16,2012,3
Hobart-Melbourne,Hobart,Melbourne,All Airlines,Mar-12,380,376,4,289,292,87,84,2012,3
Hobart-Sydney,Hobart,Sydney,All Airlines,Mar-12,153,152,1,99,103,53,49,2012,3
Kalgoorlie-Perth,Kalgoorlie,Perth,All Airlines,Mar-12,96,93,3,76,77,17,16,2012,3
Karratha-Perth,Karratha,Perth,All Airlines,Mar-12,322,304,18,241,247,63,57,2012,3
Launceston-Melbourne,Launceston,Melbourne,All Airlines,Mar-12,318,318,0,229,232,89,86,2012,3
Launceston-Sydney,Launceston,Sydney,All Airlines,Mar-12,71,71,0,49,49,22,22,2012,3
Mackay-Brisbane,Mackay,Brisbane,All Airlines,Mar-12,379,374,5,264,244,110,130,2012,3
Melbourne-Adelaide,Melbourne,Adelaide,All Airlines,Mar-12,699,696,3,610,597,86,99,2012,3
Melbourne-Brisbane,Melbourne,Brisbane,All Airlines,Mar-12,991,983,8,871,783,112,200,2012,3
Melbourne-Cairns,Melbourne,Cairns,All Airlines,Mar-12,111,111,0,97,97,14,14,2012,3
Melbourne-Canberra,Melbourne,Canberra,All Airlines,Mar-12,478,472,6,410,394,62,78,2012,3
Melbourne-Darwin,Melbourne,Darwin,All Airlines,Mar-12,48,48,0,44,45,4,3,2012,3
Melbourne-Gold Coast,Melbourne,Gold Coast,All Airlines,Mar-12,515,510,5,419,409,91,101,2012,3
Melbourne-Hobart,Melbourne,Hobart,All Airlines,Mar-12,380,377,3,288,290,89,87,2012,3
Melbourne-Launceston,Melbourne,Launceston,All Airlines,Mar-12,318,318,0,244,232,74,86,2012,3
Melbourne-Mildura,Melbourne,Mildura,All Airlines,Mar-12,211,211,0,177,167,34,44,2012,3
Melbourne-Newcastle,Melbourne,Newcastle,All Airlines,Mar-12,129,128,1,99,99,29,29,2012,3
Melbourne-Perth,Melbourne,Perth,All Airlines,Mar-12,512,511,1,437,450,74,61,2012,3
Melbourne-Sunshine Coast,Melbourne,Sunshine Coast,All Airlines,Mar-12,82,81,1,53,55,28,26,2012,3
Melbourne-Sydney,Melbourne,Sydney,All Airlines,Mar-12,2178,2129,49,1713,1607,416,522,2012,3
Mildura-Melbourne,Mildura,Melbourne,All Airlines,Mar-12,211,211,0,186,181,25,30,2012,3
Newcastle-Brisbane,Newcastle,Brisbane,All Airlines,Mar-12,243,242,1,167,158,75,84,2012,3
Newcastle-Melbourne,Newcastle,Melbourne,All Airlines,Mar-12,128,127,1,99,98,28,29,2012,3
Newman-Perth,Newman,Perth,All Airlines,Mar-12,158,155,3,126,134,29,21,2012,3
Perth-Adelaide,Perth,Adelaide,All Airlines,Mar-12,207,207,0,176,185,31,22,2012,3
Perth-Brisbane,Perth,Brisbane,All Airlines,Mar-12,218,217,1,179,187,38,30,2012,3
Perth-Broome,Perth,Broome,All Airlines,Mar-12,126,122,4,97,90,25,32,2012,3
Perth-Darwin,Perth,Darwin,All Airlines,Mar-12,62,62,0,53,54,9,8,2012,3
Perth-Geraldton,Perth,Geraldton,All Airlines,Mar-12,139,139,0,100,101,39,38,2012,3
Perth-Kalgoorlie,Perth,Kalgoorlie,All Airlines,Mar-12,99,97,2,84,82,13,15,2012,3
Perth-Karratha,Perth,Karratha,All Airlines,Mar-12,320,304,16,254,254,50,50,2012,3
Perth-Melbourne,Perth,Melbourne,All Airlines,Mar-12,510,509,1,439,445,70,64,2012,3
Perth-Newman,Perth,Newman,All Airlines,Mar-12,157,155,2,140,140,15,15,2012,3
Perth-Port Hedland,Perth,Port Hedland,All Airlines,Mar-12,223,213,10,199,194,14,19,2012,3
Perth-Sydney,Perth,Sydney,All Airlines,Mar-12,408,404,4,351,335,53,69,2012,3
Port Hedland-Perth,Port Hedland,Perth,All Airlines,Mar-12,223,211,12,185,190,26,21,2012,3
Port Lincoln-Adelaide,Port Lincoln,Adelaide,All Airlines,Mar-12,316,312,4,276,274,36,38,2012,3
Port Macquarie-Sydney,Port Macquarie,Sydney,All Airlines,Mar-12,199,198,1,134,116,64,82,2012,3
Proserpine-Brisbane,Proserpine,Brisbane,All Airlines,Mar-12,84,82,2,65,56,17,26,2012,3
Rockhampton-Brisbane,Rockhampton,Brisbane,All Airlines,Mar-12,381,377,4,290,275,87,102,2012,3
Sunshine Coast-Melbourne,Sunshine Coast,Melbourne,All Airlines,Mar-12,86,81,5,49,49,32,32,2012,3
Sunshine Coast-Sydney,Sunshine Coast,Sydney,All Airlines,Mar-12,128,121,7,91,92,30,29,2012,3
Sydney-Adelaide,Sydney,Adelaide,All Airlines,Mar-12,514,513,1,413,407,100,106,2012,3
Sydney-Albury,Sydney,Albury,All Airlines,Mar-12,299,298,1,193,200,105,98,2012,3
Sydney-Ayers Rock,Sydney,Ayers Rock,All Airlines,Mar-12,62,62,0,42,44,20,18,2012,3
Sydney-Ballina,Sydney,Ballina,All Airlines,Mar-12,110,109,1,92,80,17,29,2012,3
Sydney-Brisbane,Sydney,Brisbane,All Airlines,Mar-12,1303,1281,22,989,949,292,332,2012,3
Sydney-Cairns,Sydney,Cairns,All Airlines,Mar-12,231,230,1,168,180,62,50,2012,3
Sydney-Canberra,Sydney,Canberra,All Airlines,Mar-12,843,799,44,563,534,236,265,2012,3
Sydney-Coffs Harbour,Sydney,Coffs Harbour,All Airlines,Mar-12,208,205,3,130,135,75,70,2012,3
Sydney-Dubbo,Sydney,Dubbo,All Airlines,Mar-12,288,285,3,205,214,80,71,2012,3
Sydney-Gold Coast,Sydney,Gold Coast,All Airlines,Mar-12,646,632,14,461,459,171,173,2012,3
Sydney-Hamilton Island,Sydney,Hamilton Island,All Airlines,Mar-12,61,61,0,46,44,15,17,2012,3
Sydney-Hobart,Sydney,Hobart,All Airlines,Mar-12,154,153,1,118,123,35,30,2012,3
Sydney-Launceston,Sydney,Launceston,All Airlines,Mar-12,70,70,0,51,48,19,22,2012,3
Sydney-Melbourne,Sydney,Melbourne,All Airlines,Mar-12,2175,2125,50,1737,1722,388,403,2012,3
Sydney-Perth,Sydney,Perth,All Airlines,Mar-12,404,401,3,330,324,71,77,2012,3
Sydney-Port Macquarie,Sydney,Port Macquarie,All Airlines,Mar-12,199,198,1,142,131,56,67,2012,3
Sydney-Sunshine Coast,Sydney,Sunshine Coast,All Airlines,Mar-12,124,120,4,94,92,26,28,2012,3
Sydney-Townsville,Sydney,Townsville,All Airlines,Mar-12,54,54,0,32,33,22,21,2012,3
Sydney-Wagga Wagga,Sydney,Wagga Wagga,All Airlines,Mar-12,237,233,4,171,172,62,61,2012,3
Townsville-Brisbane,Townsville,Brisbane,All Airlines,Mar-12,337,336,1,286,285,50,51,2012,3
Townsville-Cairns,Townsville,Cairns,All Airlines,Mar-12,221,214,7,131,121,83,93,2012,3
Townsville-Sydney,Townsville,Sydney,All Airlines,Mar-12,55,55,0,35,34,20,21,2012,3
Wagga Wagga-Sydney,Wagga Wagga,Sydney,All Airlines,Mar-12,239,234,5,164,143,70,91,2012,3
Adelaide-Brisbane,Adelaide,Brisbane,All Airlines,Apr-12,225,223,2,191,179,32,44,2012,4
Adelaide-Canberra,Adelaide,Canberra,All Airlines,Apr-12,76,76,0,66,70,10,6,2012,4
Adelaide-Gold Coast,Adelaide,Gold Coast,All Airlines,Apr-12,60,59,1,53,52,6,7,2012,4
Adelaide-Melbourne,Adelaide,Melbourne,All Airlines,Apr-12,680,673,7,593,588,80,85,2012,4
Adelaide-Perth,Adelaide,Perth,All Airlines,Apr-12,211,209,2,178,199,31,10,2012,4
Adelaide-Port Lincoln,Adelaide,Port Lincoln,All Airlines,Apr-12,294,292,2,268,265,24,27,2012,4
Adelaide-Sydney,Adelaide,Sydney,All Airlines,Apr-12,533,528,5,452,436,76,92,2012,4
Albury-Sydney,Albury,Sydney,All Airlines,Apr-12,273,272,1,190,199,82,73,2012,4
Ayers Rock-Sydney,Ayers Rock,Sydney,All Airlines,Apr-12,60,59,1,55,56,4,3,2012,4
Ballina-Sydney,Ballina,Sydney,All Airlines,Apr-12,105,105,0,69,64,36,41,2012,4
Brisbane-Adelaide,Brisbane,Adelaide,All Airlines,Apr-12,225,224,1,191,207,33,17,2012,4
Brisbane-Cairns,Brisbane,Cairns,All Airlines,Apr-12,383,381,2,322,334,59,47,2012,4
Brisbane-Canberra,Brisbane,Canberra,All Airlines,Apr-12,281,279,2,224,241,55,38,2012,4
Brisbane-Darwin,Brisbane,Darwin,All Airlines,Apr-12,66,66,0,48,48,18,18,2012,4
Brisbane-Emerald,Brisbane,Emerald,All Airlines,Apr-12,236,235,1,205,202,30,33,2012,4
Brisbane-Gladstone,Brisbane,Gladstone,All Airlines,Apr-12,289,285,4,227,234,58,51,2012,4
Brisbane-Hamilton Island,Brisbane,Hamilton Island,All Airlines,Apr-12,48,48,0,39,42,9,6,2012,4
Brisbane-Mackay,Brisbane,Mackay,All Airlines,Apr-12,371,367,4,299,305,68,62,2012,4
Brisbane-Melbourne,Brisbane,Melbourne,All Airlines,Apr-12,961,949,12,787,848,162,101,2012,4
Brisbane-Newcastle,Brisbane,Newcastle,All Airlines,Apr-12,243,241,2,197,186,44,55,2012,4
Brisbane-Perth,Brisbane,Perth,All Airlines,Apr-12,219,219,0,155,193,64,26,2012,4
Brisbane-Proserpine,Brisbane,Proserpine,All Airlines,Apr-12,78,78,0,71,64,7,14,2012,4
Brisbane-Rockhampton,Brisbane,Rockhampton,All Airlines,Apr-12,361,355,6,278,282,77,73,2012,4
Brisbane-Sydney,Brisbane,Sydney,All Airlines,Apr-12,1234,1216,18,990,996,226,220,2012,4
Brisbane-Townsville,Brisbane,Townsville,All Airlines,Apr-12,329,326,3,265,280,61,46,2012,4
Broome-Perth,Broome,Perth,All Airlines,Apr-12,163,161,2,130,133,31,28,2012,4
Cairns-Brisbane,Cairns,Brisbane,All Airlines,Apr-12,382,381,1,346,331,35,50,2012,4
Cairns-Melbourne,Cairns,Melbourne,All Airlines,Apr-12,165,164,1,135,139,29,25,2012,4
Cairns-Sydney,Cairns,Sydney,All Airlines,Apr-12,267,264,3,226,225,38,39,2012,4
Cairns-Townsville,Cairns,Townsville,All Airlines,Apr-12,211,206,5,167,164,39,42,2012,4
Canberra-Adelaide,Canberra,Adelaide,All Airlines,Apr-12,80,79,1,72,75,7,4,2012,4
Canberra-Brisbane,Canberra,Brisbane,All Airlines,Apr-12,281,280,1,256,224,24,56,2012,4
Canberra-Melbourne,Canberra,Melbourne,All Airlines,Apr-12,445,437,8,381,383,56,54,2012,4
Canberra-Sydney,Canberra,Sydney,All Airlines,Apr-12,809,749,60,584,547,165,202,2012,4
Coffs Harbour-Sydney,Coffs Harbour,Sydney,All Airlines,Apr-12,201,200,1,115,143,85,57,2012,4
Darwin-Brisbane,Darwin,Brisbane,All Airlines,Apr-12,66,66,0,50,50,16,16,2012,4
Darwin-Melbourne,Darwin,Melbourne,All Airlines,Apr-12,51,51,0,47,46,4,5,2012,4
Darwin-Perth,Darwin,Perth,All Airlines,Apr-12,60,60,0,52,56,8,4,2012,4
Dubbo-Sydney,Dubbo,Sydney,All Airlines,Apr-12,257,251,6,194,174,57,77,2012,4
Emerald-Brisbane,Emerald,Brisbane,All Airlines,Apr-12,236,235,1,201,199,34,36,2012,4
Geraldton-Perth,Geraldton,Perth,All Airlines,Apr-12,155,155,0,99,90,56,65,2012,4
Gladstone-Brisbane,Gladstone,Brisbane,All Airlines,Apr-12,311,306,5,242,238,64,68,2012,4
Gold Coast-Adelaide,Gold Coast,Adelaide,All Airlines,Apr-12,60,59,1,53,56,6,3,2012,4
Gold Coast-Melbourne,Gold Coast,Melbourne,All Airlines,Apr-12,500,493,7,396,420,97,73,2012,4
Gold Coast-Sydney,Gold Coast,Sydney,All Airlines,Apr-12,676,658,18,478,510,180,148,2012,4
Hamilton Island-Brisbane,Hamilton Island,Brisbane,All Airlines,Apr-12,48,48,0,41,44,7,4,2012,4
Hamilton Island-Sydney,Hamilton Island,Sydney,All Airlines,Apr-12,61,60,1,40,40,20,20,2012,4
Hobart-Melbourne,Hobart,Melbourne,All Airlines,Apr-12,336,336,0,275,274,61,62,2012,4
Hobart-Sydney,Hobart,Sydney,All Airlines,Apr-12,148,147,1,100,94,47,53,2012,4
Kalgoorlie-Perth,Kalgoorlie,Perth,All Airlines,Apr-12,102,102,0,80,78,22,24,2012,4
Karratha-Perth,Karratha,Perth,All Airlines,Apr-12,305,291,14,236,229,55,62,2012,4
Launceston-Melbourne,Launceston,Melbourne,All Airlines,Apr-12,306,306,0,226,227,80,79,2012,4
Launceston-Sydney,Launceston,Sydney,All Airlines,Apr-12,60,60,0,35,37,25,23,2012,4
Mackay-Brisbane,Mackay,Brisbane,All Airlines,Apr-12,370,366,4,306,279,60,87,2012,4
Melbourne-Adelaide,Melbourne,Adelaide,All Airlines,Apr-12,681,676,5,597,620,79,56,2012,4
Melbourne-Brisbane,Melbourne,Brisbane,All Airlines,Apr-12,960,949,11,847,772,102,177,2012,4
Melbourne-Cairns,Melbourne,Cairns,All Airlines,Apr-12,165,165,0,144,144,21,21,2012,4
Melbourne-Canberra,Melbourne,Canberra,All Airlines,Apr-12,445,436,9,381,380,55,56,2012,4
Melbourne-Darwin,Melbourne,Darwin,All Airlines,Apr-12,51,51,0,46,46,5,5,2012,4
Melbourne-Gold Coast,Melbourne,Gold Coast,All Airlines,Apr-12,498,492,6,409,392,83,100,2012,4
Melbourne-Hobart,Melbourne,Hobart,All Airlines,Apr-12,337,336,1,286,284,50,52,2012,4
Melbourne-Launceston,Melbourne,Launceston,All Airlines,Apr-12,306,306,0,246,235,60,71,2012,4
Melbourne-Mildura,Melbourne,Mildura,All Airlines,Apr-12,198,197,1,171,166,26,31,2012,4
Melbourne-Newcastle,Melbourne,Newcastle,All Airlines,Apr-12,131,131,0,115,113,16,18,2012,4
Melbourne-Perth,Melbourne,Perth,All Airlines,Apr-12,515,513,2,452,470,61,43,2012,4
Melbourne-Sunshine Coast,Melbourne,Sunshine Coast,All Airlines,Apr-12,96,95,1,66,64,29,31,2012,4
Melbourne-Sydney,Melbourne,Sydney,All Airlines,Apr-12,2149,2076,73,1814,1704,262,372,2012,4
Mildura-Melbourne,Mildura,Melbourne,All Airlines,Apr-12,198,197,1,175,169,22,28,2012,4
Newcastle-Brisbane,Newcastle,Brisbane,All Airlines,Apr-12,240,239,1,183,170,56,69,2012,4
Newcastle-Melbourne,Newcastle,Melbourne,All Airlines,Apr-12,132,132,0,111,107,21,25,2012,4
Newman-Perth,Newman,Perth,All Airlines,Apr-12,155,149,6,115,118,34,31,2012,4
Perth-Adelaide,Perth,Adelaide,All Airlines,Apr-12,211,209,2,192,180,17,29,2012,4
Perth-Brisbane,Perth,Brisbane,All Airlines,Apr-12,218,217,1,184,126,33,91,2012,4
Perth-Broome,Perth,Broome,All Airlines,Apr-12,163,162,1,133,135,29,27,2012,4
Perth-Darwin,Perth,Darwin,All Airlines,Apr-12,60,60,0,56,54,4,6,2012,4
Perth-Geraldton,Perth,Geraldton,All Airlines,Apr-12,151,151,0,86,94,65,57,2012,4
Perth-Kalgoorlie,Perth,Kalgoorlie,All Airlines,Apr-12,101,101,0,86,82,15,19,2012,4
Perth-Karratha,Perth,Karratha,All Airlines,Apr-12,304,293,11,251,251,42,42,2012,4
Perth-Melbourne,Perth,Melbourne,All Airlines,Apr-12,516,513,3,456,415,57,98,2012,4
Perth-Newman,Perth,Newman,All Airlines,Apr-12,154,148,6,128,131,20,17,2012,4
Perth-Port Hedland,Perth,Port Hedland,All Airlines,Apr-12,198,188,10,171,170,17,18,2012,4
Perth-Sydney,Perth,Sydney,All Airlines,Apr-12,390,385,5,328,250,57,135,2012,4
Port Hedland-Perth,Port Hedland,Perth,All Airlines,Apr-12,201,188,13,163,167,25,21,2012,4
Port Lincoln-Adelaide,Port Lincoln,Adelaide,All Airlines,Apr-12,293,291,2,265,264,26,27,2012,4
Port Macquarie-Sydney,Port Macquarie,Sydney,All Airlines,Apr-12,192,187,5,134,123,53,64,2012,4
Proserpine-Brisbane,Proserpine,Brisbane,All Airlines,Apr-12,79,79,0,68,67,11,12,2012,4
Rockhampton-Brisbane,Rockhampton,Brisbane,All Airlines,Apr-12,341,333,8,255,249,78,84,2012,4
Sunshine Coast-Melbourne,Sunshine Coast,Melbourne,All Airlines,Apr-12,96,95,1,59,66,36,29,2012,4
Sunshine Coast-Sydney,Sunshine Coast,Sydney,All Airlines,Apr-12,141,139,2,114,118,25,21,2012,4
Sydney-Adelaide,Sydney,Adelaide,All Airlines,Apr-12,528,527,1,419,458,108,69,2012,4
Sydney-Albury,Sydney,Albury,All Airlines,Apr-12,274,273,1,186,188,87,85,2012,4
Sydney-Ayers Rock,Sydney,Ayers Rock,All Airlines,Apr-12,60,60,0,44,52,16,8,2012,4
Sydney-Ballina,Sydney,Ballina,All Airlines,Apr-12,105,105,0,79,74,26,31,2012,4
Sydney-Brisbane,Sydney,Brisbane,All Airlines,Apr-12,1235,1216,19,968,895,248,321,2012,4
Sydney-Cairns,Sydney,Cairns,All Airlines,Apr-12,265,264,1,212,219,52,45,2012,4
Sydney-Canberra,Sydney,Canberra,All Airlines,Apr-12,817,762,55,580,563,182,199,2012,4
Sydney-Coffs Harbour,Sydney,Coffs Harbour,All Airlines,Apr-12,202,200,2,142,131,58,69,2012,4
Sydney-Dubbo,Sydney,Dubbo,All Airlines,Apr-12,259,255,4,193,195,62,60,2012,4
Sydney-Gold Coast,Sydney,Gold Coast,All Airlines,Apr-12,670,662,8,507,497,155,165,2012,4
Sydney-Hamilton Island,Sydney,Hamilton Island,All Airlines,Apr-12,60,60,0,42,42,18,18,2012,4
Sydney-Hobart,Sydney,Hobart,All Airlines,Apr-12,148,147,1,106,118,41,29,2012,4
Sydney-Launceston,Sydney,Launceston,All Airlines,Apr-12,60,60,0,40,42,20,18,2012,4
Sydney-Melbourne,Sydney,Melbourne,All Airlines,Apr-12,2147,2076,71,1711,1775,365,301,2012,4
Sydney-Perth,Sydney,Perth,All Airlines,Apr-12,396,392,4,297,345,95,47,2012,4
Sydney-Port Macquarie,Sydney,Port Macquarie,All Airlines,Apr-12,192,186,6,122,116,64,70,2012,4
Sydney-Sunshine Coast,Sydney,Sunshine Coast,All Airlines,Apr-12,141,139,2,118,123,21,16,2012,4
Sydney-Townsville,Sydney,Townsville,All Airlines,Apr-12,58,58,0,44,47,14,11,2012,4
Sydney-Wagga Wagga,Sydney,Wagga Wagga,All Airlines,Apr-12,222,221,1,172,161,49,60,2012,4
Townsville-Brisbane,Townsville,Brisbane,All Airlines,Apr-12,329,325,4,278,264,47,61,2012,4
Townsville-Cairns,Townsville,Cairns,All Airlines,Apr-12,209,201,8,145,127,56,74,2012,4
Townsville-Sydney,Townsville,Sydney,All Airlines,Apr-12,58,58,0,40,41,18,17,2012,4
Wagga Wagga-Sydney,Wagga Wagga,Sydney,All Airlines,Apr-12,220,219,1,163,150,56,69,2012,4
Adelaide-Brisbane,Adelaide,Brisbane,All Airlines,May-12,225,224,1,200,202,24,22,2012,5
Adelaide-Canberra,Adelaide,Canberra,All Airlines,May-12,76,75,1,72,72,3,3,2012,5
Adelaide-Gold Coast,Adelaide,Gold Coast,All Airlines,May-12,58,58,0,53,54,5,4,2012,5
Adelaide-Melbourne,Adelaide,Melbourne,All Airlines,May-12,663,657,6,586,590,71,67,2012,5
Adelaide-Perth,Adelaide,Perth,All Airlines,May-12,195,192,3,169,173,23,19,2012,5
Adelaide-Port Lincoln,Adelaide,Port Lincoln,All Airlines,May-12,305,301,4,275,266,26,35,2012,5
Adelaide-Sydney,Adelaide,Sydney,All Airlines,May-12,513,510,3,471,470,39,40,2012,5
Albury-Sydney,Albury,Sydney,All Airlines,May-12,291,284,7,225,223,59,61,2012,5
Ayers Rock-Sydney,Ayers Rock,Sydney,All Airlines,May-12,62,62,0,60,61,2,1,2012,5
Ballina-Sydney,Ballina,Sydney,All Airlines,May-12,96,94,2,72,70,22,24,2012,5
Brisbane-Adelaide,Brisbane,Adelaide,All Airlines,May-12,224,224,0,203,216,21,8,2012,5
Brisbane-Cairns,Brisbane,Cairns,All Airlines,May-12,383,381,2,329,316,52,65,2012,5
Brisbane-Canberra,Brisbane,Canberra,All Airlines,May-12,264,260,4,233,243,27,17,2012,5
Brisbane-Darwin,Brisbane,Darwin,All Airlines,May-12,62,62,0,43,40,19,22,2012,5
Brisbane-Emerald,Brisbane,Emerald,All Airlines,May-12,252,248,4,219,214,29,34,2012,5
Brisbane-Gladstone,Brisbane,Gladstone,All Airlines,May-12,311,305,6,252,256,53,49,2012,5
Brisbane-Hamilton Island,Brisbane,Hamilton Island,All Airlines,May-12,45,45,0,40,38,5,7,2012,5
Brisbane-Mackay,Brisbane,Mackay,All Airlines,May-12,388,387,1,329,313,58,74,2012,5
Brisbane-Melbourne,Brisbane,Melbourne,All Airlines,May-12,894,890,4,756,806,134,84,2012,5
Brisbane-Newcastle,Brisbane,Newcastle,All Airlines,May-12,238,236,2,187,170,49,66,2012,5
Brisbane-Perth,Brisbane,Perth,All Airlines,May-12,204,204,0,170,174,34,30,2012,5
Brisbane-Proserpine,Brisbane,Proserpine,All Airlines,May-12,77,77,0,74,66,3,11,2012,5
Brisbane-Rockhampton,Brisbane,Rockhampton,All Airlines,May-12,408,404,4,337,345,67,59,2012,5
Brisbane-Sydney,Brisbane,Sydney,All Airlines,May-12,1206,1196,10,1037,1055,159,141,2012,5
Brisbane-Townsville,Brisbane,Townsville,All Airlines,May-12,338,337,1,292,294,45,43,2012,5
Broome-Perth,Broome,Perth,All Airlines,May-12,169,164,5,132,124,32,40,2012,5
Cairns-Brisbane,Cairns,Brisbane,All Airlines,May-12,387,385,2,343,347,42,38,2012,5
Cairns-Melbourne,Cairns,Melbourne,All Airlines,May-12,157,157,0,117,129,40,28,2012,5
Cairns-Sydney,Cairns,Sydney,All Airlines,May-12,232,232,0,199,216,33,16,2012,5
Cairns-Townsville,Cairns,Townsville,All Airlines,May-12,212,209,3,164,153,45,56,2012,5
Canberra-Adelaide,Canberra,Adelaide,All Airlines,May-12,81,80,1,77,77,3,3,2012,5
Canberra-Brisbane,Canberra,Brisbane,All Airlines,May-12,264,261,3,245,218,16,43,2012,5
Canberra-Melbourne,Canberra,Melbourne,All Airlines,May-12,477,469,8,415,411,54,58,2012,5
Canberra-Sydney,Canberra,Sydney,All Airlines,May-12,817,780,37,639,627,141,153,2012,5
Coffs Harbour-Sydney,Coffs Harbour,Sydney,All Airlines,May-12,205,199,6,147,160,52,39,2012,5
Darwin-Brisbane,Darwin,Brisbane,All Airlines,May-12,62,62,0,33,46,29,16,2012,5
Darwin-Melbourne,Darwin,Melbourne,All Airlines,May-12,44,44,0,42,44,2,0,2012,5
Darwin-Perth,Darwin,Perth,All Airlines,May-12,58,58,0,56,53,2,5,2012,5
Dubbo-Sydney,Dubbo,Sydney,All Airlines,May-12,288,286,2,230,232,56,54,2012,5
Emerald-Brisbane,Emerald,Brisbane,All Airlines,May-12,252,247,5,209,213,38,34,2012,5
Geraldton-Perth,Geraldton,Perth,All Airlines,May-12,149,149,0,107,92,42,57,2012,5
Gladstone-Brisbane,Gladstone,Brisbane,All Airlines,May-12,334,328,6,265,253,63,75,2012,5
Gold Coast-Adelaide,Gold Coast,Adelaide,All Airlines,May-12,57,57,0,51,52,6,5,2012,5
Gold Coast-Melbourne,Gold Coast,Melbourne,All Airlines,May-12,438,435,3,359,373,76,62,2012,5
Gold Coast-Sydney,Gold Coast,Sydney,All Airlines,May-12,616,606,10,512,517,94,89,2012,5
Hamilton Island-Brisbane,Hamilton Island,Brisbane,All Airlines,May-12,45,45,0,39,40,6,5,2012,5
Hamilton Island-Sydney,Hamilton Island,Sydney,All Airlines,May-12,62,62,0,43,46,19,16,2012,5
Hobart-Melbourne,Hobart,Melbourne,All Airlines,May-12,336,336,0,273,277,63,59,2012,5
Hobart-Sydney,Hobart,Sydney,All Airlines,May-12,147,146,1,116,114,30,32,2012,5
Kalgoorlie-Perth,Kalgoorlie,Perth,All Airlines,May-12,97,96,1,68,65,28,31,2012,5
Karratha-Perth,Karratha,Perth,All Airlines,May-12,320,312,8,269,228,43,84,2012,5
Launceston-Melbourne,Launceston,Melbourne,All Airlines,May-12,307,301,6,246,239,55,62,2012,5
Launceston-Sydney,Launceston,Sydney,All Airlines,May-12,62,62,0,50,49,12,13,2012,5
Mackay-Brisbane,Mackay,Brisbane,All Airlines,May-12,391,387,4,312,311,75,76,2012,5
Melbourne-Adelaide,Melbourne,Adelaide,All Airlines,May-12,662,659,3,600,604,59,55,2012,5
Melbourne-Brisbane,Melbourne,Brisbane,All Airlines,May-12,894,891,3,808,710,83,181,2012,5
Melbourne-Cairns,Melbourne,Cairns,All Airlines,May-12,157,157,0,138,122,19,35,2012,5
Melbourne-Canberra,Melbourne,Canberra,All Airlines,May-12,478,471,7,423,412,48,59,2012,5
Melbourne-Darwin,Melbourne,Darwin,All Airlines,May-12,44,44,0,43,39,1,5,2012,5
Melbourne-Gold Coast,Melbourne,Gold Coast,All Airlines,May-12,437,435,2,364,362,71,73,2012,5
Melbourne-Hobart,Melbourne,Hobart,All Airlines,May-12,336,336,0,289,277,47,59,2012,5
Melbourne-Launceston,Melbourne,Launceston,All Airlines,May-12,306,303,3,261,248,42,55,2012,5
Melbourne-Mildura,Melbourne,Mildura,All Airlines,May-12,213,210,3,184,176,26,34,2012,5
Melbourne-Newcastle,Melbourne,Newcastle,All Airlines,May-12,128,128,0,108,108,20,20,2012,5
Melbourne-Perth,Melbourne,Perth,All Airlines,May-12,497,495,2,442,429,53,66,2012,5
Melbourne-Sunshine Coast,Melbourne,Sunshine Coast,All Airlines,May-12,74,74,0,59,57,15,17,2012,5
Melbourne-Sydney,Melbourne,Sydney,All Airlines,May-12,2135,2092,43,1894,1823,198,269,2012,5
Mildura-Melbourne,Mildura,Melbourne,All Airlines,May-12,213,210,3,181,176,29,34,2012,5
Newcastle-Brisbane,Newcastle,Brisbane,All Airlines,May-12,238,234,4,182,175,52,59,2012,5
Newcastle-Melbourne,Newcastle,Melbourne,All Airlines,May-12,129,129,0,107,104,22,25,2012,5
Newman-Perth,Newman,Perth,All Airlines,May-12,169,169,0,132,119,37,50,2012,5
Perth-Adelaide,Perth,Adelaide,All Airlines,May-12,196,192,4,152,153,40,39,2012,5
Perth-Brisbane,Perth,Brisbane,All Airlines,May-12,204,204,0,159,141,45,63,2012,5
Perth-Broome,Perth,Broome,All Airlines,May-12,170,164,6,132,141,32,23,2012,5
Perth-Darwin,Perth,Darwin,All Airlines,May-12,58,58,0,54,52,4,6,2012,5
Perth-Geraldton,Perth,Geraldton,All Airlines,May-12,143,143,0,98,99,45,44,2012,5
Perth-Kalgoorlie,Perth,Kalgoorlie,All Airlines,May-12,97,97,0,79,76,18,21,2012,5
Perth-Karratha,Perth,Karratha,All Airlines,May-12,319,313,6,260,272,53,41,2012,5
Perth-Melbourne,Perth,Melbourne,All Airlines,May-12,494,491,3,410,361,81,130,2012,5
Perth-Newman,Perth,Newman,All Airlines,May-12,169,169,0,139,141,30,28,2012,5
Perth-Port Hedland,Perth,Port Hedland,All Airlines,May-12,227,220,7,196,198,24,22,2012,5
Perth-Sydney,Perth,Sydney,All Airlines,May-12,388,385,3,319,271,66,114,2012,5
Port Hedland-Perth,Port Hedland,Perth,All Airlines,May-12,226,221,5,183,157,38,64,2012,5
Port Lincoln-Adelaide,Port Lincoln,Adelaide,All Airlines,May-12,305,302,3,274,272,28,30,2012,5
Port Macquarie-Sydney,Port Macquarie,Sydney,All Airlines,May-12,199,197,2,151,153,46,44,2012,5
Proserpine-Brisbane,Proserpine,Brisbane,All Airlines,May-12,76,76,0,64,61,12,15,2012,5
Rockhampton-Brisbane,Rockhampton,Brisbane,All Airlines,May-12,385,379,6,310,318,69,61,2012,5
Sunshine Coast-Melbourne,Sunshine Coast,Melbourne,All Airlines,May-12,74,74,0,44,51,30,23,2012,5
Sunshine Coast-Sydney,Sunshine Coast,Sydney,All Airlines,May-12,128,127,1,110,108,17,19,2012,5
Sydney-Adelaide,Sydney,Adelaide,All Airlines,May-12,508,508,0,446,465,62,43,2012,5
Sydney-Albury,Sydney,Albury,All Airlines,May-12,291,284,7,209,202,75,82,2012,5
Sydney-Ayers Rock,Sydney,Ayers Rock,All Airlines,May-12,62,62,0,57,60,5,2,2012,5
Sydney-Ballina,Sydney,Ballina,All Airlines,May-12,100,99,1,77,78,22,21,2012,5
Sydney-Brisbane,Sydney,Brisbane,All Airlines,May-12,1202,1194,8,1076,982,118,212,2012,5
Sydney-Cairns,Sydney,Cairns,All Airlines,May-12,232,232,0,197,189,35,43,2012,5
Sydney-Canberra,Sydney,Canberra,All Airlines,May-12,821,787,34,621,596,166,191,2012,5
Sydney-Coffs Harbour,Sydney,Coffs Harbour,All Airlines,May-12,205,200,5,151,148,49,52,2012,5
Sydney-Dubbo,Sydney,Dubbo,All Airlines,May-12,289,287,2,224,241,63,46,2012,5
Sydney-Gold Coast,Sydney,Gold Coast,All Airlines,May-12,616,606,10,512,506,94,100,2012,5
Sydney-Hamilton Island,Sydney,Hamilton Island,All Airlines,May-12,62,62,0,57,48,5,14,2012,5
Sydney-Hobart,Sydney,Hobart,All Airlines,May-12,146,146,0,126,129,20,17,2012,5
Sydney-Launceston,Sydney,Launceston,All Airlines,May-12,62,62,0,56,56,6,6,2012,5
Sydney-Melbourne,Sydney,Melbourne,All Airlines,May-12,2134,2090,44,1897,1925,193,165,2012,5
Sydney-Perth,Sydney,Perth,All Airlines,May-12,387,385,2,311,317,74,68,2012,5
Sydney-Port Macquarie,Sydney,Port Macquarie,All Airlines,May-12,198,197,1,151,144,46,53,2012,5
Sydney-Sunshine Coast,Sydney,Sunshine Coast,All Airlines,May-12,128,128,0,117,115,11,13,2012,5
Sydney-Townsville,Sydney,Townsville,All Airlines,May-12,52,52,0,46,40,6,12,2012,5
Sydney-Wagga Wagga,Sydney,Wagga Wagga,All Airlines,May-12,237,237,0,192,186,45,51,2012,5
Townsville-Brisbane,Townsville,Brisbane,All Airlines,May-12,339,337,2,298,289,39,48,2012,5
Townsville-Cairns,Townsville,Cairns,All Airlines,May-12,212,209,3,152,123,57,86,2012,5
Townsville-Sydney,Townsville,Sydney,All Airlines,May-12,52,52,0,30,34,22,18,2012,5
Wagga Wagga-Sydney,Wagga Wagga,Sydney,All Airlines,May-12,237,237,0,212,203,25,34,2012,5
Adelaide-Brisbane,Adelaide,Brisbane,All Airlines,Jun-12,214,214,0,192,189,22,25,2012,6
Adelaide-Canberra,Adelaide,Canberra,All Airlines,Jun-12,70,70,0,62,65,8,5,2012,6
Adelaide-Gold Coast,Adelaide,Gold Coast,All Airlines,Jun-12,57,56,1,54,54,2,2,2012,6
Adelaide-Melbourne,Adelaide,Melbourne,All Airlines,Jun-12,632,629,3,554,559,75,70,2012,6
Adelaide-Perth,Adelaide,Perth,All Airlines,Jun-12,195,195,0,176,157,19,38,2012,6
Adelaide-Port Lincoln,Adelaide,Port Lincoln,All Airlines,Jun-12,297,289,8,259,245,30,44,2012,6
Adelaide-Sydney,Adelaide,Sydney,All Airlines,Jun-12,487,485,2,445,442,40,43,2012,6
Albury-Sydney,Albury,Sydney,All Airlines,Jun-12,273,269,4,186,184,83,85,2012,6
Ayers Rock-Sydney,Ayers Rock,Sydney,All Airlines,Jun-12,60,60,0,56,56,4,4,2012,6
Ballina-Sydney,Ballina,Sydney,All Airlines,Jun-12,89,88,1,59,52,29,36,2012,6
Brisbane-Adelaide,Brisbane,Adelaide,All Airlines,Jun-12,214,214,0,182,198,32,16,2012,6
Brisbane-Cairns,Brisbane,Cairns,All Airlines,Jun-12,361,361,0,299,289,62,72,2012,6
Brisbane-Canberra,Brisbane,Canberra,All Airlines,Jun-12,243,242,1,205,211,37,31,2012,6
Brisbane-Darwin,Brisbane,Darwin,All Airlines,Jun-12,60,60,0,50,48,10,12,2012,6
Brisbane-Emerald,Brisbane,Emerald,All Airlines,Jun-12,257,250,7,213,203,37,47,2012,6
Brisbane-Gladstone,Brisbane,Gladstone,All Airlines,Jun-12,334,321,13,256,254,65,67,2012,6
Brisbane-Hamilton Island,Brisbane,Hamilton Island,All Airlines,Jun-12,48,48,0,42,41,6,7,2012,6
Brisbane-Mackay,Brisbane,Mackay,All Airlines,Jun-12,371,366,5,301,293,65,73,2012,6
Brisbane-Melbourne,Brisbane,Melbourne,All Airlines,Jun-12,846,842,4,707,739,135,103,2012,6
Brisbane-Newcastle,Brisbane,Newcastle,All Airlines,Jun-12,230,229,1,178,166,51,63,2012,6
Brisbane-Perth,Brisbane,Perth,All Airlines,Jun-12,201,200,1,160,155,40,45,2012,6
Brisbane-Proserpine,Brisbane,Proserpine,All Airlines,Jun-12,74,74,0,67,62,7,12,2012,6
Brisbane-Rockhampton,Brisbane,Rockhampton,All Airlines,Jun-12,381,376,5,307,295,69,81,2012,6
Brisbane-Sydney,Brisbane,Sydney,All Airlines,Jun-12,1133,1124,9,935,919,189,205,2012,6
Brisbane-Townsville,Brisbane,Townsville,All Airlines,Jun-12,324,324,0,265,267,59,57,2012,6
Broome-Perth,Broome,Perth,All Airlines,Jun-12,161,159,2,98,96,61,63,2012,6
Cairns-Brisbane,Cairns,Brisbane,All Airlines,Jun-12,361,360,1,313,306,47,54,2012,6
Cairns-Melbourne,Cairns,Melbourne,All Airlines,Jun-12,162,160,2,127,132,33,28,2012,6
Cairns-Sydney,Cairns,Sydney,All Airlines,Jun-12,241,241,0,217,219,24,22,2012,6
Cairns-Townsville,Cairns,Townsville,All Airlines,Jun-12,197,191,6,147,134,44,57,2012,6
Canberra-Adelaide,Canberra,Adelaide,All Airlines,Jun-12,75,75,0,68,70,7,5,2012,6
Canberra-Brisbane,Canberra,Brisbane,All Airlines,Jun-12,243,242,1,211,180,31,62,2012,6
Canberra-Melbourne,Canberra,Melbourne,All Airlines,Jun-12,423,417,6,377,373,40,44,2012,6
Canberra-Sydney,Canberra,Sydney,All Airlines,Jun-12,749,713,36,543,508,170,205,2012,6
Coffs Harbour-Sydney,Coffs Harbour,Sydney,All Airlines,Jun-12,196,193,3,119,124,74,69,2012,6
Darwin-Brisbane,Darwin,Brisbane,All Airlines,Jun-12,60,60,0,43,51,17,9,2012,6
Darwin-Melbourne,Darwin,Melbourne,All Airlines,Jun-12,43,43,0,38,34,5,9,2012,6
Darwin-Perth,Darwin,Perth,All Airlines,Jun-12,55,55,0,47,49,8,6,2012,6
Dubbo-Sydney,Dubbo,Sydney,All Airlines,Jun-12,272,269,3,217,204,52,65,2012,6
Emerald-Brisbane,Emerald,Brisbane,All Airlines,Jun-12,257,250,7,201,198,49,52,2012,6
Geraldton-Perth,Geraldton,Perth,All Airlines,Jun-12,135,134,1,89,72,45,62,2012,6
Gladstone-Brisbane,Gladstone,Brisbane,All Airlines,Jun-12,355,340,15,260,252,80,88,2012,6
Gold Coast-Adelaide,Gold Coast,Adelaide,All Airlines,Jun-12,57,56,1,53,54,3,2,2012,6
Gold Coast-Melbourne,Gold Coast,Melbourne,All Airlines,Jun-12,440,435,5,347,355,88,80,2012,6
Gold Coast-Sydney,Gold Coast,Sydney,All Airlines,Jun-12,605,595,10,487,498,108,97,2012,6
Hamilton Island-Brisbane,Hamilton Island,Brisbane,All Airlines,Jun-12,48,47,1,41,40,6,7,2012,6
Hamilton Island-Sydney,Hamilton Island,Sydney,All Airlines,Jun-12,59,58,1,43,39,15,19,2012,6
Hobart-Melbourne,Hobart,Melbourne,All Airlines,Jun-12,322,321,1,264,266,57,55,2012,6
Hobart-Sydney,Hobart,Sydney,All Airlines,Jun-12,143,142,1,108,102,34,40,2012,6
Kalgoorlie-Perth,Kalgoorlie,Perth,All Airlines,Jun-12,94,94,0,56,49,38,45,2012,6
Karratha-Perth,Karratha,Perth,All Airlines,Jun-12,301,291,10,223,203,68,88,2012,6
Launceston-Melbourne,Launceston,Melbourne,All Airlines,Jun-12,298,295,3,264,255,31,40,2012,6
Launceston-Sydney,Launceston,Sydney,All Airlines,Jun-12,60,60,0,43,43,17,17,2012,6
Mackay-Brisbane,Mackay,Brisbane,All Airlines,Jun-12,373,367,6,295,267,72,100,2012,6
Melbourne-Adelaide,Melbourne,Adelaide,All Airlines,Jun-12,633,630,3,583,562,47,68,2012,6
Melbourne-Brisbane,Melbourne,Brisbane,All Airlines,Jun-12,852,849,3,756,655,93,194,2012,6
Melbourne-Cairns,Melbourne,Cairns,All Airlines,Jun-12,161,159,2,138,137,21,22,2012,6
Melbourne-Canberra,Melbourne,Canberra,All Airlines,Jun-12,423,419,4,380,369,39,50,2012,6
Melbourne-Darwin,Melbourne,Darwin,All Airlines,Jun-12,43,43,0,38,35,5,8,2012,6
Melbourne-Gold Coast,Melbourne,Gold Coast,All Airlines,Jun-12,440,435,5,355,347,80,88,2012,6
Melbourne-Hobart,Melbourne,Hobart,All Airlines,Jun-12,322,322,0,264,253,58,69,2012,6
Melbourne-Launceston,Melbourne,Launceston,All Airlines,Jun-12,298,297,1,267,265,30,32,2012,6
Melbourne-Mildura,Melbourne,Mildura,All Airlines,Jun-12,201,200,1,180,166,20,34,2012,6
Melbourne-Newcastle,Melbourne,Newcastle,All Airlines,Jun-12,121,120,1,105,103,15,17,2012,6
Melbourne-Perth,Melbourne,Perth,All Airlines,Jun-12,491,489,2,418,393,71,96,2012,6
Melbourne-Sunshine Coast,Melbourne,Sunshine Coast,All Airlines,Jun-12,80,79,1,56,57,23,22,2012,6
Melbourne-Sydney,Melbourne,Sydney,All Airlines,Jun-12,2005,1955,50,1739,1672,216,283,2012,6
Mildura-Melbourne,Mildura,Melbourne,All Airlines,Jun-12,201,200,1,175,169,25,31,2012,6
Newcastle-Brisbane,Newcastle,Brisbane,All Airlines,Jun-12,230,228,2,151,140,77,88,2012,6
Newcastle-Melbourne,Newcastle,Melbourne,All Airlines,Jun-12,120,119,1,103,107,16,12,2012,6
Newman-Perth,Newman,Perth,All Airlines,Jun-12,155,154,1,109,95,45,59,2012,6
Perth-Adelaide,Perth,Adelaide,All Airlines,Jun-12,195,194,1,144,162,50,32,2012,6
Perth-Brisbane,Perth,Brisbane,All Airlines,Jun-12,199,199,0,150,154,49,45,2012,6
Perth-Broome,Perth,Broome,All Airlines,Jun-12,163,161,2,117,122,44,39,2012,6
Perth-Darwin,Perth,Darwin,All Airlines,Jun-12,55,55,0,45,44,10,11,2012,6
Perth-Geraldton,Perth,Geraldton,All Airlines,Jun-12,135,134,1,86,88,48,46,2012,6
Perth-Kalgoorlie,Perth,Kalgoorlie,All Airlines,Jun-12,95,95,0,73,66,22,29,2012,6
Perth-Karratha,Perth,Karratha,All Airlines,Jun-12,301,292,9,247,232,45,60,2012,6
Perth-Melbourne,Perth,Melbourne,All Airlines,Jun-12,496,491,5,390,361,101,130,2012,6
Perth-Newman,Perth,Newman,All Airlines,Jun-12,156,154,2,122,123,32,31,2012,6
Perth-Port Hedland,Perth,Port Hedland,All Airlines,Jun-12,215,209,6,177,168,32,41,2012,6
Perth-Sydney,Perth,Sydney,All Airlines,Jun-12,374,374,0,274,283,100,91,2012,6
Port Hedland-Perth,Port Hedland,Perth,All Airlines,Jun-12,215,205,10,142,137,63,68,2012,6
Port Lincoln-Adelaide,Port Lincoln,Adelaide,All Airlines,Jun-12,298,286,12,249,242,37,44,2012,6
Port Macquarie-Sydney,Port Macquarie,Sydney,All Airlines,Jun-12,187,185,2,130,130,55,55,2012,6
Proserpine-Brisbane,Proserpine,Brisbane,All Airlines,Jun-12,75,75,0,59,55,16,20,2012,6
Rockhampton-Brisbane,Rockhampton,Brisbane,All Airlines,Jun-12,360,354,6,283,263,71,91,2012,6
Sunshine Coast-Melbourne,Sunshine Coast,Melbourne,All Airlines,Jun-12,81,79,2,42,52,37,27,2012,6
Sunshine Coast-Sydney,Sunshine Coast,Sydney,All Airlines,Jun-12,129,125,4,103,106,22,19,2012,6
Sydney-Adelaide,Sydney,Adelaide,All Airlines,Jun-12,482,482,0,428,438,54,44,2012,6
Sydney-Albury,Sydney,Albury,All Airlines,Jun-12,272,269,3,174,175,95,94,2012,6
Sydney-Ayers Rock,Sydney,Ayers Rock,All Airlines,Jun-12,60,60,0,52,51,8,9,2012,6
Sydney-Ballina,Sydney,Ballina,All Airlines,Jun-12,91,91,0,78,71,13,20,2012,6
Sydney-Brisbane,Sydney,Brisbane,All Airlines,Jun-12,1134,1125,9,1010,853,115,272,2012,6
Sydney-Cairns,Sydney,Cairns,All Airlines,Jun-12,240,240,0,205,215,35,25,2012,6
Sydney-Canberra,Sydney,Canberra,All Airlines,Jun-12,751,723,28,509,508,214,215,2012,6
Sydney-Coffs Harbour,Sydney,Coffs Harbour,All Airlines,Jun-12,195,191,4,131,120,60,71,2012,6
Sydney-Dubbo,Sydney,Dubbo,All Airlines,Jun-12,269,267,2,208,210,59,57,2012,6
Sydney-Gold Coast,Sydney,Gold Coast,All Airlines,Jun-12,605,597,8,517,499,80,98,2012,6
Sydney-Hamilton Island,Sydney,Hamilton Island,All Airlines,Jun-12,59,59,0,46,44,13,15,2012,6
Sydney-Hobart,Sydney,Hobart,All Airlines,Jun-12,143,143,0,108,118,35,25,2012,6
Sydney-Launceston,Sydney,Launceston,All Airlines,Jun-12,60,60,0,49,49,11,11,2012,6
Sydney-Melbourne,Sydney,Melbourne,All Airlines,Jun-12,2004,1954,50,1713,1691,241,263,2012,6
Sydney-Perth,Sydney,Perth,All Airlines,Jun-12,372,371,1,307,279,64,92,2012,6
Sydney-Port Macquarie,Sydney,Port Macquarie,All Airlines,Jun-12,187,185,2,123,124,62,61,2012,6
Sydney-Sunshine Coast,Sydney,Sunshine Coast,All Airlines,Jun-12,127,124,3,115,114,9,10,2012,6
Sydney-Townsville,Sydney,Townsville,All Airlines,Jun-12,54,54,0,42,42,12,12,2012,6
Sydney-Wagga Wagga,Sydney,Wagga Wagga,All Airlines,Jun-12,226,225,1,170,159,55,66,2012,6
Townsville-Brisbane,Townsville,Brisbane,All Airlines,Jun-12,324,324,0,272,254,52,70,2012,6
Townsville-Cairns,Townsville,Cairns,All Airlines,Jun-12,199,191,8,119,96,72,95,2012,6
Townsville-Sydney,Townsville,Sydney,All Airlines,Jun-12,54,54,0,28,30,26,24,2012,6
Wagga Wagga-Sydney,Wagga Wagga,Sydney,All Airlines,Jun-12,227,226,1,175,161,51,65,2012,6
Adelaide-Brisbane,Adelaide,Brisbane,All Airlines,Jul-12,266,266,0,226,218,40,48,2012,7
Adelaide-Canberra,Adelaide,Canberra,All Airlines,Jul-12,76,76,0,67,67,9,9,2012,7
Adelaide-Gold Coast,Adelaide,Gold Coast,All Airlines,Jul-12,62,61,1,54,54,7,7,2012,7
Adelaide-Melbourne,Adelaide,Melbourne,All Airlines,Jul-12,708,695,13,589,575,106,120,2012,7
Adelaide-Perth,Adelaide,Perth,All Airlines,Jul-12,219,219,0,189,196,30,23,2012,7
Adelaide-Port Lincoln,Adelaide,Port Lincoln,All Airlines,Jul-12,308,302,6,263,255,39,47,2012,7
Adelaide-Sydney,Adelaide,Sydney,All Airlines,Jul-12,552,549,3,481,479,68,70,2012,7
Albury-Sydney,Albury,Sydney,All Airlines,Jul-12,292,285,7,210,206,75,79,2012,7
Ayers Rock-Sydney,Ayers Rock,Sydney,All Airlines,Jul-12,62,61,1,55,57,6,4,2012,7
Ballina-Sydney,Ballina,Sydney,All Airlines,Jul-12,115,113,2,88,87,25,26,2012,7
Brisbane-Adelaide,Brisbane,Adelaide,All Airlines,Jul-12,266,265,1,220,240,45,25,2012,7
Brisbane-Cairns,Brisbane,Cairns,All Airlines,Jul-12,407,407,0,301,288,106,119,2012,7
Brisbane-Canberra,Brisbane,Canberra,All Airlines,Jul-12,268,265,3,229,232,36,33,2012,7
Brisbane-Darwin,Brisbane,Darwin,All Airlines,Jul-12,62,62,0,51,44,11,18,2012,7
Brisbane-Emerald,Brisbane,Emerald,All Airlines,Jul-12,273,265,8,213,195,52,70,2012,7
Brisbane-Gladstone,Brisbane,Gladstone,All Airlines,Jul-12,357,331,26,240,235,91,96,2012,7
Brisbane-Hamilton Island,Brisbane,Hamilton Island,All Airlines,Jul-12,49,47,2,36,37,11,10,2012,7
Brisbane-Mackay,Brisbane,Mackay,All Airlines,Jul-12,394,377,17,287,264,90,113,2012,7
Brisbane-Melbourne,Brisbane,Melbourne,All Airlines,Jul-12,1002,989,13,772,807,217,182,2012,7
Brisbane-Newcastle,Brisbane,Newcastle,All Airlines,Jul-12,255,251,4,207,192,44,59,2012,7
Brisbane-Perth,Brisbane,Perth,All Airlines,Jul-12,225,225,0,169,190,56,35,2012,7
Brisbane-Proserpine,Brisbane,Proserpine,All Airlines,Jul-12,84,84,0,72,60,12,24,2012,7
Brisbane-Rockhampton,Brisbane,Rockhampton,All Airlines,Jul-12,407,403,4,322,309,81,94,2012,7
Brisbane-Sydney,Brisbane,Sydney,All Airlines,Jul-12,1307,1286,21,1035,1018,251,268,2012,7
Brisbane-Townsville,Brisbane,Townsville,All Airlines,Jul-12,356,355,1,270,261,85,94,2012,7
Broome-Perth,Broome,Perth,All Airlines,Jul-12,169,169,0,120,110,49,59,2012,7
Cairns-Brisbane,Cairns,Brisbane,All Airlines,Jul-12,407,406,1,326,297,80,109,2012,7
Cairns-Melbourne,Cairns,Melbourne,All Airlines,Jul-12,206,206,0,135,156,71,50,2012,7
Cairns-Sydney,Cairns,Sydney,All Airlines,Jul-12,300,299,1,244,254,55,45,2012,7
Cairns-Townsville,Cairns,Townsville,All Airlines,Jul-12,218,211,7,155,137,56,74,2012,7
Canberra-Adelaide,Canberra,Adelaide,All Airlines,Jul-12,80,80,0,77,76,3,4,2012,7
Canberra-Brisbane,Canberra,Brisbane,All Airlines,Jul-12,268,263,5,229,201,34,62,2012,7
Canberra-Melbourne,Canberra,Melbourne,All Airlines,Jul-12,477,460,17,384,377,76,83,2012,7
Canberra-Sydney,Canberra,Sydney,All Airlines,Jul-12,833,765,68,576,566,189,199,2012,7
Coffs Harbour-Sydney,Coffs Harbour,Sydney,All Airlines,Jul-12,209,206,3,152,158,54,48,2012,7
Darwin-Brisbane,Darwin,Brisbane,All Airlines,Jul-12,62,62,0,35,47,27,15,2012,7
Darwin-Melbourne,Darwin,Melbourne,All Airlines,Jul-12,50,50,0,39,40,11,10,2012,7
Darwin-Perth,Darwin,Perth,All Airlines,Jul-12,58,58,0,42,43,16,15,2012,7
Darwin-Sydney,Darwin,Sydney,All Airlines,Jul-12,88,88,0,57,71,31,17,2012,7
Dubbo-Sydney,Dubbo,Sydney,All Airlines,Jul-12,277,267,10,197,179,70,88,2012,7
Emerald-Brisbane,Emerald,Brisbane,All Airlines,Jul-12,273,263,10,185,184,78,79,2012,7
Geraldton-Perth,Geraldton,Perth,All Airlines,Jul-12,135,134,1,98,88,36,46,2012,7
Gladstone-Brisbane,Gladstone,Brisbane,All Airlines,Jul-12,378,346,32,236,235,110,111,2012,7
Gold Coast-Adelaide,Gold Coast,Adelaide,All Airlines,Jul-12,62,61,1,55,55,6,6,2012,7
Gold Coast-Melbourne,Gold Coast,Melbourne,All Airlines,Jul-12,529,524,5,407,411,117,113,2012,7
Gold Coast-Sydney,Gold Coast,Sydney,All Airlines,Jul-12,749,725,24,578,584,147,141,2012,7
Hamilton Island-Brisbane,Hamilton Island,Brisbane,All Airlines,Jul-12,51,46,5,35,36,11,10,2012,7
Hamilton Island-Sydney,Hamilton Island,Sydney,All Airlines,Jul-12,62,55,7,29,31,26,24,2012,7
Hobart-Melbourne,Hobart,Melbourne,All Airlines,Jul-12,350,349,1,289,281,60,68,2012,7
Hobart-Sydney,Hobart,Sydney,All Airlines,Jul-12,153,151,2,101,100,50,51,2012,7
Kalgoorlie-Perth,Kalgoorlie,Perth,All Airlines,Jul-12,148,148,0,107,103,41,45,2012,7
Karratha-Perth,Karratha,Perth,All Airlines,Jul-12,315,303,12,261,240,42,63,2012,7
Launceston-Melbourne,Launceston,Melbourne,All Airlines,Jul-12,312,309,3,256,250,53,59,2012,7
Launceston-Sydney,Launceston,Sydney,All Airlines,Jul-12,62,62,0,42,45,20,17,2012,7
Mackay-Brisbane,Mackay,Brisbane,All Airlines,Jul-12,394,374,20,267,250,107,124,2012,7
Melbourne-Adelaide,Melbourne,Adelaide,All Airlines,Jul-12,706,700,6,607,592,93,108,2012,7
Melbourne-Brisbane,Melbourne,Brisbane,All Airlines,Jul-12,1005,993,12,827,712,166,281,2012,7
Melbourne-Cairns,Melbourne,Cairns,All Airlines,Jul-12,206,206,0,172,158,34,48,2012,7
Melbourne-Canberra,Melbourne,Canberra,All Airlines,Jul-12,477,463,14,396,383,67,80,2012,7
Melbourne-Darwin,Melbourne,Darwin,All Airlines,Jul-12,50,50,0,41,37,9,13,2012,7
Melbourne-Gold Coast,Melbourne,Gold Coast,All Airlines,Jul-12,529,524,5,430,415,94,109,2012,7
Melbourne-Hobart,Melbourne,Hobart,All Airlines,Jul-12,350,348,2,281,259,67,89,2012,7
Melbourne-Launceston,Melbourne,Launceston,All Airlines,Jul-12,311,309,2,249,243,60,66,2012,7
Melbourne-Mildura,Melbourne,Mildura,All Airlines,Jul-12,211,209,2,166,156,43,53,2012,7
Melbourne-Newcastle,Melbourne,Newcastle,All Airlines,Jul-12,136,135,1,112,112,23,23,2012,7
Melbourne-Perth,Melbourne,Perth,All Airlines,Jul-12,567,564,3,477,480,87,84,2012,7
Melbourne-Sunshine Coast,Melbourne,Sunshine Coast,All Airlines,Jul-12,97,96,1,74,65,22,31,2012,7
Melbourne-Sydney,Melbourne,Sydney,All Airlines,Jul-12,2341,2226,115,1850,1789,376,437,2012,7
Mildura-Melbourne,Mildura,Melbourne,All Airlines,Jul-12,210,209,1,174,165,35,44,2012,7
Newcastle-Brisbane,Newcastle,Brisbane,All Airlines,Jul-12,256,250,6,184,177,66,73,2012,7
Newcastle-Melbourne,Newcastle,Melbourne,All Airlines,Jul-12,138,136,2,118,116,18,20,2012,7
Newman-Perth,Newman,Perth,All Airlines,Jul-12,164,164,0,141,132,23,32,2012,7
Perth-Adelaide,Perth,Adelaide,All Airlines,Jul-12,220,218,2,175,177,43,41,2012,7
Perth-Brisbane,Perth,Brisbane,All Airlines,Jul-12,226,226,0,174,171,52,55,2012,7
Perth-Broome,Perth,Broome,All Airlines,Jul-12,168,168,0,122,135,46,33,2012,7
Perth-Darwin,Perth,Darwin,All Airlines,Jul-12,58,58,0,40,44,18,14,2012,7
Perth-Geraldton,Perth,Geraldton,All Airlines,Jul-12,134,134,0,98,103,36,31,2012,7
Perth-Kalgoorlie,Perth,Kalgoorlie,All Airlines,Jul-12,145,145,0,113,105,32,40,2012,7
Perth-Karratha,Perth,Karratha,All Airlines,Jul-12,314,305,9,258,269,47,36,2012,7
Perth-Melbourne,Perth,Melbourne,All Airlines,Jul-12,565,562,3,461,405,101,157,2012,7
Perth-Newman,Perth,Newman,All Airlines,Jul-12,164,164,0,140,141,24,23,2012,7
Perth-Port Hedland,Perth,Port Hedland,All Airlines,Jul-12,225,222,3,194,198,28,24,2012,7
Perth-Sydney,Perth,Sydney,All Airlines,Jul-12,414,408,6,322,287,86,121,2012,7
Port Hedland-Perth,Port Hedland,Perth,All Airlines,Jul-12,225,223,2,193,176,30,47,2012,7
Port Lincoln-Adelaide,Port Lincoln,Adelaide,All Airlines,Jul-12,306,299,7,250,245,49,54,2012,7
Port Macquarie-Sydney,Port Macquarie,Sydney,All Airlines,Jul-12,199,195,4,151,144,44,51,2012,7
Proserpine-Brisbane,Proserpine,Brisbane,All Airlines,Jul-12,84,84,0,61,51,23,33,2012,7
Rockhampton-Brisbane,Rockhampton,Brisbane,All Airlines,Jul-12,384,379,5,291,267,88,112,2012,7
Sunshine Coast-Melbourne,Sunshine Coast,Melbourne,All Airlines,Jul-12,97,96,1,54,56,42,40,2012,7
Sunshine Coast-Sydney,Sunshine Coast,Sydney,All Airlines,Jul-12,150,145,5,113,109,32,36,2012,7
Sydney-Adelaide,Sydney,Adelaide,All Airlines,Jul-12,548,547,1,461,481,86,66,2012,7
Sydney-Albury,Sydney,Albury,All Airlines,Jul-12,292,286,6,200,195,86,91,2012,7
Sydney-Ayers Rock,Sydney,Ayers Rock,All Airlines,Jul-12,62,61,1,48,46,13,15,2012,7
Sydney-Ballina,Sydney,Ballina,All Airlines,Jul-12,121,120,1,94,94,26,26,2012,7
Sydney-Brisbane,Sydney,Brisbane,All Airlines,Jul-12,1302,1273,29,1064,888,209,385,2012,7
Sydney-Cairns,Sydney,Cairns,All Airlines,Jul-12,299,299,0,241,232,58,67,2012,7
Sydney-Canberra,Sydney,Canberra,All Airlines,Jul-12,840,788,52,564,552,224,236,2012,7
Sydney-Coffs Harbour,Sydney,Coffs Harbour,All Airlines,Jul-12,210,208,2,155,151,53,57,2012,7
Sydney-Darwin,Sydney,Darwin,All Airlines,Jul-12,89,89,0,63,54,26,35,2012,7
Sydney-Dubbo,Sydney,Dubbo,All Airlines,Jul-12,279,270,9,195,200,75,70,2012,7
Sydney-Gold Coast,Sydney,Gold Coast,All Airlines,Jul-12,749,731,18,568,564,163,167,2012,7
Sydney-Hamilton Island,Sydney,Hamilton Island,All Airlines,Jul-12,61,59,2,36,36,23,23,2012,7
Sydney-Hobart,Sydney,Hobart,All Airlines,Jul-12,152,152,0,107,117,45,35,2012,7
Sydney-Launceston,Sydney,Launceston,All Airlines,Jul-12,62,62,0,45,45,17,17,2012,7
Sydney-Melbourne,Sydney,Melbourne,All Airlines,Jul-12,2339,2220,119,1839,1833,381,387,2012,7
Sydney-Perth,Sydney,Perth,All Airlines,Jul-12,415,411,4,306,346,105,65,2012,7
Sydney-Port Macquarie,Sydney,Port Macquarie,All Airlines,Jul-12,199,196,3,139,138,57,58,2012,7
Sydney-Sunshine Coast,Sydney,Sunshine Coast,All Airlines,Jul-12,150,146,4,124,124,22,22,2012,7
Sydney-Townsville,Sydney,Townsville,All Airlines,Jul-12,59,59,0,38,39,21,20,2012,7
Sydney-Wagga Wagga,Sydney,Wagga Wagga,All Airlines,Jul-12,237,236,1,183,170,53,66,2012,7
Townsville-Brisbane,Townsville,Brisbane,All Airlines,Jul-12,356,354,2,255,238,99,116,2012,7
Townsville-Cairns,Townsville,Cairns,All Airlines,Jul-12,215,205,10,127,110,78,95,2012,7
Townsville-Sydney,Townsville,Sydney,All Airlines,Jul-12,59,59,0,32,37,27,22,2012,7
Wagga Wagga-Sydney,Wagga Wagga,Sydney,All Airlines,Jul-12,235,234,1,183,178,51,56,2012,7
Adelaide-Brisbane,Adelaide,Brisbane,All Airlines,Aug-12,267,264,3,226,236,38,28,2012,8
Adelaide-Canberra,Adelaide,Canberra,All Airlines,Aug-12,77,75,2,64,68,11,7,2012,8
Adelaide-Gold Coast,Adelaide,Gold Coast,All Airlines,Aug-12,62,59,3,54,54,5,5,2012,8
Adelaide-Melbourne,Adelaide,Melbourne,All Airlines,Aug-12,700,695,5,585,588,110,107,2012,8
Adelaide-Perth,Adelaide,Perth,All Airlines,Aug-12,207,207,0,187,164,20,43,2012,8
Adelaide-Port Lincoln,Adelaide,Port Lincoln,All Airlines,Aug-12,319,315,4,286,275,29,40,2012,8
Adelaide-Sydney,Adelaide,Sydney,All Airlines,Aug-12,552,550,2,488,485,62,65,2012,8
Albury-Sydney,Albury,Sydney,All Airlines,Aug-12,297,294,3,219,223,75,71,2012,8
Ayers Rock-Sydney,Ayers Rock,Sydney,All Airlines,Aug-12,62,62,0,54,56,8,6,2012,8
Ballina-Sydney,Ballina,Sydney,All Airlines,Aug-12,112,112,0,87,84,25,28,2012,8
Brisbane-Adelaide,Brisbane,Adelaide,All Airlines,Aug-12,267,266,1,231,233,35,33,2012,8
Brisbane-Cairns,Brisbane,Cairns,All Airlines,Aug-12,403,403,0,339,340,64,63,2012,8
Brisbane-Canberra,Brisbane,Canberra,All Airlines,Aug-12,266,265,1,241,237,24,28,2012,8
Brisbane-Darwin,Brisbane,Darwin,All Airlines,Aug-12,71,71,0,66,64,5,7,2012,8
Brisbane-Emerald,Brisbane,Emerald,All Airlines,Aug-12,280,275,5,250,228,25,47,2012,8
Brisbane-Gladstone,Brisbane,Gladstone,All Airlines,Aug-12,359,349,10,294,290,55,59,2012,8
Brisbane-Hamilton Island,Brisbane,Hamilton Island,All Airlines,Aug-12,48,48,0,41,40,7,8,2012,8
Brisbane-Mackay,Brisbane,Mackay,All Airlines,Aug-12,398,393,5,322,307,71,86,2012,8
Brisbane-Melbourne,Brisbane,Melbourne,All Airlines,Aug-12,989,976,13,833,794,143,182,2012,8
Brisbane-Newcastle,Brisbane,Newcastle,All Airlines,Aug-12,253,253,0,213,192,40,61,2012,8
Brisbane-Perth,Brisbane,Perth,All Airlines,Aug-12,225,225,0,181,157,44,68,2012,8
Brisbane-Proserpine,Brisbane,Proserpine,All Airlines,Aug-12,85,85,0,78,67,7,18,2012,8
Brisbane-Rockhampton,Brisbane,Rockhampton,All Airlines,Aug-12,432,424,8,364,350,60,74,2012,8
Brisbane-Sydney,Brisbane,Sydney,All Airlines,Aug-12,1379,1358,21,1168,1074,190,284,2012,8
Brisbane-Townsville,Brisbane,Townsville,All Airlines,Aug-12,355,355,0,301,293,54,62,2012,8
Broome-Perth,Broome,Perth,All Airlines,Aug-12,167,165,2,122,127,43,38,2012,8
Cairns-Brisbane,Cairns,Brisbane,All Airlines,Aug-12,404,404,0,354,341,50,63,2012,8
Cairns-Melbourne,Cairns,Melbourne,All Airlines,Aug-12,187,187,0,146,150,41,37,2012,8
Cairns-Sydney,Cairns,Sydney,All Airlines,Aug-12,277,276,1,241,238,35,38,2012,8
Cairns-Townsville,Cairns,Townsville,All Airlines,Aug-12,220,216,4,193,187,23,29,2012,8
Canberra-Adelaide,Canberra,Adelaide,All Airlines,Aug-12,81,79,2,70,69,9,10,2012,8
Canberra-Brisbane,Canberra,Brisbane,All Airlines,Aug-12,265,265,0,244,232,21,33,2012,8
Canberra-Melbourne,Canberra,Melbourne,All Airlines,Aug-12,484,468,16,416,407,52,61,2012,8
Canberra-Sydney,Canberra,Sydney,All Airlines,Aug-12,844,817,27,664,640,153,177,2012,8
Coffs Harbour-Sydney,Coffs Harbour,Sydney,All Airlines,Aug-12,209,209,0,174,164,35,45,2012,8
Darwin-Brisbane,Darwin,Brisbane,All Airlines,Aug-12,71,71,0,56,60,15,11,2012,8
Darwin-Melbourne,Darwin,Melbourne,All Airlines,Aug-12,56,55,1,49,40,6,15,2012,8
Darwin-Perth,Darwin,Perth,All Airlines,Aug-12,58,58,0,51,52,7,6,2012,8
Darwin-Sydney,Darwin,Sydney,All Airlines,Aug-12,125,125,0,108,102,17,23,2012,8
Dubbo-Sydney,Dubbo,Sydney,All Airlines,Aug-12,288,285,3,217,204,68,81,2012,8
Emerald-Brisbane,Emerald,Brisbane,All Airlines,Aug-12,280,275,5,228,234,47,41,2012,8
Geraldton-Perth,Geraldton,Perth,All Airlines,Aug-12,138,138,0,97,78,41,60,2012,8
Gladstone-Brisbane,Gladstone,Brisbane,All Airlines,Aug-12,382,371,11,298,292,73,79,2012,8
Gold Coast-Adelaide,Gold Coast,Adelaide,All Airlines,Aug-12,62,59,3,54,54,5,5,2012,8
Gold Coast-Melbourne,Gold Coast,Melbourne,All Airlines,Aug-12,494,488,6,395,362,93,126,2012,8
Gold Coast-Sydney,Gold Coast,Sydney,All Airlines,Aug-12,723,710,13,594,571,116,139,2012,8
Hamilton Island-Brisbane,Hamilton Island,Brisbane,All Airlines,Aug-12,48,48,0,37,39,11,9,2012,8
Hamilton Island-Sydney,Hamilton Island,Sydney,All Airlines,Aug-12,64,62,2,41,40,21,22,2012,8
Hobart-Melbourne,Hobart,Melbourne,All Airlines,Aug-12,340,340,0,280,271,60,69,2012,8
Hobart-Sydney,Hobart,Sydney,All Airlines,Aug-12,162,157,5,112,114,45,43,2012,8
Kalgoorlie-Perth,Kalgoorlie,Perth,All Airlines,Aug-12,153,153,0,124,93,29,60,2012,8
Karratha-Perth,Karratha,Perth,All Airlines,Aug-12,323,310,13,254,231,56,79,2012,8
Launceston-Melbourne,Launceston,Melbourne,All Airlines,Aug-12,320,315,5,257,247,58,68,2012,8
Launceston-Sydney,Launceston,Sydney,All Airlines,Aug-12,63,63,0,51,50,12,13,2012,8
Mackay-Brisbane,Mackay,Brisbane,All Airlines,Aug-12,400,390,10,305,303,85,87,2012,8
Melbourne-Adelaide,Melbourne,Adelaide,All Airlines,Aug-12,700,696,4,617,577,79,119,2012,8
Melbourne-Brisbane,Melbourne,Brisbane,All Airlines,Aug-12,987,978,9,830,809,148,169,2012,8
Melbourne-Cairns,Melbourne,Cairns,All Airlines,Aug-12,186,186,0,169,165,17,21,2012,8
Melbourne-Canberra,Melbourne,Canberra,All Airlines,Aug-12,484,471,13,423,419,48,52,2012,8
Melbourne-Darwin,Melbourne,Darwin,All Airlines,Aug-12,56,56,0,53,52,3,4,2012,8
Melbourne-Gold Coast,Melbourne,Gold Coast,All Airlines,Aug-12,494,488,6,393,412,95,76,2012,8
Melbourne-Hobart,Melbourne,Hobart,All Airlines,Aug-12,341,341,0,278,260,63,81,2012,8
Melbourne-Launceston,Melbourne,Launceston,All Airlines,Aug-12,320,313,7,261,255,52,58,2012,8
Melbourne-Mildura,Melbourne,Mildura,All Airlines,Aug-12,209,208,1,189,173,19,35,2012,8
Melbourne-Newcastle,Melbourne,Newcastle,All Airlines,Aug-12,130,130,0,115,111,15,19,2012,8
Melbourne-Perth,Melbourne,Perth,All Airlines,Aug-12,528,524,4,455,398,69,126,2012,8
Melbourne-Sunshine Coast,Melbourne,Sunshine Coast,All Airlines,Aug-12,75,75,0,50,48,25,27,2012,8
Melbourne-Sydney,Melbourne,Sydney,All Airlines,Aug-12,2344,2250,94,1867,1790,383,460,2012,8
Mildura-Melbourne,Mildura,Melbourne,All Airlines,Aug-12,210,210,0,195,185,15,25,2012,8
Newcastle-Brisbane,Newcastle,Brisbane,All Airlines,Aug-12,253,253,0,181,181,72,72,2012,8
Newcastle-Melbourne,Newcastle,Melbourne,All Airlines,Aug-12,131,130,1,119,120,11,10,2012,8
Newman-Perth,Newman,Perth,All Airlines,Aug-12,168,168,0,143,130,25,38,2012,8
Perth-Adelaide,Perth,Adelaide,All Airlines,Aug-12,206,206,0,167,184,39,22,2012,8
Perth-Brisbane,Perth,Brisbane,All Airlines,Aug-12,227,226,1,166,185,60,41,2012,8
Perth-Broome,Perth,Broome,All Airlines,Aug-12,167,166,1,128,129,38,37,2012,8
Perth-Darwin,Perth,Darwin,All Airlines,Aug-12,58,58,0,53,52,5,6,2012,8
Perth-Geraldton,Perth,Geraldton,All Airlines,Aug-12,139,139,0,111,102,28,37,2012,8
Perth-Kalgoorlie,Perth,Kalgoorlie,All Airlines,Aug-12,164,164,0,141,129,23,35,2012,8
Perth-Karratha,Perth,Karratha,All Airlines,Aug-12,324,311,13,259,244,52,67,2012,8
Perth-Melbourne,Perth,Melbourne,All Airlines,Aug-12,527,524,3,403,415,121,109,2012,8
Perth-Newman,Perth,Newman,All Airlines,Aug-12,168,168,0,143,148,25,20,2012,8
Perth-Port Hedland,Perth,Port Hedland,All Airlines,Aug-12,231,230,1,201,196,29,34,2012,8
Perth-Sydney,Perth,Sydney,All Airlines,Aug-12,402,397,5,290,312,107,85,2012,8
Port Hedland-Perth,Port Hedland,Perth,All Airlines,Aug-12,231,227,4,179,177,48,50,2012,8
Port Lincoln-Adelaide,Port Lincoln,Adelaide,All Airlines,Aug-12,319,315,4,270,275,45,40,2012,8
Port Macquarie-Sydney,Port Macquarie,Sydney,All Airlines,Aug-12,202,197,5,151,143,46,54,2012,8
Proserpine-Brisbane,Proserpine,Brisbane,All Airlines,Aug-12,85,85,0,69,69,16,16,2012,8
Rockhampton-Brisbane,Rockhampton,Brisbane,All Airlines,Aug-12,411,395,16,317,329,78,66,2012,8
Sunshine Coast-Melbourne,Sunshine Coast,Melbourne,All Airlines,Aug-12,75,75,0,33,37,42,38,2012,8
Sunshine Coast-Sydney,Sunshine Coast,Sydney,All Airlines,Aug-12,121,121,0,94,81,27,40,2012,8
Sydney-Adelaide,Sydney,Adelaide,All Airlines,Aug-12,548,546,2,459,459,87,87,2012,8
Sydney-Albury,Sydney,Albury,All Airlines,Aug-12,295,294,1,213,201,81,93,2012,8
Sydney-Ayers Rock,Sydney,Ayers Rock,All Airlines,Aug-12,62,62,0,49,49,13,13,2012,8
Sydney-Ballina,Sydney,Ballina,All Airlines,Aug-12,116,116,0,96,95,20,21,2012,8
Sydney-Brisbane,Sydney,Brisbane,All Airlines,Aug-12,1377,1355,22,1158,1081,197,274,2012,8
Sydney-Cairns,Sydney,Cairns,All Airlines,Aug-12,277,277,0,238,234,39,43,2012,8
Sydney-Canberra,Sydney,Canberra,All Airlines,Aug-12,846,819,27,674,636,145,183,2012,8
Sydney-Coffs Harbour,Sydney,Coffs Harbour,All Airlines,Aug-12,209,209,0,166,167,43,42,2012,8
Sydney-Darwin,Sydney,Darwin,All Airlines,Aug-12,125,125,0,103,105,22,20,2012,8
Sydney-Dubbo,Sydney,Dubbo,All Airlines,Aug-12,290,287,3,210,216,77,71,2012,8
Sydney-Gold Coast,Sydney,Gold Coast,All Airlines,Aug-12,723,709,14,588,591,121,118,2012,8
Sydney-Hamilton Island,Sydney,Hamilton Island,All Airlines,Aug-12,62,62,0,54,51,8,11,2012,8
Sydney-Hobart,Sydney,Hobart,All Airlines,Aug-12,162,157,5,123,124,34,33,2012,8
Sydney-Launceston,Sydney,Launceston,All Airlines,Aug-12,62,62,0,55,53,7,9,2012,8
Sydney-Melbourne,Sydney,Melbourne,All Airlines,Aug-12,2350,2256,94,1864,1777,392,479,2012,8
Sydney-Perth,Sydney,Perth,All Airlines,Aug-12,400,396,4,321,256,75,140,2012,8
Sydney-Port Macquarie,Sydney,Port Macquarie,All Airlines,Aug-12,201,196,5,144,148,52,48,2012,8
Sydney-Sunshine Coast,Sydney,Sunshine Coast,All Airlines,Aug-12,121,121,0,102,105,19,16,2012,8
Sydney-Townsville,Sydney,Townsville,All Airlines,Aug-12,53,53,0,42,44,11,9,2012,8
Sydney-Wagga Wagga,Sydney,Wagga Wagga,All Airlines,Aug-12,236,236,0,186,167,50,69,2012,8
Townsville-Brisbane,Townsville,Brisbane,All Airlines,Aug-12,355,355,0,292,291,63,64,2012,8
Townsville-Cairns,Townsville,Cairns,All Airlines,Aug-12,221,217,4,176,167,41,50,2012,8
Townsville-Sydney,Townsville,Sydney,All Airlines,Aug-12,53,53,0,33,35,20,18,2012,8
Wagga Wagga-Sydney,Wagga Wagga,Sydney,All Airlines,Aug-12,235,235,0,178,183,57,52,2012,8
Adelaide-Brisbane,Adelaide,Brisbane,All Airlines,Sep-12,256,254,2,212,221,42,33,2012,9
Adelaide-Canberra,Adelaide,Canberra,All Airlines,Sep-12,70,70,0,60,62,10,8,2012,9
Adelaide-Gold Coast,Adelaide,Gold Coast,All Airlines,Sep-12,65,64,1,62,64,2,0,2012,9
Adelaide-Melbourne,Adelaide,Melbourne,All Airlines,Sep-12,680,666,14,580,595,86,71,2012,9
Adelaide-Perth,Adelaide,Perth,All Airlines,Sep-12,207,207,0,180,160,27,47,2012,9
Adelaide-Port Lincoln,Adelaide,Port Lincoln,All Airlines,Sep-12,297,291,6,260,242,31,49,2012,9
Adelaide-Sydney,Adelaide,Sydney,All Airlines,Sep-12,529,522,7,430,442,92,80,2012,9
Albury-Sydney,Albury,Sydney,All Airlines,Sep-12,282,282,0,205,202,77,80,2012,9
Ayers Rock-Sydney,Ayers Rock,Sydney,All Airlines,Sep-12,60,58,2,47,52,11,6,2012,9
Ballina-Sydney,Ballina,Sydney,All Airlines,Sep-12,106,106,0,86,69,20,37,2012,9
Brisbane-Adelaide,Brisbane,Adelaide,All Airlines,Sep-12,255,253,2,231,226,22,27,2012,9
Brisbane-Cairns,Brisbane,Cairns,All Airlines,Sep-12,388,387,1,321,338,66,49,2012,9
Brisbane-Canberra,Brisbane,Canberra,All Airlines,Sep-12,253,253,0,225,218,28,35,2012,9
Brisbane-Darwin,Brisbane,Darwin,All Airlines,Sep-12,68,68,0,58,63,10,5,2012,9
Brisbane-Emerald,Brisbane,Emerald,All Airlines,Sep-12,257,253,4,223,221,30,32,2012,9
Brisbane-Gladstone,Brisbane,Gladstone,All Airlines,Sep-12,329,321,8,270,267,51,54,2012,9
Brisbane-Hamilton Island,Brisbane,Hamilton Island,All Airlines,Sep-12,48,48,0,41,42,7,6,2012,9
Brisbane-Mackay,Brisbane,Mackay,All Airlines,Sep-12,375,373,2,311,315,62,58,2012,9
Brisbane-Melbourne,Brisbane,Melbourne,All Airlines,Sep-12,953,944,9,812,755,132,189,2012,9
Brisbane-Newcastle,Brisbane,Newcastle,All Airlines,Sep-12,244,242,2,184,160,58,82,2012,9
Brisbane-Perth,Brisbane,Perth,All Airlines,Sep-12,221,221,0,177,157,44,64,2012,9
Brisbane-Proserpine,Brisbane,Proserpine,All Airlines,Sep-12,80,80,0,77,71,3,9,2012,9
Brisbane-Rockhampton,Brisbane,Rockhampton,All Airlines,Sep-12,411,410,1,321,328,89,82,2012,9
Brisbane-Sydney,Brisbane,Sydney,All Airlines,Sep-12,1394,1357,37,1164,1060,193,297,2012,9
Brisbane-Townsville,Brisbane,Townsville,All Airlines,Sep-12,338,338,0,283,292,55,46,2012,9
Broome-Perth,Broome,Perth,All Airlines,Sep-12,160,158,2,116,119,42,39,2012,9
Cairns-Brisbane,Cairns,Brisbane,All Airlines,Sep-12,386,386,0,354,310,32,76,2012,9
Cairns-Melbourne,Cairns,Melbourne,All Airlines,Sep-12,198,197,1,164,157,33,40,2012,9
Cairns-Sydney,Cairns,Sydney,All Airlines,Sep-12,280,275,5,240,224,35,51,2012,9
Cairns-Townsville,Cairns,Townsville,All Airlines,Sep-12,205,203,2,177,171,26,32,2012,9
Canberra-Adelaide,Canberra,Adelaide,All Airlines,Sep-12,75,75,0,71,69,4,6,2012,9
Canberra-Brisbane,Canberra,Brisbane,All Airlines,Sep-12,253,253,0,227,209,26,44,2012,9
Canberra-Melbourne,Canberra,Melbourne,All Airlines,Sep-12,449,441,8,392,383,49,58,2012,9
Canberra-Sydney,Canberra,Sydney,All Airlines,Sep-12,789,764,25,620,607,144,157,2012,9
Coffs Harbour-Sydney,Coffs Harbour,Sydney,All Airlines,Sep-12,200,198,2,147,146,51,52,2012,9
Darwin-Brisbane,Darwin,Brisbane,All Airlines,Sep-12,68,68,0,59,58,9,10,2012,9
Darwin-Melbourne,Darwin,Melbourne,All Airlines,Sep-12,56,55,1,46,47,9,8,2012,9
Darwin-Perth,Darwin,Perth,All Airlines,Sep-12,55,55,0,45,48,10,7,2012,9
Darwin-Sydney,Darwin,Sydney,All Airlines,Sep-12,111,111,0,95,90,16,21,2012,9
Dubbo-Sydney,Dubbo,Sydney,All Airlines,Sep-12,275,274,1,218,199,56,75,2012,9
Emerald-Brisbane,Emerald,Brisbane,All Airlines,Sep-12,257,253,4,211,208,42,45,2012,9
Geraldton-Perth,Geraldton,Perth,All Airlines,Sep-12,130,130,0,79,68,51,62,2012,9
Gladstone-Brisbane,Gladstone,Brisbane,All Airlines,Sep-12,349,340,9,277,263,63,77,2012,9
Gold Coast-Adelaide,Gold Coast,Adelaide,All Airlines,Sep-12,65,64,1,62,62,2,2,2012,9
Gold Coast-Melbourne,Gold Coast,Melbourne,All Airlines,Sep-12,501,498,3,395,367,103,131,2012,9
Gold Coast-Sydney,Gold Coast,Sydney,All Airlines,Sep-12,782,776,6,627,588,149,188,2012,9
Hamilton Island-Brisbane,Hamilton Island,Brisbane,All Airlines,Sep-12,48,48,0,37,37,11,11,2012,9
Hamilton Island-Sydney,Hamilton Island,Sydney,All Airlines,Sep-12,61,60,1,29,28,31,32,2012,9
Hobart-Melbourne,Hobart,Melbourne,All Airlines,Sep-12,349,347,2,269,266,78,81,2012,9
Hobart-Sydney,Hobart,Sydney,All Airlines,Sep-12,176,175,1,115,120,60,55,2012,9
Kalgoorlie-Perth,Kalgoorlie,Perth,All Airlines,Sep-12,140,140,0,101,87,39,53,2012,9
Karratha-Perth,Karratha,Perth,All Airlines,Sep-12,291,286,5,235,220,51,66,2012,9
Launceston-Melbourne,Launceston,Melbourne,All Airlines,Sep-12,325,320,5,236,220,84,100,2012,9
Launceston-Sydney,Launceston,Sydney,All Airlines,Sep-12,60,60,0,35,40,25,20,2012,9
Mackay-Brisbane,Mackay,Brisbane,All Airlines,Sep-12,375,373,2,303,284,70,89,2012,9
Melbourne-Adelaide,Melbourne,Adelaide,All Airlines,Sep-12,681,670,11,611,573,59,97,2012,9
Melbourne-Brisbane,Melbourne,Brisbane,All Airlines,Sep-12,951,944,7,793,755,151,189,2012,9
Melbourne-Cairns,Melbourne,Cairns,All Airlines,Sep-12,199,199,0,160,171,39,28,2012,9
Melbourne-Canberra,Melbourne,Canberra,All Airlines,Sep-12,449,441,8,395,398,46,43,2012,9
Melbourne-Darwin,Melbourne,Darwin,All Airlines,Sep-12,56,56,0,48,47,8,9,2012,9
Melbourne-Gold Coast,Melbourne,Gold Coast,All Airlines,Sep-12,500,498,2,374,410,124,88,2012,9
Melbourne-Hobart,Melbourne,Hobart,All Airlines,Sep-12,348,347,1,258,256,89,91,2012,9
Melbourne-Launceston,Melbourne,Launceston,All Airlines,Sep-12,325,319,6,232,243,87,76,2012,9
Melbourne-Mildura,Melbourne,Mildura,All Airlines,Sep-12,199,199,0,172,161,27,38,2012,9
Melbourne-Newcastle,Melbourne,Newcastle,All Airlines,Sep-12,131,130,1,102,106,28,24,2012,9
Melbourne-Perth,Melbourne,Perth,All Airlines,Sep-12,531,528,3,445,355,83,173,2012,9
Melbourne-Sunshine Coast,Melbourne,Sunshine Coast,All Airlines,Sep-12,102,100,2,69,78,31,22,2012,9
Melbourne-Sydney,Melbourne,Sydney,All Airlines,Sep-12,2302,2212,90,1859,1815,353,397,2012,9
Mildura-Melbourne,Mildura,Melbourne,All Airlines,Sep-12,199,199,0,178,175,21,24,2012,9
Newcastle-Brisbane,Newcastle,Brisbane,All Airlines,Sep-12,243,242,1,152,149,90,93,2012,9
Newcastle-Melbourne,Newcastle,Melbourne,All Airlines,Sep-12,131,130,1,110,97,20,33,2012,9
Newman-Perth,Newman,Perth,All Airlines,Sep-12,183,179,4,144,136,35,43,2012,9
Perth-Adelaide,Perth,Adelaide,All Airlines,Sep-12,206,205,1,148,172,57,33,2012,9
Perth-Brisbane,Perth,Brisbane,All Airlines,Sep-12,221,221,0,164,179,57,42,2012,9
Perth-Broome,Perth,Broome,All Airlines,Sep-12,159,157,2,124,120,33,37,2012,9
Perth-Darwin,Perth,Darwin,All Airlines,Sep-12,55,55,0,47,44,8,11,2012,9
Perth-Geraldton,Perth,Geraldton,All Airlines,Sep-12,104,104,0,71,66,33,38,2012,9
Perth-Kalgoorlie,Perth,Kalgoorlie,All Airlines,Sep-12,164,164,0,134,119,30,45,2012,9
Perth-Karratha,Perth,Karratha,All Airlines,Sep-12,291,288,3,251,233,37,55,2012,9
Perth-Melbourne,Perth,Melbourne,All Airlines,Sep-12,531,527,4,384,409,143,118,2012,9
Perth-Newman,Perth,Newman,All Airlines,Sep-12,183,178,5,150,145,28,33,2012,9
Perth-Port Hedland,Perth,Port Hedland,All Airlines,Sep-12,218,216,2,193,180,23,36,2012,9
Perth-Sydney,Perth,Sydney,All Airlines,Sep-12,379,375,4,261,294,114,81,2012,9
Port Hedland-Perth,Port Hedland,Perth,All Airlines,Sep-12,218,213,5,158,170,55,43,2012,9
Port Lincoln-Adelaide,Port Lincoln,Adelaide,All Airlines,Sep-12,297,291,6,254,251,37,40,2012,9
Port Macquarie-Sydney,Port Macquarie,Sydney,All Airlines,Sep-12,189,188,1,131,124,57,64,2012,9
Proserpine-Brisbane,Proserpine,Brisbane,All Airlines,Sep-12,80,80,0,71,63,9,17,2012,9
Rockhampton-Brisbane,Rockhampton,Brisbane,All Airlines,Sep-12,394,384,10,314,293,70,91,2012,9
Sunshine Coast-Melbourne,Sunshine Coast,Melbourne,All Airlines,Sep-12,101,98,3,62,57,36,41,2012,9
Sunshine Coast-Sydney,Sunshine Coast,Sydney,All Airlines,Sep-12,143,142,1,112,100,30,42,2012,9
Sydney-Adelaide,Sydney,Adelaide,All Airlines,Sep-12,525,525,0,438,419,87,106,2012,9
Sydney-Albury,Sydney,Albury,All Airlines,Sep-12,282,282,0,199,184,83,98,2012,9
Sydney-Ayers Rock,Sydney,Ayers Rock,All Airlines,Sep-12,60,60,0,43,42,17,18,2012,9
Sydney-Ballina,Sydney,Ballina,All Airlines,Sep-12,111,111,0,93,91,18,20,2012,9
Sydney-Brisbane,Sydney,Brisbane,All Airlines,Sep-12,1394,1361,33,1181,1047,180,314,2012,9
Sydney-Cairns,Sydney,Cairns,All Airlines,Sep-12,279,277,2,216,233,61,44,2012,9
Sydney-Canberra,Sydney,Canberra,All Airlines,Sep-12,796,776,20,603,562,173,214,2012,9
Sydney-Coffs Harbour,Sydney,Coffs Harbour,All Airlines,Sep-12,200,198,2,139,148,59,50,2012,9
Sydney-Darwin,Sydney,Darwin,All Airlines,Sep-12,111,111,0,92,92,19,19,2012,9
Sydney-Dubbo,Sydney,Dubbo,All Airlines,Sep-12,274,273,1,204,209,69,64,2012,9
Sydney-Gold Coast,Sydney,Gold Coast,All Airlines,Sep-12,782,776,6,602,628,174,148,2012,9
Sydney-Hamilton Island,Sydney,Hamilton Island,All Airlines,Sep-12,60,60,0,36,41,24,19,2012,9
Sydney-Hobart,Sydney,Hobart,All Airlines,Sep-12,176,175,1,128,129,47,46,2012,9
Sydney-Launceston,Sydney,Launceston,All Airlines,Sep-12,60,60,0,47,44,13,16,2012,9
Sydney-Melbourne,Sydney,Melbourne,All Airlines,Sep-12,2300,2208,92,1857,1758,351,450,2012,9
Sydney-Perth,Sydney,Perth,All Airlines,Sep-12,379,375,4,298,231,77,144,2012,9
Sydney-Port Macquarie,Sydney,Port Macquarie,All Airlines,Sep-12,191,191,0,131,130,60,61,2012,9
Sydney-Sunshine Coast,Sydney,Sunshine Coast,All Airlines,Sep-12,142,141,1,116,123,25,18,2012,9
Sydney-Townsville,Sydney,Townsville,All Airlines,Sep-12,58,58,0,51,53,7,5,2012,9
Sydney-Wagga Wagga,Sydney,Wagga Wagga,All Airlines,Sep-12,227,227,0,176,149,51,78,2012,9
Townsville-Brisbane,Townsville,Brisbane,All Airlines,Sep-12,338,337,1,297,274,40,63,2012,9
Townsville-Cairns,Townsville,Cairns,All Airlines,Sep-12,204,202,2,169,156,33,46,2012,9
Townsville-Sydney,Townsville,Sydney,All Airlines,Sep-12,58,58,0,49,44,9,14,2012,9
Wagga Wagga-Sydney,Wagga Wagga,Sydney,All Airlines,Sep-12,227,227,0,173,159,54,68,2012,9
Adelaide-Brisbane,Adelaide,Brisbane,All Airlines,Oct-12,259,257,2,228,202,29,55,2012,10
Adelaide-Canberra,Adelaide,Canberra,All Airlines,Oct-12,80,80,0,73,74,7,6,2012,10
Adelaide-Gold Coast,Adelaide,Gold Coast,All Airlines,Oct-12,64,64,0,61,60,3,4,2012,10
Adelaide-Melbourne,Adelaide,Melbourne,All Airlines,Oct-12,701,695,6,621,625,74,70,2012,10
Adelaide-Perth,Adelaide,Perth,All Airlines,Oct-12,216,216,0,188,187,28,29,2012,10
Adelaide-Port Lincoln,Adelaide,Port Lincoln,All Airlines,Oct-12,313,312,1,296,286,16,26,2012,10
Adelaide-Sydney,Adelaide,Sydney,All Airlines,Oct-12,547,546,1,482,475,64,71,2012,10
Albury-Sydney,Albury,Sydney,All Airlines,Oct-12,297,293,4,238,231,55,62,2012,10
Ayers Rock-Sydney,Ayers Rock,Sydney,All Airlines,Oct-12,62,62,0,54,54,8,8,2012,10
Ballina-Sydney,Ballina,Sydney,All Airlines,Oct-12,113,113,0,85,83,28,30,2012,10
Brisbane-Adelaide,Brisbane,Adelaide,All Airlines,Oct-12,260,258,2,210,230,48,28,2012,10
Brisbane-Cairns,Brisbane,Cairns,All Airlines,Oct-12,412,410,2,333,324,77,86,2012,10
Brisbane-Canberra,Brisbane,Canberra,All Airlines,Oct-12,266,263,3,232,226,31,37,2012,10
Brisbane-Darwin,Brisbane,Darwin,All Airlines,Oct-12,64,64,0,57,55,7,9,2012,10
Brisbane-Emerald,Brisbane,Emerald,All Airlines,Oct-12,282,276,6,233,223,43,53,2012,10
Brisbane-Gladstone,Brisbane,Gladstone,All Airlines,Oct-12,360,354,6,284,272,70,82,2012,10
Brisbane-Hamilton Island,Brisbane,Hamilton Island,All Airlines,Oct-12,48,48,0,41,39,7,9,2012,10
Brisbane-Mackay,Brisbane,Mackay,All Airlines,Oct-12,401,398,3,307,311,91,87,2012,10
Brisbane-Melbourne,Brisbane,Melbourne,All Airlines,Oct-12,1007,1000,7,790,802,210,198,2012,10
Brisbane-Newcastle,Brisbane,Newcastle,All Airlines,Oct-12,251,248,3,205,179,43,69,2012,10
Brisbane-Perth,Brisbane,Perth,All Airlines,Oct-12,240,240,0,170,180,70,60,2012,10
Brisbane-Proserpine,Brisbane,Proserpine,All Airlines,Oct-12,84,84,0,76,71,8,13,2012,10
Brisbane-Rockhampton,Brisbane,Rockhampton,All Airlines,Oct-12,428,418,10,306,315,112,103,2012,10
Brisbane-Sydney,Brisbane,Sydney,All Airlines,Oct-12,1391,1358,33,1094,1070,264,288,2012,10
Brisbane-Townsville,Brisbane,Townsville,All Airlines,Oct-12,357,357,0,288,279,69,78,2012,10
Broome-Perth,Broome,Perth,All Airlines,Oct-12,138,136,2,105,103,31,33,2012,10
Cairns-Brisbane,Cairns,Brisbane,All Airlines,Oct-12,411,408,3,359,308,49,100,2012,10
Cairns-Melbourne,Cairns,Melbourne,All Airlines,Oct-12,205,204,1,145,156,59,48,2012,10
Cairns-Sydney,Cairns,Sydney,All Airlines,Oct-12,280,280,0,240,232,40,48,2012,10
Cairns-Townsville,Cairns,Townsville,All Airlines,Oct-12,220,215,5,189,187,26,28,2012,10
Canberra-Adelaide,Canberra,Adelaide,All Airlines,Oct-12,84,84,0,76,77,8,7,2012,10
Canberra-Brisbane,Canberra,Brisbane,All Airlines,Oct-12,267,261,6,238,208,23,53,2012,10
Canberra-Melbourne,Canberra,Melbourne,All Airlines,Oct-12,490,486,4,449,441,37,45,2012,10
Canberra-Sydney,Canberra,Sydney,All Airlines,Oct-12,860,836,24,714,688,122,148,2012,10
Coffs Harbour-Sydney,Coffs Harbour,Sydney,All Airlines,Oct-12,210,210,0,160,162,50,48,2012,10
Darwin-Brisbane,Darwin,Brisbane,All Airlines,Oct-12,64,64,0,46,45,18,19,2012,10
Darwin-Melbourne,Darwin,Melbourne,All Airlines,Oct-12,49,49,0,42,43,7,6,2012,10
Darwin-Perth,Darwin,Perth,All Airlines,Oct-12,58,58,0,50,54,8,4,2012,10
Darwin-Sydney,Darwin,Sydney,All Airlines,Oct-12,112,112,0,108,106,4,6,2012,10
Dubbo-Sydney,Dubbo,Sydney,All Airlines,Oct-12,290,289,1,246,227,43,62,2012,10
Emerald-Brisbane,Emerald,Brisbane,All Airlines,Oct-12,282,276,6,224,200,52,76,2012,10
Geraldton-Perth,Geraldton,Perth,All Airlines,Oct-12,139,139,0,92,78,47,61,2012,10
Gladstone-Brisbane,Gladstone,Brisbane,All Airlines,Oct-12,383,375,8,291,250,84,125,2012,10
Gold Coast-Adelaide,Gold Coast,Adelaide,All Airlines,Oct-12,64,64,0,56,57,8,7,2012,10
Gold Coast-Melbourne,Gold Coast,Melbourne,All Airlines,Oct-12,511,511,0,394,394,117,117,2012,10
Gold Coast-Sydney,Gold Coast,Sydney,All Airlines,Oct-12,811,799,12,654,641,145,158,2012,10
Hamilton Island-Brisbane,Hamilton Island,Brisbane,All Airlines,Oct-12,48,48,0,31,35,17,13,2012,10
Hamilton Island-Sydney,Hamilton Island,Sydney,All Airlines,Oct-12,62,62,0,30,36,32,26,2012,10
Hobart-Melbourne,Hobart,Melbourne,All Airlines,Oct-12,386,385,1,323,319,62,66,2012,10
Hobart-Sydney,Hobart,Sydney,All Airlines,Oct-12,175,174,1,135,142,39,32,2012,10
Kalgoorlie-Perth,Kalgoorlie,Perth,All Airlines,Oct-12,148,147,1,107,101,40,46,2012,10
Karratha-Perth,Karratha,Perth,All Airlines,Oct-12,321,310,11,263,249,47,61,2012,10
Launceston-Melbourne,Launceston,Melbourne,All Airlines,Oct-12,334,328,6,268,263,60,65,2012,10
Launceston-Sydney,Launceston,Sydney,All Airlines,Oct-12,61,61,0,45,47,16,14,2012,10
Mackay-Brisbane,Mackay,Brisbane,All Airlines,Oct-12,402,399,3,321,302,78,97,2012,10
Melbourne-Adelaide,Melbourne,Adelaide,All Airlines,Oct-12,700,698,2,633,620,65,78,2012,10
Melbourne-Brisbane,Melbourne,Brisbane,All Airlines,Oct-12,1005,999,6,867,709,132,290,2012,10
Melbourne-Cairns,Melbourne,Cairns,All Airlines,Oct-12,204,204,0,176,175,28,29,2012,10
Melbourne-Canberra,Melbourne,Canberra,All Airlines,Oct-12,490,486,4,439,445,47,41,2012,10
Melbourne-Darwin,Melbourne,Darwin,All Airlines,Oct-12,49,49,0,44,44,5,5,2012,10
Melbourne-Gold Coast,Melbourne,Gold Coast,All Airlines,Oct-12,511,510,1,417,410,93,100,2012,10
Melbourne-Hobart,Melbourne,Hobart,All Airlines,Oct-12,385,385,0,328,330,57,55,2012,10
Melbourne-Launceston,Melbourne,Launceston,All Airlines,Oct-12,334,328,6,283,276,45,52,2012,10
Melbourne-Mildura,Melbourne,Mildura,All Airlines,Oct-12,208,208,0,193,179,15,29,2012,10
Melbourne-Newcastle,Melbourne,Newcastle,All Airlines,Oct-12,142,142,0,124,130,18,12,2012,10
Melbourne-Perth,Melbourne,Perth,All Airlines,Oct-12,546,538,8,447,395,91,143,2012,10
Melbourne-Sunshine Coast,Melbourne,Sunshine Coast,All Airlines,Oct-12,94,93,1,77,77,16,16,2012,10
Melbourne-Sydney,Melbourne,Sydney,All Airlines,Oct-12,2290,2216,74,1902,1895,314,321,2012,10
Mildura-Melbourne,Mildura,Melbourne,All Airlines,Oct-12,208,208,0,190,185,18,23,2012,10
Newcastle-Brisbane,Newcastle,Brisbane,All Airlines,Oct-12,250,246,4,176,147,70,99,2012,10
Newcastle-Melbourne,Newcastle,Melbourne,All Airlines,Oct-12,141,141,0,121,121,20,20,2012,10
Newman-Perth,Newman,Perth,All Airlines,Oct-12,209,201,8,172,161,29,40,2012,10
Perth-Adelaide,Perth,Adelaide,All Airlines,Oct-12,216,215,1,168,175,47,40,2012,10
Perth-Brisbane,Perth,Brisbane,All Airlines,Oct-12,240,240,0,181,144,59,96,2012,10
Perth-Broome,Perth,Broome,All Airlines,Oct-12,139,139,0,107,104,32,35,2012,10
Perth-Darwin,Perth,Darwin,All Airlines,Oct-12,58,58,0,42,43,16,15,2012,10
Perth-Geraldton,Perth,Geraldton,All Airlines,Oct-12,138,138,0,104,95,34,43,2012,10
Perth-Kalgoorlie,Perth,Kalgoorlie,All Airlines,Oct-12,148,148,0,124,117,24,31,2012,10
Perth-Karratha,Perth,Karratha,All Airlines,Oct-12,321,311,10,273,270,38,41,2012,10
Perth-Melbourne,Perth,Melbourne,All Airlines,Oct-12,550,543,7,432,434,111,109,2012,10
Perth-Newman,Perth,Newman,All Airlines,Oct-12,208,200,8,178,181,22,19,2012,10
Perth-Port Hedland,Perth,Port Hedland,All Airlines,Oct-12,248,241,7,226,218,15,23,2012,10
Perth-Sydney,Perth,Sydney,All Airlines,Oct-12,376,376,0,304,317,72,59,2012,10
Port Hedland-Perth,Port Hedland,Perth,All Airlines,Oct-12,248,241,7,208,201,33,40,2012,10
Port Lincoln-Adelaide,Port Lincoln,Adelaide,All Airlines,Oct-12,313,312,1,295,286,17,26,2012,10
Port Macquarie-Sydney,Port Macquarie,Sydney,All Airlines,Oct-12,201,200,1,135,125,65,75,2012,10
Proserpine-Brisbane,Proserpine,Brisbane,All Airlines,Oct-12,85,85,0,69,59,16,26,2012,10
Rockhampton-Brisbane,Rockhampton,Brisbane,All Airlines,Oct-12,405,391,14,309,275,82,116,2012,10
Sunshine Coast-Melbourne,Sunshine Coast,Melbourne,All Airlines,Oct-12,96,95,1,66,67,29,28,2012,10
Sunshine Coast-Sydney,Sunshine Coast,Sydney,All Airlines,Oct-12,134,134,0,103,100,31,34,2012,10
Sydney-Adelaide,Sydney,Adelaide,All Airlines,Oct-12,541,541,0,461,475,80,66,2012,10
Sydney-Albury,Sydney,Albury,All Airlines,Oct-12,296,295,1,216,207,79,88,2012,10
Sydney-Ayers Rock,Sydney,Ayers Rock,All Airlines,Oct-12,62,62,0,50,54,12,8,2012,10
Sydney-Ballina,Sydney,Ballina,All Airlines,Oct-12,119,119,0,103,104,16,15,2012,10
Sydney-Brisbane,Sydney,Brisbane,All Airlines,Oct-12,1394,1369,25,1181,964,188,405,2012,10
Sydney-Cairns,Sydney,Cairns,All Airlines,Oct-12,280,279,1,221,226,58,53,2012,10
Sydney-Canberra,Sydney,Canberra,All Airlines,Oct-12,863,844,19,657,648,187,196,2012,10
Sydney-Coffs Harbour,Sydney,Coffs Harbour,All Airlines,Oct-12,210,210,0,155,156,55,54,2012,10
Sydney-Darwin,Sydney,Darwin,All Airlines,Oct-12,112,112,0,104,109,8,3,2012,10
Sydney-Dubbo,Sydney,Dubbo,All Airlines,Oct-12,291,290,1,236,239,54,51,2012,10
Sydney-Gold Coast,Sydney,Gold Coast,All Airlines,Oct-12,809,799,10,652,658,147,141,2012,10
Sydney-Hamilton Island,Sydney,Hamilton Island,All Airlines,Oct-12,62,62,0,39,41,23,21,2012,10
Sydney-Hobart,Sydney,Hobart,All Airlines,Oct-12,175,174,1,144,151,30,23,2012,10
Sydney-Launceston,Sydney,Launceston,All Airlines,Oct-12,61,61,0,49,50,12,11,2012,10
Sydney-Melbourne,Sydney,Melbourne,All Airlines,Oct-12,2283,2203,80,1870,1855,333,348,2012,10
Sydney-Perth,Sydney,Perth,All Airlines,Oct-12,375,374,1,316,313,58,61,2012,10
Sydney-Port Macquarie,Sydney,Port Macquarie,All Airlines,Oct-12,200,200,0,137,137,63,63,2012,10
Sydney-Sunshine Coast,Sydney,Sunshine Coast,All Airlines,Oct-12,133,133,0,113,113,20,20,2012,10
Sydney-Townsville,Sydney,Townsville,All Airlines,Oct-12,61,61,0,50,48,11,13,2012,10
Sydney-Wagga Wagga,Sydney,Wagga Wagga,All Airlines,Oct-12,239,238,1,200,171,38,67,2012,10
Townsville-Brisbane,Townsville,Brisbane,All Airlines,Oct-12,358,356,2,302,272,54,84,2012,10
Townsville-Cairns,Townsville,Cairns,All Airlines,Oct-12,220,214,6,180,172,34,42,2012,10
Townsville-Sydney,Townsville,Sydney,All Airlines,Oct-12,61,61,0,44,44,17,17,2012,10
Wagga Wagga-Sydney,Wagga Wagga,Sydney,All Airlines,Oct-12,240,237,3,195,190,42,47,2012,10
Adelaide-Brisbane,Adelaide,Brisbane,All Airlines,Nov-12,252,251,1,219,217,32,34,2012,11
Adelaide-Canberra,Adelaide,Canberra,All Airlines,Nov-12,96,94,2,81,85,13,9,2012,11
Adelaide-Gold Coast,Adelaide,Gold Coast,All Airlines,Nov-12,60,60,0,55,56,5,4,2012,11
Adelaide-Melbourne,Adelaide,Melbourne,All Airlines,Nov-12,714,705,9,587,610,118,95,2012,11
Adelaide-Perth,Adelaide,Perth,All Airlines,Nov-12,201,201,0,171,159,30,42,2012,11
Adelaide-Port Lincoln,Adelaide,Port Lincoln,All Airlines,Nov-12,309,305,4,277,263,28,42,2012,11
Adelaide-Sydney,Adelaide,Sydney,All Airlines,Nov-12,549,548,1,456,443,92,105,2012,11
Albury-Sydney,Albury,Sydney,All Airlines,Nov-12,287,287,0,214,194,73,93,2012,11
Ayers Rock-Sydney,Ayers Rock,Sydney,All Airlines,Nov-12,61,60,1,36,53,24,7,2012,11
Ballina-Sydney,Ballina,Sydney,All Airlines,Nov-12,98,98,0,63,48,35,50,2012,11
Brisbane-Adelaide,Brisbane,Adelaide,All Airlines,Nov-12,252,250,2,202,199,48,51,2012,11
Brisbane-Cairns,Brisbane,Cairns,All Airlines,Nov-12,373,372,1,319,326,53,46,2012,11
Brisbane-Canberra,Brisbane,Canberra,All Airlines,Nov-12,257,255,2,208,197,47,58,2012,11
Brisbane-Darwin,Brisbane,Darwin,All Airlines,Nov-12,60,60,0,52,51,8,9,2012,11
Brisbane-Emerald,Brisbane,Emerald,All Airlines,Nov-12,296,286,10,257,253,29,33,2012,11
Brisbane-Gladstone,Brisbane,Gladstone,All Airlines,Nov-12,350,337,13,292,287,45,50,2012,11
Brisbane-Hamilton Island,Brisbane,Hamilton Island,All Airlines,Nov-12,48,48,0,32,40,16,8,2012,11
Brisbane-Mackay,Brisbane,Mackay,All Airlines,Nov-12,366,362,4,293,302,69,60,2012,11
Brisbane-Melbourne,Brisbane,Melbourne,All Airlines,Nov-12,966,963,3,763,704,200,259,2012,11
Brisbane-Mount Isa,Brisbane,Mount Isa,All Airlines,Nov-12,78,78,0,73,69,5,9,2012,11
Brisbane-Newcastle,Brisbane,Newcastle,All Airlines,Nov-12,261,255,6,222,196,33,59,2012,11
Brisbane-Perth,Brisbane,Perth,All Airlines,Nov-12,227,227,0,158,118,69,109,2012,11
Brisbane-Proserpine,Brisbane,Proserpine,All Airlines,Nov-12,82,82,0,67,70,15,12,2012,11
Brisbane-Rockhampton,Brisbane,Rockhampton,All Airlines,Nov-12,423,418,5,343,353,75,65,2012,11
Brisbane-Sydney,Brisbane,Sydney,All Airlines,Nov-12,1344,1309,35,1083,969,226,340,2012,11
Brisbane-Townsville,Brisbane,Townsville,All Airlines,Nov-12,336,334,2,263,267,71,67,2012,11
Broome-Perth,Broome,Perth,All Airlines,Nov-12,126,126,0,98,96,28,30,2012,11
Cairns-Brisbane,Cairns,Brisbane,All Airlines,Nov-12,372,372,0,332,274,40,98,2012,11
Cairns-Melbourne,Cairns,Melbourne,All Airlines,Nov-12,162,162,0,116,103,46,59,2012,11
Cairns-Sydney,Cairns,Sydney,All Airlines,Nov-12,222,222,0,184,176,38,46,2012,11
Cairns-Townsville,Cairns,Townsville,All Airlines,Nov-12,211,209,2,181,175,28,34,2012,11
Canberra-Adelaide,Canberra,Adelaide,All Airlines,Nov-12,100,100,0,85,84,15,16,2012,11
Canberra-Brisbane,Canberra,Brisbane,All Airlines,Nov-12,257,255,2,217,205,38,50,2012,11
Canberra-Melbourne,Canberra,Melbourne,All Airlines,Nov-12,481,476,5,417,416,59,60,2012,11
Canberra-Sydney,Canberra,Sydney,All Airlines,Nov-12,841,808,33,671,639,137,169,2012,11
Coffs Harbour-Sydney,Coffs Harbour,Sydney,All Airlines,Nov-12,202,198,4,145,142,53,56,2012,11
Darwin-Brisbane,Darwin,Brisbane,All Airlines,Nov-12,60,60,0,51,48,9,12,2012,11
Darwin-Melbourne,Darwin,Melbourne,All Airlines,Nov-12,52,52,0,42,47,10,5,2012,11
Darwin-Perth,Darwin,Perth,All Airlines,Nov-12,56,56,0,48,48,8,8,2012,11
Darwin-Sydney,Darwin,Sydney,All Airlines,Nov-12,113,112,1,98,88,14,24,2012,11
Dubbo-Sydney,Dubbo,Sydney,All Airlines,Nov-12,284,282,2,225,200,57,82,2012,11
Emerald-Brisbane,Emerald,Brisbane,All Airlines,Nov-12,296,285,11,252,225,33,60,2012,11
Geraldton-Perth,Geraldton,Perth,All Airlines,Nov-12,132,132,0,98,89,34,43,2012,11
Gladstone-Brisbane,Gladstone,Brisbane,All Airlines,Nov-12,368,357,11,308,258,49,99,2012,11
Gold Coast-Adelaide,Gold Coast,Adelaide,All Airlines,Nov-12,60,60,0,55,51,5,9,2012,11
Gold Coast-Melbourne,Gold Coast,Melbourne,All Airlines,Nov-12,481,480,1,385,362,95,118,2012,11
Gold Coast-Sydney,Gold Coast,Sydney,All Airlines,Nov-12,792,769,23,611,567,158,202,2012,11
Hamilton Island-Brisbane,Hamilton Island,Brisbane,All Airlines,Nov-12,48,48,0,33,29,15,19,2012,11
Hamilton Island-Sydney,Hamilton Island,Sydney,All Airlines,Nov-12,60,60,0,38,31,22,29,2012,11
Hobart-Melbourne,Hobart,Melbourne,All Airlines,Nov-12,481,479,2,369,355,110,124,2012,11
Hobart-Sydney,Hobart,Sydney,All Airlines,Nov-12,164,163,1,118,121,45,42,2012,11
Kalgoorlie-Perth,Kalgoorlie,Perth,All Airlines,Nov-12,147,146,1,115,112,31,34,2012,11
Karratha-Perth,Karratha,Perth,All Airlines,Nov-12,310,303,7,253,243,50,60,2012,11
Launceston-Melbourne,Launceston,Melbourne,All Airlines,Nov-12,393,386,7,310,303,76,83,2012,11
Launceston-Sydney,Launceston,Sydney,All Airlines,Nov-12,79,79,0,46,52,33,27,2012,11
Mackay-Brisbane,Mackay,Brisbane,All Airlines,Nov-12,366,362,4,300,275,62,87,2012,11
Melbourne-Adelaide,Melbourne,Adelaide,All Airlines,Nov-12,712,708,4,619,582,89,126,2012,11
Melbourne-Brisbane,Melbourne,Brisbane,All Airlines,Nov-12,959,955,4,820,684,135,271,2012,11
Melbourne-Cairns,Melbourne,Cairns,All Airlines,Nov-12,160,160,0,137,134,23,26,2012,11
Melbourne-Canberra,Melbourne,Canberra,All Airlines,Nov-12,481,476,5,429,415,47,61,2012,11
Melbourne-Darwin,Melbourne,Darwin,All Airlines,Nov-12,52,51,1,43,35,8,16,2012,11
Melbourne-Gold Coast,Melbourne,Gold Coast,All Airlines,Nov-12,481,479,2,397,405,82,74,2012,11
Melbourne-Hobart,Melbourne,Hobart,All Airlines,Nov-12,480,479,1,371,363,108,116,2012,11
Melbourne-Launceston,Melbourne,Launceston,All Airlines,Nov-12,392,387,5,322,315,65,72,2012,11
Melbourne-Mildura,Melbourne,Mildura,All Airlines,Nov-12,202,202,0,180,171,22,31,2012,11
Melbourne-Newcastle,Melbourne,Newcastle,All Airlines,Nov-12,137,137,0,108,107,29,30,2012,11
Melbourne-Perth,Melbourne,Perth,All Airlines,Nov-12,503,502,1,407,305,95,197,2012,11
Melbourne-Sunshine Coast,Melbourne,Sunshine Coast,All Airlines,Nov-12,90,90,0,74,77,16,13,2012,11
Melbourne-Sydney,Melbourne,Sydney,All Airlines,Nov-12,2220,2152,68,1784,1687,368,465,2012,11
Mildura-Melbourne,Mildura,Melbourne,All Airlines,Nov-12,203,203,0,189,182,14,21,2012,11
Mount Isa-Brisbane,Mount Isa,Brisbane,All Airlines,Nov-12,78,78,0,68,68,10,10,2012,11
Newcastle-Brisbane,Newcastle,Brisbane,All Airlines,Nov-12,261,257,4,197,179,60,78,2012,11
Newcastle-Melbourne,Newcastle,Melbourne,All Airlines,Nov-12,138,138,0,109,104,29,34,2012,11
Newman-Perth,Newman,Perth,All Airlines,Nov-12,199,192,7,152,144,40,48,2012,11
Perth-Adelaide,Perth,Adelaide,All Airlines,Nov-12,202,200,2,153,173,47,27,2012,11
Perth-Brisbane,Perth,Brisbane,All Airlines,Nov-12,227,227,0,166,165,61,62,2012,11
Perth-Broome,Perth,Broome,All Airlines,Nov-12,120,120,0,99,95,21,25,2012,11
Perth-Darwin,Perth,Darwin,All Airlines,Nov-12,56,56,0,48,47,8,9,2012,11
Perth-Geraldton,Perth,Geraldton,All Airlines,Nov-12,132,132,0,103,97,29,35,2012,11
Perth-Kalgoorlie,Perth,Kalgoorlie,All Airlines,Nov-12,141,140,1,116,114,24,26,2012,11
Perth-Karratha,Perth,Karratha,All Airlines,Nov-12,310,303,7,263,251,40,52,2012,11
Perth-Melbourne,Perth,Melbourne,All Airlines,Nov-12,503,499,4,384,400,115,99,2012,11
Perth-Newman,Perth,Newman,All Airlines,Nov-12,198,193,5,171,161,22,32,2012,11
Perth-Port Hedland,Perth,Port Hedland,All Airlines,Nov-12,244,241,3,223,207,18,34,2012,11
Perth-Sydney,Perth,Sydney,All Airlines,Nov-12,352,351,1,272,300,79,51,2012,11
Port Hedland-Perth,Port Hedland,Perth,All Airlines,Nov-12,244,241,3,204,187,37,54,2012,11
Port Lincoln-Adelaide,Port Lincoln,Adelaide,All Airlines,Nov-12,309,305,4,270,270,35,35,2012,11
Port Macquarie-Sydney,Port Macquarie,Sydney,All Airlines,Nov-12,195,191,4,144,138,47,53,2012,11
Proserpine-Brisbane,Proserpine,Brisbane,All Airlines,Nov-12,82,82,0,68,45,14,37,2012,11
Rockhampton-Brisbane,Rockhampton,Brisbane,All Airlines,Nov-12,405,399,6,342,291,57,108,2012,11
Sunshine Coast-Melbourne,Sunshine Coast,Melbourne,All Airlines,Nov-12,88,88,0,70,61,18,27,2012,11
Sunshine Coast-Sydney,Sunshine Coast,Sydney,All Airlines,Nov-12,138,138,0,107,97,31,41,2012,11
Sydney-Adelaide,Sydney,Adelaide,All Airlines,Nov-12,545,545,0,453,432,92,113,2012,11
Sydney-Albury,Sydney,Albury,All Airlines,Nov-12,287,287,0,199,191,88,96,2012,11
Sydney-Ayers Rock,Sydney,Ayers Rock,All Airlines,Nov-12,60,60,0,50,42,10,18,2012,11
Sydney-Ballina,Sydney,Ballina,All Airlines,Nov-12,103,103,0,87,82,16,21,2012,11
Sydney-Brisbane,Sydney,Brisbane,All Airlines,Nov-12,1347,1320,27,1080,942,240,378,2012,11
Sydney-Cairns,Sydney,Cairns,All Airlines,Nov-12,226,225,1,165,175,60,50,2012,11
Sydney-Canberra,Sydney,Canberra,All Airlines,Nov-12,843,813,30,634,610,179,203,2012,11
Sydney-Coffs Harbour,Sydney,Coffs Harbour,All Airlines,Nov-12,202,197,5,149,146,48,51,2012,11
Sydney-Darwin,Sydney,Darwin,All Airlines,Nov-12,113,113,0,96,92,17,21,2012,11
Sydney-Dubbo,Sydney,Dubbo,All Airlines,Nov-12,282,280,2,221,224,59,56,2012,11
Sydney-Gold Coast,Sydney,Gold Coast,All Airlines,Nov-12,790,772,18,598,605,174,167,2012,11
Sydney-Hamilton Island,Sydney,Hamilton Island,All Airlines,Nov-12,60,60,0,45,47,15,13,2012,11
Sydney-Hobart,Sydney,Hobart,All Airlines,Nov-12,164,163,1,124,126,39,37,2012,11
Sydney-Launceston,Sydney,Launceston,All Airlines,Nov-12,79,79,0,67,58,12,21,2012,11
Sydney-Melbourne,Sydney,Melbourne,All Airlines,Nov-12,2216,2147,69,1757,1694,390,453,2012,11
Sydney-Perth,Sydney,Perth,All Airlines,Nov-12,351,350,1,270,190,80,160,2012,11
Sydney-Port Macquarie,Sydney,Port Macquarie,All Airlines,Nov-12,194,190,4,139,134,51,56,2012,11
Sydney-Sunshine Coast,Sydney,Sunshine Coast,All Airlines,Nov-12,136,136,0,112,118,24,18,2012,11
Sydney-Townsville,Sydney,Townsville,All Airlines,Nov-12,51,51,0,44,45,7,6,2012,11
Sydney-Wagga Wagga,Sydney,Wagga Wagga,All Airlines,Nov-12,231,230,1,191,174,39,56,2012,11
Townsville-Brisbane,Townsville,Brisbane,All Airlines,Nov-12,336,334,2,284,242,50,92,2012,11
Townsville-Cairns,Townsville,Cairns,All Airlines,Nov-12,212,210,2,180,180,30,30,2012,11
Townsville-Sydney,Townsville,Sydney,All Airlines,Nov-12,52,52,0,42,31,10,21,2012,11
Wagga Wagga-Sydney,Wagga Wagga,Sydney,All Airlines,Nov-12,231,231,0,192,181,39,50,2012,11
Adelaide-Brisbane,Adelaide,Brisbane,All Airlines,Dec-12,257,257,0,230,224,27,33,2012,12
Adelaide-Canberra,Adelaide,Canberra,All Airlines,Dec-12,86,86,0,66,70,20,16,2012,12
Adelaide-Gold Coast,Adelaide,Gold Coast,All Airlines,Dec-12,68,68,0,59,59,9,9,2012,12
Adelaide-Melbourne,Adelaide,Melbourne,All Airlines,Dec-12,744,732,12,655,659,77,73,2012,12
Adelaide-Perth,Adelaide,Perth,All Airlines,Dec-12,211,210,1,180,181,30,29,2012,12
Adelaide-Port Lincoln,Adelaide,Port Lincoln,All Airlines,Dec-12,284,282,2,261,256,21,26,2012,12
Adelaide-Sydney,Adelaide,Sydney,All Airlines,Dec-12,557,548,9,457,455,91,93,2012,12
Albury-Sydney,Albury,Sydney,All Airlines,Dec-12,271,270,1,202,187,68,83,2012,12
Ayers Rock-Sydney,Ayers Rock,Sydney,All Airlines,Dec-12,62,62,0,49,52,13,10,2012,12
Ballina-Sydney,Ballina,Sydney,All Airlines,Dec-12,116,116,0,67,63,49,53,2012,12
Brisbane-Adelaide,Brisbane,Adelaide,All Airlines,Dec-12,256,256,0,210,218,46,38,2012,12
Brisbane-Cairns,Brisbane,Cairns,All Airlines,Dec-12,409,404,5,330,350,74,54,2012,12
Brisbane-Canberra,Brisbane,Canberra,All Airlines,Dec-12,255,255,0,209,207,46,48,2012,12
Brisbane-Darwin,Brisbane,Darwin,All Airlines,Dec-12,64,63,1,54,53,9,10,2012,12
Brisbane-Emerald,Brisbane,Emerald,All Airlines,Dec-12,260,255,5,213,220,42,35,2012,12
Brisbane-Gladstone,Brisbane,Gladstone,All Airlines,Dec-12,316,314,2,244,242,70,72,2012,12
Brisbane-Hamilton Island,Brisbane,Hamilton Island,All Airlines,Dec-12,50,50,0,31,42,19,8,2012,12
Brisbane-Mackay,Brisbane,Mackay,All Airlines,Dec-12,367,366,1,285,304,81,62,2012,12
Brisbane-Melbourne,Brisbane,Melbourne,All Airlines,Dec-12,972,968,4,763,744,205,224,2012,12
Brisbane-Mount Isa,Brisbane,Mount Isa,All Airlines,Dec-12,77,77,0,69,71,8,6,2012,12
Brisbane-Newcastle,Brisbane,Newcastle,All Airlines,Dec-12,269,266,3,215,194,51,72,2012,12
Brisbane-Perth,Brisbane,Perth,All Airlines,Dec-12,241,240,1,187,164,53,76,2012,12
Brisbane-Proserpine,Brisbane,Proserpine,All Airlines,Dec-12,83,83,0,68,69,15,14,2012,12
Brisbane-Rockhampton,Brisbane,Rockhampton,All Airlines,Dec-12,404,400,4,316,331,84,69,2012,12
Brisbane-Sydney,Brisbane,Sydney,All Airlines,Dec-12,1323,1294,29,985,951,309,343,2012,12
Brisbane-Townsville,Brisbane,Townsville,All Airlines,Dec-12,335,335,0,255,256,80,79,2012,12
Broome-Perth,Broome,Perth,All Airlines,Dec-12,126,125,1,94,98,31,27,2012,12
Cairns-Brisbane,Cairns,Brisbane,All Airlines,Dec-12,410,405,5,361,312,44,93,2012,12
Cairns-Melbourne,Cairns,Melbourne,All Airlines,Dec-12,167,167,0,144,134,23,33,2012,12
Cairns-Sydney,Cairns,Sydney,All Airlines,Dec-12,237,237,0,199,191,38,46,2012,12
Cairns-Townsville,Cairns,Townsville,All Airlines,Dec-12,193,193,0,178,179,15,14,2012,12
Canberra-Adelaide,Canberra,Adelaide,All Airlines,Dec-12,91,91,0,77,73,14,18,2012,12
Canberra-Brisbane,Canberra,Brisbane,All Airlines,Dec-12,255,255,0,219,193,36,62,2012,12
Canberra-Melbourne,Canberra,Melbourne,All Airlines,Dec-12,417,410,7,373,356,37,54,2012,12
Canberra-Sydney,Canberra,Sydney,All Airlines,Dec-12,709,678,31,561,503,117,175,2012,12
Coffs Harbour-Sydney,Coffs Harbour,Sydney,All Airlines,Dec-12,204,203,1,140,147,63,56,2012,12
Darwin-Brisbane,Darwin,Brisbane,All Airlines,Dec-12,64,64,0,51,46,13,18,2012,12
Darwin-Melbourne,Darwin,Melbourne,All Airlines,Dec-12,53,53,0,49,45,4,8,2012,12
Darwin-Perth,Darwin,Perth,All Airlines,Dec-12,57,57,0,48,47,9,10,2012,12
Darwin-Sydney,Darwin,Sydney,All Airlines,Dec-12,117,116,1,94,87,22,29,2012,12
Dubbo-Sydney,Dubbo,Sydney,All Airlines,Dec-12,242,241,1,186,163,55,78,2012,12
Emerald-Brisbane,Emerald,Brisbane,All Airlines,Dec-12,260,256,4,209,174,47,82,2012,12
Geraldton-Perth,Geraldton,Perth,All Airlines,Dec-12,133,133,0,93,94,40,39,2012,12
Gladstone-Brisbane,Gladstone,Brisbane,All Airlines,Dec-12,331,327,4,254,200,73,127,2012,12
Gold Coast-Adelaide,Gold Coast,Adelaide,All Airlines,Dec-12,70,70,0,61,61,9,9,2012,12
Gold Coast-Melbourne,Gold Coast,Melbourne,All Airlines,Dec-12,509,507,2,418,414,89,93,2012,12
Gold Coast-Sydney,Gold Coast,Sydney,All Airlines,Dec-12,869,843,26,643,643,200,200,2012,12
Hamilton Island-Brisbane,Hamilton Island,Brisbane,All Airlines,Dec-12,50,50,0,36,36,14,14,2012,12
Hamilton Island-Sydney,Hamilton Island,Sydney,All Airlines,Dec-12,62,62,0,40,36,22,26,2012,12
Hobart-Melbourne,Hobart,Melbourne,All Airlines,Dec-12,523,519,4,398,375,121,144,2012,12
Hobart-Sydney,Hobart,Sydney,All Airlines,Dec-12,209,209,0,141,159,68,50,2012,12
Kalgoorlie-Perth,Kalgoorlie,Perth,All Airlines,Dec-12,142,142,0,111,105,31,37,2012,12
Karratha-Perth,Karratha,Perth,All Airlines,Dec-12,301,285,16,216,218,69,67,2012,12
Launceston-Melbourne,Launceston,Melbourne,All Airlines,Dec-12,393,386,7,294,301,92,85,2012,12
Launceston-Sydney,Launceston,Sydney,All Airlines,Dec-12,111,110,1,73,75,37,35,2012,12
Mackay-Brisbane,Mackay,Brisbane,All Airlines,Dec-12,368,366,2,285,246,81,120,2012,12
Melbourne-Adelaide,Melbourne,Adelaide,All Airlines,Dec-12,743,732,11,646,637,86,95,2012,12
Melbourne-Brisbane,Melbourne,Brisbane,All Airlines,Dec-12,966,961,5,778,670,183,291,2012,12
Melbourne-Cairns,Melbourne,Cairns,All Airlines,Dec-12,168,168,0,138,147,30,21,2012,12
Melbourne-Canberra,Melbourne,Canberra,All Airlines,Dec-12,417,408,9,364,364,44,44,2012,12
Melbourne-Darwin,Melbourne,Darwin,All Airlines,Dec-12,53,53,0,48,46,5,7,2012,12
Melbourne-Gold Coast,Melbourne,Gold Coast,All Airlines,Dec-12,509,507,2,396,409,111,98,2012,12
Melbourne-Hobart,Melbourne,Hobart,All Airlines,Dec-12,523,520,3,396,401,124,119,2012,12
Melbourne-Launceston,Melbourne,Launceston,All Airlines,Dec-12,391,386,5,294,308,92,78,2012,12
Melbourne-Mildura,Melbourne,Mildura,All Airlines,Dec-12,195,195,0,183,174,12,21,2012,12
Melbourne-Newcastle,Melbourne,Newcastle,All Airlines,Dec-12,142,141,1,111,112,30,29,2012,12
Melbourne-Perth,Melbourne,Perth,All Airlines,Dec-12,529,528,1,403,340,125,188,2012,12
Melbourne-Sunshine Coast,Melbourne,Sunshine Coast,All Airlines,Dec-12,99,99,0,83,86,16,13,2012,12
Melbourne-Sydney,Melbourne,Sydney,All Airlines,Dec-12,2097,1997,100,1595,1563,402,434,2012,12
Mildura-Melbourne,Mildura,Melbourne,All Airlines,Dec-12,195,195,0,187,179,8,16,2012,12
Mount Isa-Brisbane,Mount Isa,Brisbane,All Airlines,Dec-12,77,77,0,70,62,7,15,2012,12
Newcastle-Brisbane,Newcastle,Brisbane,All Airlines,Dec-12,269,266,3,199,174,67,92,2012,12
Newcastle-Melbourne,Newcastle,Melbourne,All Airlines,Dec-12,143,141,2,109,104,32,37,2012,12
Newman-Perth,Newman,Perth,All Airlines,Dec-12,181,180,1,131,132,49,48,2012,12
Perth-Adelaide,Perth,Adelaide,All Airlines,Dec-12,211,210,1,158,169,52,41,2012,12
Perth-Brisbane,Perth,Brisbane,All Airlines,Dec-12,241,241,0,170,156,71,85,2012,12
Perth-Broome,Perth,Broome,All Airlines,Dec-12,121,121,0,100,94,21,27,2012,12
Perth-Darwin,Perth,Darwin,All Airlines,Dec-12,57,57,0,44,46,13,11,2012,12
Perth-Geraldton,Perth,Geraldton,All Airlines,Dec-12,129,129,0,96,94,33,35,2012,12
Perth-Kalgoorlie,Perth,Kalgoorlie,All Airlines,Dec-12,142,142,0,117,110,25,32,2012,12
Perth-Karratha,Perth,Karratha,All Airlines,Dec-12,301,288,13,240,230,48,58,2012,12
Perth-Melbourne,Perth,Melbourne,All Airlines,Dec-12,529,526,3,363,358,163,168,2012,12
Perth-Newman,Perth,Newman,All Airlines,Dec-12,179,178,1,151,138,27,40,2012,12
Perth-Port Hedland,Perth,Port Hedland,All Airlines,Dec-12,215,214,1,187,170,27,44,2012,12
Perth-Sydney,Perth,Sydney,All Airlines,Dec-12,374,373,1,257,298,116,75,2012,12
Port Hedland-Perth,Port Hedland,Perth,All Airlines,Dec-12,216,214,2,156,146,58,68,2012,12
Port Lincoln-Adelaide,Port Lincoln,Adelaide,All Airlines,Dec-12,285,282,3,247,253,35,29,2012,12
Port Macquarie-Sydney,Port Macquarie,Sydney,All Airlines,Dec-12,196,194,2,139,131,55,63,2012,12
Proserpine-Brisbane,Proserpine,Brisbane,All Airlines,Dec-12,83,83,0,67,53,16,30,2012,12
Rockhampton-Brisbane,Rockhampton,Brisbane,All Airlines,Dec-12,392,387,5,323,254,64,133,2012,12
Sunshine Coast-Melbourne,Sunshine Coast,Melbourne,All Airlines,Dec-12,100,100,0,81,79,19,21,2012,12
Sunshine Coast-Sydney,Sunshine Coast,Sydney,All Airlines,Dec-12,152,152,0,119,119,33,33,2012,12
Sydney-Adelaide,Sydney,Adelaide,All Airlines,Dec-12,552,547,5,446,445,101,102,2012,12
Sydney-Albury,Sydney,Albury,All Airlines,Dec-12,272,272,0,200,191,72,81,2012,12
Sydney-Ayers Rock,Sydney,Ayers Rock,All Airlines,Dec-12,62,62,0,49,47,13,15,2012,12
Sydney-Ballina,Sydney,Ballina,All Airlines,Dec-12,120,120,0,91,92,29,28,2012,12
Sydney-Brisbane,Sydney,Brisbane,All Airlines,Dec-12,1326,1299,27,1029,859,270,440,2012,12
Sydney-Cairns,Sydney,Cairns,All Airlines,Dec-12,236,236,0,172,193,64,43,2012,12
Sydney-Canberra,Sydney,Canberra,All Airlines,Dec-12,714,689,25,523,521,166,168,2012,12
Sydney-Coffs Harbour,Sydney,Coffs Harbour,All Airlines,Dec-12,203,202,1,140,145,62,57,2012,12
Sydney-Darwin,Sydney,Darwin,All Airlines,Dec-12,117,116,1,93,100,23,16,2012,12
Sydney-Dubbo,Sydney,Dubbo,All Airlines,Dec-12,240,239,1,188,194,51,45,2012,12
Sydney-Gold Coast,Sydney,Gold Coast,All Airlines,Dec-12,866,841,25,648,659,193,182,2012,12
Sydney-Hamilton Island,Sydney,Hamilton Island,All Airlines,Dec-12,62,62,0,43,45,19,17,2012,12
Sydney-Hobart,Sydney,Hobart,All Airlines,Dec-12,210,210,0,162,167,48,43,2012,12
Sydney-Launceston,Sydney,Launceston,All Airlines,Dec-12,111,111,0,80,88,31,23,2012,12
Sydney-Melbourne,Sydney,Melbourne,All Airlines,Dec-12,2092,1983,109,1622,1591,361,392,2012,12
Sydney-Perth,Sydney,Perth,All Airlines,Dec-12,373,372,1,280,257,92,115,2012,12
Sydney-Port Macquarie,Sydney,Port Macquarie,All Airlines,Dec-12,195,193,2,143,135,50,58,2012,12
Sydney-Sunshine Coast,Sydney,Sunshine Coast,All Airlines,Dec-12,152,152,0,124,131,28,21,2012,12
Sydney-Townsville,Sydney,Townsville,All Airlines,Dec-12,61,61,0,49,51,12,10,2012,12
Sydney-Wagga Wagga,Sydney,Wagga Wagga,All Airlines,Dec-12,210,210,0,165,153,45,57,2012,12
Townsville-Brisbane,Townsville,Brisbane,All Airlines,Dec-12,335,335,0,264,227,71,108,2012,12
Townsville-Cairns,Townsville,Cairns,All Airlines,Dec-12,194,194,0,168,173,26,21,2012,12
Townsville-Sydney,Townsville,Sydney,All Airlines,Dec-12,60,60,0,41,32,19,28,2012,12
Wagga Wagga-Sydney,Wagga Wagga,Sydney,All Airlines,Dec-12,210,209,1,160,141,49,68,2012,12
Adelaide-Brisbane,Adelaide,Brisbane,All Airlines,Jan-13,258,255,3,219,217,36,38,2013,1
Adelaide-Canberra,Adelaide,Canberra,All Airlines,Jan-13,76,75,1,63,64,12,11,2013,1
Adelaide-Gold Coast,Adelaide,Gold Coast,All Airlines,Jan-13,77,72,5,59,58,13,14,2013,1
Adelaide-Melbourne,Adelaide,Melbourne,All Airlines,Jan-13,769,753,16,641,671,112,82,2013,1
Adelaide-Perth,Adelaide,Perth,All Airlines,Jan-13,212,211,1,179,185,32,26,2013,1
Adelaide-Port Lincoln,Adelaide,Port Lincoln,All Airlines,Jan-13,244,241,3,222,217,19,24,2013,1
Adelaide-Sydney,Adelaide,Sydney,All Airlines,Jan-13,558,546,12,455,443,91,103,2013,1
Albury-Sydney,Albury,Sydney,All Airlines,Jan-13,226,226,0,179,171,47,55,2013,1
Ayers Rock-Sydney,Ayers Rock,Sydney,All Airlines,Jan-13,62,62,0,56,56,6,6,2013,1
Ballina-Sydney,Ballina,Sydney,All Airlines,Jan-13,132,128,4,81,80,47,48,2013,1
Brisbane-Adelaide,Brisbane,Adelaide,All Airlines,Jan-13,258,257,1,210,230,47,27,2013,1
Brisbane-Cairns,Brisbane,Cairns,All Airlines,Jan-13,403,395,8,312,334,83,61,2013,1
Brisbane-Canberra,Brisbane,Canberra,All Airlines,Jan-13,239,236,3,179,182,57,54,2013,1
Brisbane-Darwin,Brisbane,Darwin,All Airlines,Jan-13,63,62,1,50,52,12,10,2013,1
Brisbane-Emerald,Brisbane,Emerald,All Airlines,Jan-13,280,269,11,220,224,49,45,2013,1
Brisbane-Gladstone,Brisbane,Gladstone,All Airlines,Jan-13,361,331,30,257,249,74,82,2013,1
Brisbane-Hamilton Island,Brisbane,Hamilton Island,All Airlines,Jan-13,49,48,1,27,38,21,10,2013,1
Brisbane-Mackay,Brisbane,Mackay,All Airlines,Jan-13,382,377,5,293,297,84,80,2013,1
Brisbane-Melbourne,Brisbane,Melbourne,All Airlines,Jan-13,973,962,11,726,756,236,206,2013,1
Brisbane-Mount Isa,Brisbane,Mount Isa,All Airlines,Jan-13,80,80,0,70,71,10,9,2013,1
Brisbane-Newcastle,Brisbane,Newcastle,All Airlines,Jan-13,275,268,7,202,190,66,78,2013,1
Brisbane-Perth,Brisbane,Perth,All Airlines,Jan-13,241,241,0,155,179,86,62,2013,1
Brisbane-Proserpine,Brisbane,Proserpine,All Airlines,Jan-13,83,83,0,53,55,30,28,2013,1
Brisbane-Rockhampton,Brisbane,Rockhampton,All Airlines,Jan-13,409,378,31,275,280,103,98,2013,1
Brisbane-Sydney,Brisbane,Sydney,All Airlines,Jan-13,1323,1272,51,953,961,319,311,2013,1
Brisbane-Townsville,Brisbane,Townsville,All Airlines,Jan-13,332,328,4,233,243,95,85,2013,1
Broome-Perth,Broome,Perth,All Airlines,Jan-13,127,124,3,90,99,34,25,2013,1
Cairns-Brisbane,Cairns,Brisbane,All Airlines,Jan-13,402,395,7,320,294,75,101,2013,1
Cairns-Melbourne,Cairns,Melbourne,All Airlines,Jan-13,180,180,0,141,152,39,28,2013,1
Cairns-Sydney,Cairns,Sydney,All Airlines,Jan-13,243,242,1,203,201,39,41,2013,1
Cairns-Townsville,Cairns,Townsville,All Airlines,Jan-13,199,193,6,153,148,40,45,2013,1
Canberra-Adelaide,Canberra,Adelaide,All Airlines,Jan-13,80,79,1,66,65,13,14,2013,1
Canberra-Brisbane,Canberra,Brisbane,All Airlines,Jan-13,239,235,4,190,185,45,50,2013,1
Canberra-Melbourne,Canberra,Melbourne,All Airlines,Jan-13,394,392,2,341,345,51,47,2013,1
Canberra-Sydney,Canberra,Sydney,All Airlines,Jan-13,669,651,18,536,524,115,127,2013,1
Coffs Harbour-Sydney,Coffs Harbour,Sydney,All Airlines,Jan-13,208,204,4,148,152,56,52,2013,1
Darwin-Brisbane,Darwin,Brisbane,All Airlines,Jan-13,63,62,1,44,45,18,17,2013,1
Darwin-Melbourne,Darwin,Melbourne,All Airlines,Jan-13,52,52,0,42,43,10,9,2013,1
Darwin-Perth,Darwin,Perth,All Airlines,Jan-13,58,57,1,49,54,8,3,2013,1
Darwin-Sydney,Darwin,Sydney,All Airlines,Jan-13,100,99,1,82,81,17,18,2013,1
Dubbo-Sydney,Dubbo,Sydney,All Airlines,Jan-13,203,203,0,170,155,33,48,2013,1
Emerald-Brisbane,Emerald,Brisbane,All Airlines,Jan-13,280,268,12,223,190,45,78,2013,1
Geraldton-Perth,Geraldton,Perth,All Airlines,Jan-13,127,127,0,89,80,38,47,2013,1
Gladstone-Brisbane,Gladstone,Brisbane,All Airlines,Jan-13,370,337,33,242,225,95,112,2013,1
Gold Coast-Adelaide,Gold Coast,Adelaide,All Airlines,Jan-13,76,71,5,58,58,13,13,2013,1
Gold Coast-Melbourne,Gold Coast,Melbourne,All Airlines,Jan-13,510,496,14,339,383,157,113,2013,1
Gold Coast-Sydney,Gold Coast,Sydney,All Airlines,Jan-13,876,820,56,568,606,252,214,2013,1
Hamilton Island-Brisbane,Hamilton Island,Brisbane,All Airlines,Jan-13,49,47,2,34,34,13,13,2013,1
Hamilton Island-Sydney,Hamilton Island,Sydney,All Airlines,Jan-13,62,60,2,38,41,22,19,2013,1
Hobart-Melbourne,Hobart,Melbourne,All Airlines,Jan-13,522,514,8,401,376,113,138,2013,1
Hobart-Sydney,Hobart,Sydney,All Airlines,Jan-13,207,206,1,148,162,58,44,2013,1
Kalgoorlie-Perth,Kalgoorlie,Perth,All Airlines,Jan-13,154,145,9,117,108,28,37,2013,1
Karratha-Perth,Karratha,Perth,All Airlines,Jan-13,310,296,14,241,230,55,66,2013,1
Launceston-Melbourne,Launceston,Melbourne,All Airlines,Jan-13,399,395,4,315,313,80,82,2013,1
Launceston-Sydney,Launceston,Sydney,All Airlines,Jan-13,114,114,0,77,81,37,33,2013,1
Mackay-Brisbane,Mackay,Brisbane,All Airlines,Jan-13,381,375,6,272,258,103,117,2013,1
Melbourne-Adelaide,Melbourne,Adelaide,All Airlines,Jan-13,766,752,14,650,636,102,116,2013,1
Melbourne-Brisbane,Melbourne,Brisbane,All Airlines,Jan-13,971,959,12,761,677,198,282,2013,1
Melbourne-Cairns,Melbourne,Cairns,All Airlines,Jan-13,181,181,0,155,164,26,17,2013,1
Melbourne-Canberra,Melbourne,Canberra,All Airlines,Jan-13,394,392,2,353,348,39,44,2013,1
Melbourne-Darwin,Melbourne,Darwin,All Airlines,Jan-13,52,52,0,41,37,11,15,2013,1
Melbourne-Gold Coast,Melbourne,Gold Coast,All Airlines,Jan-13,508,495,13,365,346,130,149,2013,1
Melbourne-Hobart,Melbourne,Hobart,All Airlines,Jan-13,522,513,9,408,420,105,93,2013,1
Melbourne-Launceston,Melbourne,Launceston,All Airlines,Jan-13,396,393,3,324,324,69,69,2013,1
Melbourne-Mildura,Melbourne,Mildura,All Airlines,Jan-13,180,180,0,162,158,18,22,2013,1
Melbourne-Newcastle,Melbourne,Newcastle,All Airlines,Jan-13,142,141,1,118,119,23,22,2013,1
Melbourne-Perth,Melbourne,Perth,All Airlines,Jan-13,503,502,1,380,345,122,157,2013,1
Melbourne-Sunshine Coast,Melbourne,Sunshine Coast,All Airlines,Jan-13,101,96,5,74,73,22,23,2013,1
Melbourne-Sydney,Melbourne,Sydney,All Airlines,Jan-13,2018,1958,60,1618,1614,340,344,2013,1
Mildura-Melbourne,Mildura,Melbourne,All Airlines,Jan-13,180,180,0,169,166,11,14,2013,1
Mount Isa-Brisbane,Mount Isa,Brisbane,All Airlines,Jan-13,80,79,1,68,62,11,17,2013,1
Newcastle-Brisbane,Newcastle,Brisbane,All Airlines,Jan-13,274,267,7,182,168,85,99,2013,1
Newcastle-Melbourne,Newcastle,Melbourne,All Airlines,Jan-13,140,139,1,101,106,38,33,2013,1
Newman-Perth,Newman,Perth,All Airlines,Jan-13,218,210,8,165,171,45,39,2013,1
Perth-Adelaide,Perth,Adelaide,All Airlines,Jan-13,212,210,2,173,182,37,28,2013,1
Perth-Brisbane,Perth,Brisbane,All Airlines,Jan-13,240,240,0,189,159,51,81,2013,1
Perth-Broome,Perth,Broome,All Airlines,Jan-13,122,120,2,95,92,25,28,2013,1
Perth-Darwin,Perth,Darwin,All Airlines,Jan-13,58,58,0,49,48,9,10,2013,1
Perth-Geraldton,Perth,Geraldton,All Airlines,Jan-13,125,125,0,94,86,31,39,2013,1
Perth-Kalgoorlie,Perth,Kalgoorlie,All Airlines,Jan-13,155,147,8,126,119,21,28,2013,1
Perth-Karratha,Perth,Karratha,All Airlines,Jan-13,310,296,14,257,251,39,45,2013,1
Perth-Melbourne,Perth,Melbourne,All Airlines,Jan-13,506,504,2,388,387,116,117,2013,1
Perth-Newman,Perth,Newman,All Airlines,Jan-13,218,210,8,183,174,27,36,2013,1
Perth-Port Hedland,Perth,Port Hedland,All Airlines,Jan-13,245,239,6,200,190,39,49,2013,1
Perth-Sydney,Perth,Sydney,All Airlines,Jan-13,370,368,2,288,300,80,68,2013,1
Port Hedland-Perth,Port Hedland,Perth,All Airlines,Jan-13,245,238,7,183,178,55,60,2013,1
Port Lincoln-Adelaide,Port Lincoln,Adelaide,All Airlines,Jan-13,243,240,3,215,214,25,26,2013,1
Port Macquarie-Sydney,Port Macquarie,Sydney,All Airlines,Jan-13,196,191,5,146,140,45,51,2013,1
Proserpine-Brisbane,Proserpine,Brisbane,All Airlines,Jan-13,85,84,1,51,42,33,42,2013,1
Rockhampton-Brisbane,Rockhampton,Brisbane,All Airlines,Jan-13,398,368,30,267,233,101,135,2013,1
Sunshine Coast-Melbourne,Sunshine Coast,Melbourne,All Airlines,Jan-13,103,98,5,60,69,38,29,2013,1
Sunshine Coast-Sydney,Sunshine Coast,Sydney,All Airlines,Jan-13,150,144,6,94,94,50,50,2013,1
Sydney-Adelaide,Sydney,Adelaide,All Airlines,Jan-13,555,546,9,425,450,121,96,2013,1
Sydney-Albury,Sydney,Albury,All Airlines,Jan-13,226,226,0,180,178,46,48,2013,1
Sydney-Ayers Rock,Sydney,Ayers Rock,All Airlines,Jan-13,62,62,0,50,57,12,5,2013,1
Sydney-Ballina,Sydney,Ballina,All Airlines,Jan-13,134,131,3,98,99,33,32,2013,1
Sydney-Brisbane,Sydney,Brisbane,All Airlines,Jan-13,1298,1255,43,966,868,289,387,2013,1
Sydney-Cairns,Sydney,Cairns,All Airlines,Jan-13,244,244,0,187,214,57,30,2013,1
Sydney-Canberra,Sydney,Canberra,All Airlines,Jan-13,675,657,18,505,505,152,152,2013,1
Sydney-Coffs Harbour,Sydney,Coffs Harbour,All Airlines,Jan-13,209,207,2,158,152,49,55,2013,1
Sydney-Darwin,Sydney,Darwin,All Airlines,Jan-13,100,100,0,76,87,24,13,2013,1
Sydney-Dubbo,Sydney,Dubbo,All Airlines,Jan-13,204,204,0,174,178,30,26,2013,1
Sydney-Gold Coast,Sydney,Gold Coast,All Airlines,Jan-13,868,824,44,611,606,213,218,2013,1
Sydney-Hamilton Island,Sydney,Hamilton Island,All Airlines,Jan-13,63,61,2,41,46,20,15,2013,1
Sydney-Hobart,Sydney,Hobart,All Airlines,Jan-13,207,206,1,162,177,44,29,2013,1
Sydney-Launceston,Sydney,Launceston,All Airlines,Jan-13,115,115,0,80,90,35,25,2013,1
Sydney-Melbourne,Sydney,Melbourne,All Airlines,Jan-13,2017,1954,63,1563,1615,391,339,2013,1
Sydney-Perth,Sydney,Perth,All Airlines,Jan-13,368,366,2,246,273,120,93,2013,1
Sydney-Port Macquarie,Sydney,Port Macquarie,All Airlines,Jan-13,197,192,5,162,152,30,40,2013,1
Sydney-Sunshine Coast,Sydney,Sunshine Coast,All Airlines,Jan-13,151,146,5,106,110,40,36,2013,1
Sydney-Townsville,Sydney,Townsville,All Airlines,Jan-13,54,54,0,44,48,10,6,2013,1
Sydney-Wagga Wagga,Sydney,Wagga Wagga,All Airlines,Jan-13,166,165,1,127,126,38,39,2013,1
Townsville-Brisbane,Townsville,Brisbane,All Airlines,Jan-13,332,328,4,260,233,68,95,2013,1
Townsville-Cairns,Townsville,Cairns,All Airlines,Jan-13,197,191,6,143,143,48,48,2013,1
Townsville-Sydney,Townsville,Sydney,All Airlines,Jan-13,55,55,0,47,46,8,9,2013,1
Wagga Wagga-Sydney,Wagga Wagga,Sydney,All Airlines,Jan-13,167,166,1,129,122,37,44,2013,1
Adelaide-Brisbane,Adelaide,Brisbane,All Airlines,Feb-13,226,223,3,191,166,32,57,2013,2
Adelaide-Canberra,Adelaide,Canberra,All Airlines,Feb-13,87,87,0,74,75,13,12,2013,2
Adelaide-Gold Coast,Adelaide,Gold Coast,All Airlines,Feb-13,56,55,1,54,54,1,1,2013,2
Adelaide-Melbourne,Adelaide,Melbourne,All Airlines,Feb-13,684,675,9,584,580,91,95,2013,2
Adelaide-Perth,Adelaide,Perth,All Airlines,Feb-13,185,185,0,157,171,28,14,2013,2
Adelaide-Port Lincoln,Adelaide,Port Lincoln,All Airlines,Feb-13,249,246,3,219,221,27,25,2013,2
Adelaide-Sydney,Adelaide,Sydney,All Airlines,Feb-13,497,495,2,410,369,85,126,2013,2
Albury-Sydney,Albury,Sydney,All Airlines,Feb-13,248,245,3,194,169,51,76,2013,2
Ayers Rock-Sydney,Ayers Rock,Sydney,All Airlines,Feb-13,56,56,0,45,47,11,9,2013,2
Ballina-Sydney,Ballina,Sydney,All Airlines,Feb-13,82,79,3,43,41,36,38,2013,2
Brisbane-Adelaide,Brisbane,Adelaide,All Airlines,Feb-13,226,223,3,178,193,45,30,2013,2
Brisbane-Cairns,Brisbane,Cairns,All Airlines,Feb-13,341,340,1,270,262,70,78,2013,2
Brisbane-Canberra,Brisbane,Canberra,All Airlines,Feb-13,240,239,1,192,195,47,44,2013,2
Brisbane-Darwin,Brisbane,Darwin,All Airlines,Feb-13,56,56,0,42,37,14,19,2013,2
Brisbane-Emerald,Brisbane,Emerald,All Airlines,Feb-13,268,261,7,213,213,48,48,2013,2
Brisbane-Gladstone,Brisbane,Gladstone,All Airlines,Feb-13,320,310,10,244,224,66,86,2013,2
Brisbane-Hamilton Island,Brisbane,Hamilton Island,All Airlines,Feb-13,44,44,0,23,31,21,13,2013,2
Brisbane-Mackay,Brisbane,Mackay,All Airlines,Feb-13,336,336,0,253,235,83,101,2013,2
Brisbane-Melbourne,Brisbane,Melbourne,All Airlines,Feb-13,873,861,12,601,623,260,238,2013,2
Brisbane-Mount Isa,Brisbane,Mount Isa,All Airlines,Feb-13,72,72,0,64,63,8,9,2013,2
Brisbane-Newcastle,Brisbane,Newcastle,All Airlines,Feb-13,233,223,10,173,158,50,65,2013,2
Brisbane-Perth,Brisbane,Perth,All Airlines,Feb-13,204,204,0,135,150,69,54,2013,2
Brisbane-Proserpine,Brisbane,Proserpine,All Airlines,Feb-13,72,72,0,52,48,20,24,2013,2
Brisbane-Rockhampton,Brisbane,Rockhampton,All Airlines,Feb-13,387,359,28,269,264,90,95,2013,2
Brisbane-Sydney,Brisbane,Sydney,All Airlines,Feb-13,1242,1210,32,872,846,338,364,2013,2
Brisbane-Townsville,Brisbane,Townsville,All Airlines,Feb-13,315,313,2,231,215,82,98,2013,2
Broome-Perth,Broome,Perth,All Airlines,Feb-13,117,115,2,92,94,23,21,2013,2
Cairns-Brisbane,Cairns,Brisbane,All Airlines,Feb-13,342,340,2,238,231,102,109,2013,2
Cairns-Melbourne,Cairns,Melbourne,All Airlines,Feb-13,132,132,0,105,112,27,20,2013,2
Cairns-Sydney,Cairns,Sydney,All Airlines,Feb-13,198,198,0,146,150,52,48,2013,2
Cairns-Townsville,Cairns,Townsville,All Airlines,Feb-13,188,188,0,172,172,16,16,2013,2
Canberra-Adelaide,Canberra,Adelaide,All Airlines,Feb-13,91,91,0,84,83,7,8,2013,2
Canberra-Brisbane,Canberra,Brisbane,All Airlines,Feb-13,240,238,2,194,161,44,77,2013,2
Canberra-Melbourne,Canberra,Melbourne,All Airlines,Feb-13,442,436,6,344,348,92,88,2013,2
Canberra-Sydney,Canberra,Sydney,All Airlines,Feb-13,777,748,29,607,553,141,195,2013,2
Coffs Harbour-Sydney,Coffs Harbour,Sydney,All Airlines,Feb-13,193,185,8,132,141,53,44,2013,2
Darwin-Brisbane,Darwin,Brisbane,All Airlines,Feb-13,56,56,0,40,42,16,14,2013,2
Darwin-Melbourne,Darwin,Melbourne,All Airlines,Feb-13,45,45,0,41,39,4,6,2013,2
Darwin-Perth,Darwin,Perth,All Airlines,Feb-13,52,52,0,44,46,8,6,2013,2
Darwin-Sydney,Darwin,Sydney,All Airlines,Feb-13,84,84,0,64,65,20,19,2013,2
Dubbo-Sydney,Dubbo,Sydney,All Airlines,Feb-13,235,234,1,179,154,55,80,2013,2
Emerald-Brisbane,Emerald,Brisbane,All Airlines,Feb-13,268,261,7,205,172,56,89,2013,2
Geraldton-Perth,Geraldton,Perth,All Airlines,Feb-13,126,126,0,101,94,25,32,2013,2
Gladstone-Brisbane,Gladstone,Brisbane,All Airlines,Feb-13,328,316,12,219,188,97,128,2013,2
Gold Coast-Adelaide,Gold Coast,Adelaide,All Airlines,Feb-13,56,55,1,45,53,10,2,2013,2
Gold Coast-Melbourne,Gold Coast,Melbourne,All Airlines,Feb-13,372,365,7,242,279,123,86,2013,2
Gold Coast-Sydney,Gold Coast,Sydney,All Airlines,Feb-13,715,693,22,455,476,238,217,2013,2
Hamilton Island-Brisbane,Hamilton Island,Brisbane,All Airlines,Feb-13,44,44,0,25,27,19,17,2013,2
Hamilton Island-Sydney,Hamilton Island,Sydney,All Airlines,Feb-13,48,48,0,34,37,14,11,2013,2
Hobart-Melbourne,Hobart,Melbourne,All Airlines,Feb-13,431,427,4,314,304,113,123,2013,2
Hobart-Sydney,Hobart,Sydney,All Airlines,Feb-13,152,152,0,97,101,55,51,2013,2
Kalgoorlie-Perth,Kalgoorlie,Perth,All Airlines,Feb-13,140,134,6,118,111,16,23,2013,2
Karratha-Perth,Karratha,Perth,All Airlines,Feb-13,278,234,44,205,188,29,46,2013,2
Launceston-Melbourne,Launceston,Melbourne,All Airlines,Feb-13,349,343,6,250,257,93,86,2013,2
Launceston-Sydney,Launceston,Sydney,All Airlines,Feb-13,83,83,0,54,53,29,30,2013,2
Mackay-Brisbane,Mackay,Brisbane,All Airlines,Feb-13,338,334,4,233,217,101,117,2013,2
Melbourne-Adelaide,Melbourne,Adelaide,All Airlines,Feb-13,683,675,8,591,567,84,108,2013,2
Melbourne-Brisbane,Melbourne,Brisbane,All Airlines,Feb-13,871,858,13,657,480,201,378,2013,2
Melbourne-Cairns,Melbourne,Cairns,All Airlines,Feb-13,132,132,0,122,119,10,13,2013,2
Melbourne-Canberra,Melbourne,Canberra,All Airlines,Feb-13,442,436,6,375,350,61,86,2013,2
Melbourne-Darwin,Melbourne,Darwin,All Airlines,Feb-13,45,45,0,39,33,6,12,2013,2
Melbourne-Gold Coast,Melbourne,Gold Coast,All Airlines,Feb-13,372,369,3,271,239,98,130,2013,2
Melbourne-Hobart,Melbourne,Hobart,All Airlines,Feb-13,431,428,3,310,313,118,115,2013,2
Melbourne-Launceston,Melbourne,Launceston,All Airlines,Feb-13,348,343,5,260,257,83,86,2013,2
Melbourne-Mildura,Melbourne,Mildura,All Airlines,Feb-13,180,177,3,139,129,38,48,2013,2
Melbourne-Newcastle,Melbourne,Newcastle,All Airlines,Feb-13,113,112,1,90,86,22,26,2013,2
Melbourne-Perth,Melbourne,Perth,All Airlines,Feb-13,441,439,2,349,362,90,77,2013,2
Melbourne-Sunshine Coast,Melbourne,Sunshine Coast,All Airlines,Feb-13,67,66,1,55,49,11,17,2013,2
Melbourne-Sydney,Melbourne,Sydney,All Airlines,Feb-13,1976,1912,64,1432,1234,480,678,2013,2
Mildura-Melbourne,Mildura,Melbourne,All Airlines,Feb-13,179,175,4,149,143,26,32,2013,2
Mount Isa-Brisbane,Mount Isa,Brisbane,All Airlines,Feb-13,72,72,0,64,58,8,14,2013,2
Newcastle-Brisbane,Newcastle,Brisbane,All Airlines,Feb-13,233,222,11,144,114,78,108,2013,2
Newcastle-Melbourne,Newcastle,Melbourne,All Airlines,Feb-13,114,113,1,80,80,33,33,2013,2
Newman-Perth,Newman,Perth,All Airlines,Feb-13,188,173,15,138,133,35,40,2013,2
Perth-Adelaide,Perth,Adelaide,All Airlines,Feb-13,185,185,0,164,163,21,22,2013,2
Perth-Brisbane,Perth,Brisbane,All Airlines,Feb-13,205,204,1,165,124,39,80,2013,2
Perth-Broome,Perth,Broome,All Airlines,Feb-13,113,110,3,99,97,11,13,2013,2
Perth-Darwin,Perth,Darwin,All Airlines,Feb-13,52,52,0,41,40,11,12,2013,2
Perth-Geraldton,Perth,Geraldton,All Airlines,Feb-13,126,126,0,99,95,27,31,2013,2
Perth-Kalgoorlie,Perth,Kalgoorlie,All Airlines,Feb-13,139,133,6,114,106,19,27,2013,2
Perth-Karratha,Perth,Karratha,All Airlines,Feb-13,278,240,38,213,216,27,24,2013,2
Perth-Melbourne,Perth,Melbourne,All Airlines,Feb-13,441,439,2,366,279,73,160,2013,2
Perth-Newman,Perth,Newman,All Airlines,Feb-13,188,173,15,148,151,25,22,2013,2
Perth-Port Hedland,Perth,Port Hedland,All Airlines,Feb-13,221,193,28,166,172,27,21,2013,2
Perth-Sydney,Perth,Sydney,All Airlines,Feb-13,338,336,2,278,243,58,93,2013,2
Port Hedland-Perth,Port Hedland,Perth,All Airlines,Feb-13,221,192,29,158,152,34,40,2013,2
Port Lincoln-Adelaide,Port Lincoln,Adelaide,All Airlines,Feb-13,249,246,3,223,223,23,23,2013,2
Port Macquarie-Sydney,Port Macquarie,Sydney,All Airlines,Feb-13,180,163,17,123,112,40,51,2013,2
Proserpine-Brisbane,Proserpine,Brisbane,All Airlines,Feb-13,72,72,0,41,26,31,46,2013,2
Rockhampton-Brisbane,Rockhampton,Brisbane,All Airlines,Feb-13,379,349,30,267,222,82,127,2013,2
Sunshine Coast-Melbourne,Sunshine Coast,Melbourne,All Airlines,Feb-13,67,63,4,38,44,25,19,2013,2
Sunshine Coast-Sydney,Sunshine Coast,Sydney,All Airlines,Feb-13,112,111,1,70,72,41,39,2013,2
Sydney-Adelaide,Sydney,Adelaide,All Airlines,Feb-13,492,491,1,373,405,118,86,2013,2
Sydney-Albury,Sydney,Albury,All Airlines,Feb-13,248,245,3,176,188,69,57,2013,2
Sydney-Ayers Rock,Sydney,Ayers Rock,All Airlines,Feb-13,56,56,0,48,45,8,11,2013,2
Sydney-Ballina,Sydney,Ballina,All Airlines,Feb-13,82,82,0,59,47,23,35,2013,2
Sydney-Brisbane,Sydney,Brisbane,All Airlines,Feb-13,1220,1188,32,837,680,351,508,2013,2
Sydney-Cairns,Sydney,Cairns,All Airlines,Feb-13,198,198,0,136,142,62,56,2013,2
Sydney-Canberra,Sydney,Canberra,All Airlines,Feb-13,781,754,27,573,586,181,168,2013,2
Sydney-Coffs Harbour,Sydney,Coffs Harbour,All Airlines,Feb-13,193,187,6,144,141,43,46,2013,2
Sydney-Darwin,Sydney,Darwin,All Airlines,Feb-13,84,84,0,68,68,16,16,2013,2
Sydney-Dubbo,Sydney,Dubbo,All Airlines,Feb-13,235,234,1,174,189,60,45,2013,2
Sydney-Gold Coast,Sydney,Gold Coast,All Airlines,Feb-13,715,699,16,501,484,198,215,2013,2
Sydney-Hamilton Island,Sydney,Hamilton Island,All Airlines,Feb-13,48,48,0,38,34,10,14,2013,2
Sydney-Hobart,Sydney,Hobart,All Airlines,Feb-13,152,152,0,112,119,40,33,2013,2
Sydney-Launceston,Sydney,Launceston,All Airlines,Feb-13,84,84,0,59,65,25,19,2013,2
Sydney-Melbourne,Sydney,Melbourne,All Airlines,Feb-13,1976,1921,55,1396,1464,525,457,2013,2
Sydney-Perth,Sydney,Perth,All Airlines,Feb-13,338,335,3,235,284,100,51,2013,2
Sydney-Port Macquarie,Sydney,Port Macquarie,All Airlines,Feb-13,181,165,16,128,120,37,45,2013,2
Sydney-Sunshine Coast,Sydney,Sunshine Coast,All Airlines,Feb-13,112,111,1,90,89,21,22,2013,2
Sydney-Townsville,Sydney,Townsville,All Airlines,Feb-13,44,44,0,30,30,14,14,2013,2
Sydney-Wagga Wagga,Sydney,Wagga Wagga,All Airlines,Feb-13,185,185,0,141,139,44,46,2013,2
Townsville-Brisbane,Townsville,Brisbane,All Airlines,Feb-13,316,313,3,237,208,76,105,2013,2
Townsville-Cairns,Townsville,Cairns,All Airlines,Feb-13,188,188,0,157,155,31,33,2013,2
Townsville-Sydney,Townsville,Sydney,All Airlines,Feb-13,44,44,0,25,27,19,17,2013,2
Wagga Wagga-Sydney,Wagga Wagga,Sydney,All Airlines,Feb-13,185,185,0,140,126,45,59,2013,2
Adelaide-Brisbane,Adelaide,Brisbane,All Airlines,Mar-13,256,256,0,215,214,41,42,2013,3
Adelaide-Canberra,Adelaide,Canberra,All Airlines,Mar-13,94,93,1,72,77,21,16,2013,3
Adelaide-Gold Coast,Adelaide,Gold Coast,All Airlines,Mar-13,61,60,1,51,54,9,6,2013,3
Adelaide-Melbourne,Adelaide,Melbourne,All Airlines,Mar-13,763,757,6,632,644,125,113,2013,3
Adelaide-Perth,Adelaide,Perth,All Airlines,Mar-13,209,209,0,159,154,50,55,2013,3
Adelaide-Port Lincoln,Adelaide,Port Lincoln,All Airlines,Mar-13,297,297,0,267,257,30,40,2013,3
Adelaide-Sydney,Adelaide,Sydney,All Airlines,Mar-13,558,548,10,425,424,123,124,2013,3
Albury-Sydney,Albury,Sydney,All Airlines,Mar-13,285,284,1,208,191,76,93,2013,3
Ayers Rock-Sydney,Ayers Rock,Sydney,All Airlines,Mar-13,62,62,0,49,52,13,10,2013,3
Ballina-Sydney,Ballina,Sydney,All Airlines,Mar-13,107,105,2,74,72,31,33,2013,3
Brisbane-Adelaide,Brisbane,Adelaide,All Airlines,Mar-13,256,254,2,219,227,35,27,2013,3
Brisbane-Cairns,Brisbane,Cairns,All Airlines,Mar-13,373,369,4,302,311,67,58,2013,3
Brisbane-Canberra,Brisbane,Canberra,All Airlines,Mar-13,261,261,0,214,216,47,45,2013,3
Brisbane-Darwin,Brisbane,Darwin,All Airlines,Mar-13,62,62,0,48,52,14,10,2013,3
Brisbane-Emerald,Brisbane,Emerald,All Airlines,Mar-13,290,280,10,246,235,34,45,2013,3
Brisbane-Gladstone,Brisbane,Gladstone,All Airlines,Mar-13,357,348,9,284,273,64,75,2013,3
Brisbane-Hamilton Island,Brisbane,Hamilton Island,All Airlines,Mar-13,51,51,0,36,42,15,9,2013,3
Brisbane-Mackay,Brisbane,Mackay,All Airlines,Mar-13,369,366,3,296,287,70,79,2013,3
Brisbane-Melbourne,Brisbane,Melbourne,All Airlines,Mar-13,974,957,17,749,767,208,190,2013,3
Brisbane-Mount Isa,Brisbane,Mount Isa,All Airlines,Mar-13,78,78,0,69,76,9,2,2013,3
Brisbane-Newcastle,Brisbane,Newcastle,All Airlines,Mar-13,267,263,4,216,200,47,63,2013,3
Brisbane-Perth,Brisbane,Perth,All Airlines,Mar-13,223,223,0,166,160,57,63,2013,3
Brisbane-Proserpine,Brisbane,Proserpine,All Airlines,Mar-13,85,85,0,75,70,10,15,2013,3
Brisbane-Rockhampton,Brisbane,Rockhampton,All Airlines,Mar-13,428,418,10,339,329,79,89,2013,3
Brisbane-Sydney,Brisbane,Sydney,All Airlines,Mar-13,1361,1319,42,998,1004,321,315,2013,3
Brisbane-Townsville,Brisbane,Townsville,All Airlines,Mar-13,345,344,1,263,262,81,82,2013,3
Broome-Perth,Broome,Perth,All Airlines,Mar-13,129,129,0,100,102,29,27,2013,3
Cairns-Brisbane,Cairns,Brisbane,All Airlines,Mar-13,375,371,4,299,302,72,69,2013,3
Cairns-Melbourne,Cairns,Melbourne,All Airlines,Mar-13,155,154,1,118,123,36,31,2013,3
Cairns-Sydney,Cairns,Sydney,All Airlines,Mar-13,225,225,0,181,183,44,42,2013,3
Cairns-Townsville,Cairns,Townsville,All Airlines,Mar-13,212,205,7,184,181,21,24,2013,3
Canberra-Adelaide,Canberra,Adelaide,All Airlines,Mar-13,99,99,0,84,81,15,18,2013,3
Canberra-Brisbane,Canberra,Brisbane,All Airlines,Mar-13,261,260,1,219,204,41,56,2013,3
Canberra-Melbourne,Canberra,Melbourne,All Airlines,Mar-13,478,477,1,393,400,84,77,2013,3
Canberra-Sydney,Canberra,Sydney,All Airlines,Mar-13,837,819,18,637,604,182,215,2013,3
Coffs Harbour-Sydney,Coffs Harbour,Sydney,All Airlines,Mar-13,221,220,1,149,159,71,61,2013,3
Darwin-Brisbane,Darwin,Brisbane,All Airlines,Mar-13,62,62,0,47,51,15,11,2013,3
Darwin-Melbourne,Darwin,Melbourne,All Airlines,Mar-13,54,53,1,46,46,7,7,2013,3
Darwin-Perth,Darwin,Perth,All Airlines,Mar-13,57,57,0,51,52,6,5,2013,3
Darwin-Sydney,Darwin,Sydney,All Airlines,Mar-13,96,96,0,78,72,18,24,2013,3
Dubbo-Sydney,Dubbo,Sydney,All Airlines,Mar-13,281,278,3,196,184,82,94,2013,3
Emerald-Brisbane,Emerald,Brisbane,All Airlines,Mar-13,290,276,14,229,203,47,73,2013,3
Geraldton-Perth,Geraldton,Perth,All Airlines,Mar-13,135,135,0,107,105,28,30,2013,3
Gladstone-Brisbane,Gladstone,Brisbane,All Airlines,Mar-13,378,362,16,287,259,75,103,2013,3
Gold Coast-Adelaide,Gold Coast,Adelaide,All Airlines,Mar-13,63,62,1,51,49,11,13,2013,3
Gold Coast-Melbourne,Gold Coast,Melbourne,All Airlines,Mar-13,457,451,6,331,353,120,98,2013,3
Gold Coast-Sydney,Gold Coast,Sydney,All Airlines,Mar-13,785,757,28,535,535,222,222,2013,3
Hamilton Island-Brisbane,Hamilton Island,Brisbane,All Airlines,Mar-13,51,51,0,35,36,16,15,2013,3
Hamilton Island-Sydney,Hamilton Island,Sydney,All Airlines,Mar-13,53,52,1,36,38,16,14,2013,3
Hobart-Melbourne,Hobart,Melbourne,All Airlines,Mar-13,488,483,5,360,350,123,133,2013,3
Hobart-Sydney,Hobart,Sydney,All Airlines,Mar-13,190,190,0,127,140,63,50,2013,3
Kalgoorlie-Perth,Kalgoorlie,Perth,All Airlines,Mar-13,145,143,2,121,113,22,30,2013,3
Karratha-Perth,Karratha,Perth,All Airlines,Mar-13,297,291,6,247,235,44,56,2013,3
Launceston-Melbourne,Launceston,Melbourne,All Airlines,Mar-13,394,391,3,313,322,78,69,2013,3
Launceston-Sydney,Launceston,Sydney,All Airlines,Mar-13,98,97,1,62,67,35,30,2013,3
Mackay-Brisbane,Mackay,Brisbane,All Airlines,Mar-13,370,362,8,294,281,68,81,2013,3
Melbourne-Adelaide,Melbourne,Adelaide,All Airlines,Mar-13,760,756,4,632,615,124,141,2013,3
Melbourne-Brisbane,Melbourne,Brisbane,All Airlines,Mar-13,966,948,18,742,655,206,293,2013,3
Melbourne-Cairns,Melbourne,Cairns,All Airlines,Mar-13,155,155,0,129,131,26,24,2013,3
Melbourne-Canberra,Melbourne,Canberra,All Airlines,Mar-13,478,476,2,408,390,68,86,2013,3
Melbourne-Darwin,Melbourne,Darwin,All Airlines,Mar-13,54,53,1,47,46,6,7,2013,3
Melbourne-Gold Coast,Melbourne,Gold Coast,All Airlines,Mar-13,457,455,2,349,340,106,115,2013,3
Melbourne-Hobart,Melbourne,Hobart,All Airlines,Mar-13,489,485,4,370,372,115,113,2013,3
Melbourne-Launceston,Melbourne,Launceston,All Airlines,Mar-13,392,388,4,329,316,59,72,2013,3
Melbourne-Mildura,Melbourne,Mildura,All Airlines,Mar-13,200,200,0,182,179,18,21,2013,3
Melbourne-Newcastle,Melbourne,Newcastle,All Airlines,Mar-13,136,136,0,111,107,25,29,2013,3
Melbourne-Perth,Melbourne,Perth,All Airlines,Mar-13,500,499,1,419,360,80,139,2013,3
Melbourne-Sunshine Coast,Melbourne,Sunshine Coast,All Airlines,Mar-13,87,87,0,75,70,12,17,2013,3
Melbourne-Sydney,Melbourne,Sydney,All Airlines,Mar-13,2194,2128,66,1612,1518,516,610,2013,3
Mildura-Melbourne,Mildura,Melbourne,All Airlines,Mar-13,201,201,0,188,184,13,17,2013,3
Mount Isa-Brisbane,Mount Isa,Brisbane,All Airlines,Mar-13,78,78,0,75,72,3,6,2013,3
Newcastle-Brisbane,Newcastle,Brisbane,All Airlines,Mar-13,268,265,3,187,172,78,93,2013,3
Newcastle-Melbourne,Newcastle,Melbourne,All Airlines,Mar-13,136,136,0,90,96,46,40,2013,3
Newman-Perth,Newman,Perth,All Airlines,Mar-13,195,193,2,156,152,37,41,2013,3
Perth-Adelaide,Perth,Adelaide,All Airlines,Mar-13,210,210,0,153,177,57,33,2013,3
Perth-Brisbane,Perth,Brisbane,All Airlines,Mar-13,223,223,0,177,172,46,51,2013,3
Perth-Broome,Perth,Broome,All Airlines,Mar-13,123,121,2,103,104,18,17,2013,3
Perth-Darwin,Perth,Darwin,All Airlines,Mar-13,57,57,0,45,45,12,12,2013,3
Perth-Geraldton,Perth,Geraldton,All Airlines,Mar-13,135,135,0,102,98,33,37,2013,3
Perth-Kalgoorlie,Perth,Kalgoorlie,All Airlines,Mar-13,146,144,2,122,123,22,21,2013,3
Perth-Karratha,Perth,Karratha,All Airlines,Mar-13,297,291,6,248,244,43,47,2013,3
Perth-Melbourne,Perth,Melbourne,All Airlines,Mar-13,499,499,0,404,417,95,82,2013,3
Perth-Newman,Perth,Newman,All Airlines,Mar-13,195,193,2,169,167,24,26,2013,3
Perth-Port Hedland,Perth,Port Hedland,All Airlines,Mar-13,235,228,7,200,198,28,30,2013,3
Perth-Sydney,Perth,Sydney,All Airlines,Mar-13,372,369,3,283,307,86,62,2013,3
Port Hedland-Perth,Port Hedland,Perth,All Airlines,Mar-13,235,228,7,197,187,31,41,2013,3
Port Lincoln-Adelaide,Port Lincoln,Adelaide,All Airlines,Mar-13,296,296,0,259,262,37,34,2013,3
Port Macquarie-Sydney,Port Macquarie,Sydney,All Airlines,Mar-13,194,191,3,130,122,61,69,2013,3
Proserpine-Brisbane,Proserpine,Brisbane,All Airlines,Mar-13,82,81,1,63,55,18,26,2013,3
Rockhampton-Brisbane,Rockhampton,Brisbane,All Airlines,Mar-13,408,394,14,297,268,97,126,2013,3
Sunshine Coast-Melbourne,Sunshine Coast,Melbourne,All Airlines,Mar-13,87,86,1,56,59,30,27,2013,3
Sunshine Coast-Sydney,Sunshine Coast,Sydney,All Airlines,Mar-13,128,124,4,99,99,25,25,2013,3
Sydney-Adelaide,Sydney,Adelaide,All Airlines,Mar-13,553,547,6,416,449,131,98,2013,3
Sydney-Albury,Sydney,Albury,All Airlines,Mar-13,283,281,2,214,218,67,63,2013,3
Sydney-Ayers Rock,Sydney,Ayers Rock,All Airlines,Mar-13,62,62,0,44,48,18,14,2013,3
Sydney-Ballina,Sydney,Ballina,All Airlines,Mar-13,113,111,2,91,87,20,24,2013,3
Sydney-Brisbane,Sydney,Brisbane,All Airlines,Mar-13,1334,1294,40,991,905,303,389,2013,3
Sydney-Cairns,Sydney,Cairns,All Airlines,Mar-13,224,224,0,166,183,58,41,2013,3
Sydney-Canberra,Sydney,Canberra,All Airlines,Mar-13,842,824,18,611,620,213,204,2013,3
Sydney-Coffs Harbour,Sydney,Coffs Harbour,All Airlines,Mar-13,221,220,1,160,154,60,66,2013,3
Sydney-Darwin,Sydney,Darwin,All Airlines,Mar-13,97,97,0,78,85,19,12,2013,3
Sydney-Dubbo,Sydney,Dubbo,All Airlines,Mar-13,278,277,1,217,220,60,57,2013,3
Sydney-Gold Coast,Sydney,Gold Coast,All Airlines,Mar-13,785,759,26,567,550,192,209,2013,3
Sydney-Hamilton Island,Sydney,Hamilton Island,All Airlines,Mar-13,53,53,0,37,37,16,16,2013,3
Sydney-Hobart,Sydney,Hobart,All Airlines,Mar-13,190,190,0,148,157,42,33,2013,3
Sydney-Launceston,Sydney,Launceston,All Airlines,Mar-13,97,97,0,76,76,21,21,2013,3
Sydney-Melbourne,Sydney,Melbourne,All Airlines,Mar-13,2184,2118,66,1660,1678,458,440,2013,3
Sydney-Perth,Sydney,Perth,All Airlines,Mar-13,372,371,1,267,269,104,102,2013,3
Sydney-Port Macquarie,Sydney,Port Macquarie,All Airlines,Mar-13,194,192,2,133,129,59,63,2013,3
Sydney-Sunshine Coast,Sydney,Sunshine Coast,All Airlines,Mar-13,128,126,2,109,111,17,15,2013,3
Sydney-Townsville,Sydney,Townsville,All Airlines,Mar-13,48,48,0,39,39,9,9,2013,3
Sydney-Wagga Wagga,Sydney,Wagga Wagga,All Airlines,Mar-13,225,225,0,172,167,53,58,2013,3
Townsville-Brisbane,Townsville,Brisbane,All Airlines,Mar-13,345,343,2,285,257,58,86,2013,3
Townsville-Cairns,Townsville,Cairns,All Airlines,Mar-13,212,207,5,164,164,43,43,2013,3
Townsville-Sydney,Townsville,Sydney,All Airlines,Mar-13,49,49,0,36,33,13,16,2013,3
Wagga Wagga-Sydney,Wagga Wagga,Sydney,All Airlines,Mar-13,224,224,0,173,156,51,68,2013,3
Adelaide-Brisbane,Adelaide,Brisbane,All Airlines,Apr-13,249,249,0,218,201,31,48,2013,4
Adelaide-Canberra,Adelaide,Canberra,All Airlines,Apr-13,91,90,1,76,82,14,8,2013,4
Adelaide-Gold Coast,Adelaide,Gold Coast,All Airlines,Apr-13,70,70,0,60,61,10,9,2013,4
Adelaide-Melbourne,Adelaide,Melbourne,All Airlines,Apr-13,735,727,8,649,644,78,83,2013,4
Adelaide-Perth,Adelaide,Perth,All Airlines,Apr-13,212,211,1,181,193,30,18,2013,4
Adelaide-Port Lincoln,Adelaide,Port Lincoln,All Airlines,Apr-13,294,291,3,267,260,24,31,2013,4
Adelaide-Sydney,Adelaide,Sydney,All Airlines,Apr-13,554,550,4,477,469,73,81,2013,4
Albury-Sydney,Albury,Sydney,All Airlines,Apr-13,278,278,0,221,206,57,72,2013,4
Ayers Rock-Sydney,Ayers Rock,Sydney,All Airlines,Apr-13,60,60,0,51,52,9,8,2013,4
Ballina-Sydney,Ballina,Sydney,All Airlines,Apr-13,141,139,2,109,113,30,26,2013,4
Brisbane-Adelaide,Brisbane,Adelaide,All Airlines,Apr-13,248,248,0,209,224,39,24,2013,4
Brisbane-Cairns,Brisbane,Cairns,All Airlines,Apr-13,386,381,5,309,297,72,84,2013,4
Brisbane-Canberra,Brisbane,Canberra,All Airlines,Apr-13,265,265,0,226,230,39,35,2013,4
Brisbane-Darwin,Brisbane,Darwin,All Airlines,Apr-13,60,60,0,44,43,16,17,2013,4
Brisbane-Emerald,Brisbane,Emerald,All Airlines,Apr-13,289,282,7,262,245,20,37,2013,4
Brisbane-Gladstone,Brisbane,Gladstone,All Airlines,Apr-13,363,354,9,314,308,40,46,2013,4
Brisbane-Hamilton Island,Brisbane,Hamilton Island,All Airlines,Apr-13,47,47,0,41,42,6,5,2013,4
Brisbane-Mackay,Brisbane,Mackay,All Airlines,Apr-13,379,372,7,297,296,75,76,2013,4
Brisbane-Melbourne,Brisbane,Melbourne,All Airlines,Apr-13,943,919,24,730,755,189,164,2013,4
Brisbane-Mount Isa,Brisbane,Mount Isa,All Airlines,Apr-13,78,78,0,68,70,10,8,2013,4
Brisbane-Newcastle,Brisbane,Newcastle,All Airlines,Apr-13,262,254,8,210,190,44,64,2013,4
Brisbane-Perth,Brisbane,Perth,All Airlines,Apr-13,235,235,0,189,210,46,25,2013,4
Brisbane-Proserpine,Brisbane,Proserpine,All Airlines,Apr-13,80,80,0,70,65,10,15,2013,4
Brisbane-Rockhampton,Brisbane,Rockhampton,All Airlines,Apr-13,429,416,13,336,335,80,81,2013,4
Brisbane-Sydney,Brisbane,Sydney,All Airlines,Apr-13,1324,1286,38,985,1002,301,284,2013,4
Brisbane-Townsville,Brisbane,Townsville,All Airlines,Apr-13,343,343,0,275,271,68,72,2013,4
Broome-Perth,Broome,Perth,All Airlines,Apr-13,159,156,3,118,127,38,29,2013,4
Cairns-Brisbane,Cairns,Brisbane,All Airlines,Apr-13,386,381,5,288,283,93,98,2013,4
Cairns-Melbourne,Cairns,Melbourne,All Airlines,Apr-13,197,190,7,163,164,27,26,2013,4
Cairns-Sydney,Cairns,Sydney,All Airlines,Apr-13,294,291,3,249,256,42,35,2013,4
Cairns-Townsville,Cairns,Townsville,All Airlines,Apr-13,207,201,6,176,175,25,26,2013,4
Canberra-Adelaide,Canberra,Adelaide,All Airlines,Apr-13,95,95,0,81,85,14,10,2013,4
Canberra-Brisbane,Canberra,Brisbane,All Airlines,Apr-13,266,266,0,232,221,34,45,2013,4
Canberra-Melbourne,Canberra,Melbourne,All Airlines,Apr-13,457,444,13,401,397,43,47,2013,4
Canberra-Sydney,Canberra,Sydney,All Airlines,Apr-13,817,797,20,669,651,128,146,2013,4
Coffs Harbour-Sydney,Coffs Harbour,Sydney,All Airlines,Apr-13,229,228,1,167,181,61,47,2013,4
Darwin-Brisbane,Darwin,Brisbane,All Airlines,Apr-13,60,60,0,39,46,21,14,2013,4
Darwin-Melbourne,Darwin,Melbourne,All Airlines,Apr-13,55,55,0,42,40,13,15,2013,4
Darwin-Perth,Darwin,Perth,All Airlines,Apr-13,56,56,0,51,55,5,1,2013,4
Darwin-Sydney,Darwin,Sydney,All Airlines,Apr-13,107,107,0,89,98,18,9,2013,4
Dubbo-Sydney,Dubbo,Sydney,All Airlines,Apr-13,279,279,0,217,199,62,80,2013,4
Emerald-Brisbane,Emerald,Brisbane,All Airlines,Apr-13,289,282,7,235,230,47,52,2013,4
Geraldton-Perth,Geraldton,Perth,All Airlines,Apr-13,135,135,0,117,109,18,26,2013,4
Gladstone-Brisbane,Gladstone,Brisbane,All Airlines,Apr-13,385,376,9,307,302,69,74,2013,4
Gold Coast-Adelaide,Gold Coast,Adelaide,All Airlines,Apr-13,69,69,0,61,68,8,1,2013,4
Gold Coast-Melbourne,Gold Coast,Melbourne,All Airlines,Apr-13,476,471,5,393,401,78,70,2013,4
Gold Coast-Sydney,Gold Coast,Sydney,All Airlines,Apr-13,809,785,24,677,699,108,86,2013,4
Hamilton Island-Brisbane,Hamilton Island,Brisbane,All Airlines,Apr-13,47,47,0,38,35,9,12,2013,4
Hamilton Island-Sydney,Hamilton Island,Sydney,All Airlines,Apr-13,59,59,0,35,42,24,17,2013,4
Hobart-Melbourne,Hobart,Melbourne,All Airlines,Apr-13,422,421,1,335,333,86,88,2013,4
Hobart-Sydney,Hobart,Sydney,All Airlines,Apr-13,175,175,0,128,131,47,44,2013,4
Kalgoorlie-Perth,Kalgoorlie,Perth,All Airlines,Apr-13,148,145,3,123,121,22,24,2013,4
Karratha-Perth,Karratha,Perth,All Airlines,Apr-13,304,294,10,270,267,24,27,2013,4
Launceston-Melbourne,Launceston,Melbourne,All Airlines,Apr-13,373,368,5,287,285,81,83,2013,4
Launceston-Sydney,Launceston,Sydney,All Airlines,Apr-13,86,86,0,51,50,35,36,2013,4
Mackay-Brisbane,Mackay,Brisbane,All Airlines,Apr-13,378,371,7,281,272,90,99,2013,4
Melbourne-Adelaide,Melbourne,Adelaide,All Airlines,Apr-13,735,730,5,649,644,81,86,2013,4
Melbourne-Brisbane,Melbourne,Brisbane,All Airlines,Apr-13,946,917,29,742,634,175,283,2013,4
Melbourne-Cairns,Melbourne,Cairns,All Airlines,Apr-13,198,192,6,162,163,30,29,2013,4
Melbourne-Canberra,Melbourne,Canberra,All Airlines,Apr-13,457,445,12,399,404,46,41,2013,4
Melbourne-Darwin,Melbourne,Darwin,All Airlines,Apr-13,55,55,0,45,46,10,9,2013,4
Melbourne-Gold Coast,Melbourne,Gold Coast,All Airlines,Apr-13,475,471,4,373,373,98,98,2013,4
Melbourne-Hobart,Melbourne,Hobart,All Airlines,Apr-13,422,422,0,360,350,62,72,2013,4
Melbourne-Launceston,Melbourne,Launceston,All Airlines,Apr-13,372,367,5,303,304,64,63,2013,4
Melbourne-Mildura,Melbourne,Mildura,All Airlines,Apr-13,200,200,0,183,175,17,25,2013,4
Melbourne-Newcastle,Melbourne,Newcastle,All Airlines,Apr-13,137,137,0,109,113,28,24,2013,4
Melbourne-Perth,Melbourne,Perth,All Airlines,Apr-13,515,514,1,414,407,100,107,2013,4
Melbourne-Sunshine Coast,Melbourne,Sunshine Coast,All Airlines,Apr-13,114,112,2,74,72,38,40,2013,4
Melbourne-Sydney,Melbourne,Sydney,All Airlines,Apr-13,2102,2037,65,1736,1649,301,388,2013,4
Mildura-Melbourne,Mildura,Melbourne,All Airlines,Apr-13,199,199,0,185,177,14,22,2013,4
Mount Isa-Brisbane,Mount Isa,Brisbane,All Airlines,Apr-13,78,76,2,67,62,9,14,2013,4
Newcastle-Brisbane,Newcastle,Brisbane,All Airlines,Apr-13,263,254,9,182,178,72,76,2013,4
Newcastle-Melbourne,Newcastle,Melbourne,All Airlines,Apr-13,137,135,2,104,106,31,29,2013,4
Newman-Perth,Newman,Perth,All Airlines,Apr-13,221,217,4,191,189,26,28,2013,4
Perth-Adelaide,Perth,Adelaide,All Airlines,Apr-13,214,212,2,186,194,26,18,2013,4
Perth-Brisbane,Perth,Brisbane,All Airlines,Apr-13,235,235,0,198,168,37,67,2013,4
Perth-Broome,Perth,Broome,All Airlines,Apr-13,164,161,3,135,140,26,21,2013,4
Perth-Darwin,Perth,Darwin,All Airlines,Apr-13,56,56,0,50,51,6,5,2013,4
Perth-Geraldton,Perth,Geraldton,All Airlines,Apr-13,133,133,0,112,108,21,25,2013,4
Perth-Kalgoorlie,Perth,Kalgoorlie,All Airlines,Apr-13,146,144,2,130,128,14,16,2013,4
Perth-Karratha,Perth,Karratha,All Airlines,Apr-13,303,293,10,268,278,25,15,2013,4
Perth-Melbourne,Perth,Melbourne,All Airlines,Apr-13,514,513,1,446,429,67,84,2013,4
Perth-Newman,Perth,Newman,All Airlines,Apr-13,221,218,3,198,193,20,25,2013,4
Perth-Port Hedland,Perth,Port Hedland,All Airlines,Apr-13,235,226,9,202,204,24,22,2013,4
Perth-Sydney,Perth,Sydney,All Airlines,Apr-13,359,356,3,291,305,65,51,2013,4
Port Hedland-Perth,Port Hedland,Perth,All Airlines,Apr-13,235,225,10,202,194,23,31,2013,4
Port Lincoln-Adelaide,Port Lincoln,Adelaide,All Airlines,Apr-13,294,292,2,267,261,25,31,2013,4
Port Macquarie-Sydney,Port Macquarie,Sydney,All Airlines,Apr-13,194,192,2,135,131,57,61,2013,4
Proserpine-Brisbane,Proserpine,Brisbane,All Airlines,Apr-13,80,80,0,61,58,19,22,2013,4
Rockhampton-Brisbane,Rockhampton,Brisbane,All Airlines,Apr-13,405,389,16,303,293,86,96,2013,4
Sunshine Coast-Melbourne,Sunshine Coast,Melbourne,All Airlines,Apr-13,115,113,2,59,68,54,45,2013,4
Sunshine Coast-Sydney,Sunshine Coast,Sydney,All Airlines,Apr-13,148,143,5,108,111,35,32,2013,4
Sydney-Adelaide,Sydney,Adelaide,All Airlines,Apr-13,546,542,4,466,480,76,62,2013,4
Sydney-Albury,Sydney,Albury,All Airlines,Apr-13,276,276,0,208,207,68,69,2013,4
Sydney-Ayers Rock,Sydney,Ayers Rock,All Airlines,Apr-13,60,60,0,50,51,10,9,2013,4
Sydney-Ballina,Sydney,Ballina,All Airlines,Apr-13,141,140,1,109,119,31,21,2013,4
Sydney-Brisbane,Sydney,Brisbane,All Airlines,Apr-13,1293,1257,36,1033,899,224,358,2013,4
Sydney-Cairns,Sydney,Cairns,All Airlines,Apr-13,296,292,4,238,242,54,50,2013,4
Sydney-Canberra,Sydney,Canberra,All Airlines,Apr-13,824,805,19,663,657,142,148,2013,4
Sydney-Coffs Harbour,Sydney,Coffs Harbour,All Airlines,Apr-13,229,228,1,166,169,62,59,2013,4
Sydney-Darwin,Sydney,Darwin,All Airlines,Apr-13,107,107,0,81,87,26,20,2013,4
Sydney-Dubbo,Sydney,Dubbo,All Airlines,Apr-13,274,274,0,213,213,61,61,2013,4
Sydney-Gold Coast,Sydney,Gold Coast,All Airlines,Apr-13,812,789,23,674,671,115,118,2013,4
Sydney-Hamilton Island,Sydney,Hamilton Island,All Airlines,Apr-13,59,59,0,47,39,12,20,2013,4
Sydney-Hobart,Sydney,Hobart,All Airlines,Apr-13,174,174,0,149,142,25,32,2013,4
Sydney-Launceston,Sydney,Launceston,All Airlines,Apr-13,87,87,0,64,63,23,24,2013,4
Sydney-Melbourne,Sydney,Melbourne,All Airlines,Apr-13,2102,2038,64,1732,1689,306,349,2013,4
Sydney-Perth,Sydney,Perth,All Airlines,Apr-13,362,361,1,297,301,64,60,2013,4
Sydney-Port Macquarie,Sydney,Port Macquarie,All Airlines,Apr-13,194,193,1,142,136,51,57,2013,4
Sydney-Sunshine Coast,Sydney,Sunshine Coast,All Airlines,Apr-13,148,144,4,121,121,23,23,2013,4
Sydney-Townsville,Sydney,Townsville,All Airlines,Apr-13,59,59,0,48,50,11,9,2013,4
Sydney-Wagga Wagga,Sydney,Wagga Wagga,All Airlines,Apr-13,242,242,0,196,182,46,60,2013,4
Townsville-Brisbane,Townsville,Brisbane,All Airlines,Apr-13,343,343,0,274,273,69,70,2013,4
Townsville-Cairns,Townsville,Cairns,All Airlines,Apr-13,207,200,7,163,157,37,43,2013,4
Townsville-Sydney,Townsville,Sydney,All Airlines,Apr-13,59,59,0,38,41,21,18,2013,4
Wagga Wagga-Sydney,Wagga Wagga,Sydney,All Airlines,Apr-13,241,239,2,198,189,41,50,2013,4
Adelaide-Brisbane,Adelaide,Brisbane,All Airlines,May-13,247,246,1,217,197,29,49,2013,5
Adelaide-Canberra,Adelaide,Canberra,All Airlines,May-13,99,98,1,90,93,8,5,2013,5
Adelaide-Gold Coast,Adelaide,Gold Coast,All Airlines,May-13,62,62,0,58,61,4,1,2013,5
Adelaide-Melbourne,Adelaide,Melbourne,All Airlines,May-13,716,707,9,638,628,69,79,2013,5
Adelaide-Perth,Adelaide,Perth,All Airlines,May-13,206,206,0,169,168,37,38,2013,5
Adelaide-Port Lincoln,Adelaide,Port Lincoln,All Airlines,May-13,315,312,3,289,285,23,27,2013,5
Adelaide-Sydney,Adelaide,Sydney,All Airlines,May-13,531,526,5,459,461,67,65,2013,5
Albury-Sydney,Albury,Sydney,All Airlines,May-13,292,287,5,209,209,78,78,2013,5
Ayers Rock-Sydney,Ayers Rock,Sydney,All Airlines,May-13,62,62,0,45,48,17,14,2013,5
Ballina-Sydney,Ballina,Sydney,All Airlines,May-13,109,108,1,96,92,12,16,2013,5
Brisbane-Adelaide,Brisbane,Adelaide,All Airlines,May-13,246,246,0,217,222,29,24,2013,5
Brisbane-Cairns,Brisbane,Cairns,All Airlines,May-13,372,370,2,304,317,66,53,2013,5
Brisbane-Canberra,Brisbane,Canberra,All Airlines,May-13,267,266,1,222,227,44,39,2013,5
Brisbane-Darwin,Brisbane,Darwin,All Airlines,May-13,62,62,0,48,48,14,14,2013,5
Brisbane-Emerald,Brisbane,Emerald,All Airlines,May-13,292,279,13,253,241,26,38,2013,5
Brisbane-Gladstone,Brisbane,Gladstone,All Airlines,May-13,386,365,21,311,308,54,57,2013,5
Brisbane-Hamilton Island,Brisbane,Hamilton Island,All Airlines,May-13,48,48,0,42,42,6,6,2013,5
Brisbane-Mackay,Brisbane,Mackay,All Airlines,May-13,375,374,1,315,319,59,55,2013,5
Brisbane-Melbourne,Brisbane,Melbourne,All Airlines,May-13,962,953,9,791,781,162,172,2013,5
Brisbane-Mount Isa,Brisbane,Mount Isa,All Airlines,May-13,81,81,0,73,73,8,8,2013,5
Brisbane-Newcastle,Brisbane,Newcastle,All Airlines,May-13,255,255,0,199,182,56,73,2013,5
Brisbane-Perth,Brisbane,Perth,All Airlines,May-13,232,232,0,178,189,54,43,2013,5
Brisbane-Proserpine,Brisbane,Proserpine,All Airlines,May-13,76,76,0,65,60,11,16,2013,5
Brisbane-Rockhampton,Brisbane,Rockhampton,All Airlines,May-13,437,428,9,358,357,70,71,2013,5
Brisbane-Sydney,Brisbane,Sydney,All Airlines,May-13,1326,1289,37,1007,997,282,292,2013,5
Brisbane-Townsville,Brisbane,Townsville,All Airlines,May-13,355,355,0,294,305,61,50,2013,5
Broome-Perth,Broome,Perth,All Airlines,May-13,171,170,1,127,136,43,34,2013,5
Cairns-Brisbane,Cairns,Brisbane,All Airlines,May-13,374,374,0,313,275,61,99,2013,5
Cairns-Melbourne,Cairns,Melbourne,All Airlines,May-13,156,156,0,137,129,19,27,2013,5
Cairns-Sydney,Cairns,Sydney,All Airlines,May-13,279,277,2,243,234,34,43,2013,5
Cairns-Townsville,Cairns,Townsville,All Airlines,May-13,217,211,6,188,187,23,24,2013,5
Canberra-Adelaide,Canberra,Adelaide,All Airlines,May-13,103,102,1,91,93,11,9,2013,5
Canberra-Brisbane,Canberra,Brisbane,All Airlines,May-13,267,267,0,236,217,31,50,2013,5
Canberra-Melbourne,Canberra,Melbourne,All Airlines,May-13,493,482,11,420,419,62,63,2013,5
Canberra-Sydney,Canberra,Sydney,All Airlines,May-13,900,857,43,718,700,139,157,2013,5
Coffs Harbour-Sydney,Coffs Harbour,Sydney,All Airlines,May-13,237,232,5,171,182,61,50,2013,5
Darwin-Brisbane,Darwin,Brisbane,All Airlines,May-13,62,61,1,41,43,20,18,2013,5
Darwin-Melbourne,Darwin,Melbourne,All Airlines,May-13,52,52,0,41,42,11,10,2013,5
Darwin-Perth,Darwin,Perth,All Airlines,May-13,58,58,0,52,56,6,2,2013,5
Darwin-Sydney,Darwin,Sydney,All Airlines,May-13,109,107,2,77,89,30,18,2013,5
Dubbo-Sydney,Dubbo,Sydney,All Airlines,May-13,292,290,2,231,218,59,72,2013,5
Emerald-Brisbane,Emerald,Brisbane,All Airlines,May-13,293,278,15,237,232,41,46,2013,5
Geraldton-Perth,Geraldton,Perth,All Airlines,May-13,145,145,0,120,119,25,26,2013,5
Gladstone-Brisbane,Gladstone,Brisbane,All Airlines,May-13,410,384,26,321,299,63,85,2013,5
Gold Coast-Adelaide,Gold Coast,Adelaide,All Airlines,May-13,61,61,0,57,55,4,6,2013,5
Gold Coast-Melbourne,Gold Coast,Melbourne,All Airlines,May-13,363,362,1,312,307,50,55,2013,5
Gold Coast-Sydney,Gold Coast,Sydney,All Airlines,May-13,670,656,14,525,526,131,130,2013,5
Hamilton Island-Brisbane,Hamilton Island,Brisbane,All Airlines,May-13,48,47,1,41,39,6,8,2013,5
Hamilton Island-Sydney,Hamilton Island,Sydney,All Airlines,May-13,53,53,0,42,43,11,10,2013,5
Hobart-Melbourne,Hobart,Melbourne,All Airlines,May-13,395,394,1,335,337,59,57,2013,5
Hobart-Sydney,Hobart,Sydney,All Airlines,May-13,139,139,0,107,111,32,28,2013,5
Kalgoorlie-Perth,Kalgoorlie,Perth,All Airlines,May-13,152,152,0,137,131,15,21,2013,5
Karratha-Perth,Karratha,Perth,All Airlines,May-13,318,305,13,262,270,43,35,2013,5
Launceston-Melbourne,Launceston,Melbourne,All Airlines,May-13,335,329,6,277,262,52,67,2013,5
Launceston-Sydney,Launceston,Sydney,All Airlines,May-13,72,72,0,47,47,25,25,2013,5
Mackay-Brisbane,Mackay,Brisbane,All Airlines,May-13,375,374,1,289,266,85,108,2013,5
Melbourne-Adelaide,Melbourne,Adelaide,All Airlines,May-13,718,713,5,639,634,74,79,2013,5
Melbourne-Brisbane,Melbourne,Brisbane,All Airlines,May-13,960,949,11,796,677,153,272,2013,5
Melbourne-Cairns,Melbourne,Cairns,All Airlines,May-13,156,156,0,142,145,14,11,2013,5
Melbourne-Canberra,Melbourne,Canberra,All Airlines,May-13,493,481,12,427,420,54,61,2013,5
Melbourne-Darwin,Melbourne,Darwin,All Airlines,May-13,52,52,0,44,41,8,11,2013,5
Melbourne-Gold Coast,Melbourne,Gold Coast,All Airlines,May-13,364,364,0,281,288,83,76,2013,5
Melbourne-Hobart,Melbourne,Hobart,All Airlines,May-13,393,393,0,341,334,52,59,2013,5
Melbourne-Launceston,Melbourne,Launceston,All Airlines,May-13,335,329,6,294,283,35,46,2013,5
Melbourne-Mildura,Melbourne,Mildura,All Airlines,May-13,209,209,0,185,179,24,30,2013,5
Melbourne-Newcastle,Melbourne,Newcastle,All Airlines,May-13,128,128,0,113,110,15,18,2013,5
Melbourne-Perth,Melbourne,Perth,All Airlines,May-13,497,496,1,449,427,47,69,2013,5
Melbourne-Sunshine Coast,Melbourne,Sunshine Coast,All Airlines,May-13,98,98,0,69,77,29,21,2013,5
Melbourne-Sydney,Melbourne,Sydney,All Airlines,May-13,2187,2111,76,1774,1742,337,369,2013,5
Mildura-Melbourne,Mildura,Melbourne,All Airlines,May-13,210,210,0,181,170,29,40,2013,5
Mount Isa-Brisbane,Mount Isa,Brisbane,All Airlines,May-13,81,81,0,70,61,11,20,2013,5
Newcastle-Brisbane,Newcastle,Brisbane,All Airlines,May-13,255,255,0,178,162,77,93,2013,5
Newcastle-Melbourne,Newcastle,Melbourne,All Airlines,May-13,128,128,0,106,104,22,24,2013,5
Newman-Perth,Newman,Perth,All Airlines,May-13,225,222,3,186,189,36,33,2013,5
Perth-Adelaide,Perth,Adelaide,All Airlines,May-13,212,211,1,190,204,21,7,2013,5
Perth-Brisbane,Perth,Brisbane,All Airlines,May-13,232,232,0,207,199,25,33,2013,5
Perth-Broome,Perth,Broome,All Airlines,May-13,171,170,1,154,146,16,24,2013,5
Perth-Darwin,Perth,Darwin,All Airlines,May-13,58,58,0,53,54,5,4,2013,5
Perth-Geraldton,Perth,Geraldton,All Airlines,May-13,146,146,0,128,121,18,25,2013,5
Perth-Kalgoorlie,Perth,Kalgoorlie,All Airlines,May-13,149,149,0,138,134,11,15,2013,5
Perth-Karratha,Perth,Karratha,All Airlines,May-13,318,307,11,277,266,30,41,2013,5
Perth-Melbourne,Perth,Melbourne,All Airlines,May-13,497,496,1,436,442,60,54,2013,5
Perth-Newman,Perth,Newman,All Airlines,May-13,229,226,3,202,196,24,30,2013,5
Perth-Port Hedland,Perth,Port Hedland,All Airlines,May-13,236,233,3,214,204,19,29,2013,5
Perth-Sydney,Perth,Sydney,All Airlines,May-13,361,360,1,289,312,71,48,2013,5
Port Hedland-Perth,Port Hedland,Perth,All Airlines,May-13,236,232,4,193,196,39,36,2013,5
Port Lincoln-Adelaide,Port Lincoln,Adelaide,All Airlines,May-13,315,312,3,288,286,24,26,2013,5
Port Macquarie-Sydney,Port Macquarie,Sydney,All Airlines,May-13,203,199,4,140,135,59,64,2013,5
Proserpine-Brisbane,Proserpine,Brisbane,All Airlines,May-13,76,76,0,67,49,9,27,2013,5
Rockhampton-Brisbane,Rockhampton,Brisbane,All Airlines,May-13,416,406,10,339,319,67,87,2013,5
Sunshine Coast-Melbourne,Sunshine Coast,Melbourne,All Airlines,May-13,98,98,0,66,72,32,26,2013,5
Sunshine Coast-Sydney,Sunshine Coast,Sydney,All Airlines,May-13,119,118,1,97,99,21,19,2013,5
Sydney-Adelaide,Sydney,Adelaide,All Airlines,May-13,520,517,3,446,451,71,66,2013,5
Sydney-Albury,Sydney,Albury,All Airlines,May-13,291,288,3,217,211,71,77,2013,5
Sydney-Ayers Rock,Sydney,Ayers Rock,All Airlines,May-13,62,62,0,49,44,13,18,2013,5
Sydney-Ballina,Sydney,Ballina,All Airlines,May-13,116,116,0,97,102,19,14,2013,5
Sydney-Brisbane,Sydney,Brisbane,All Airlines,May-13,1298,1265,33,1069,899,196,366,2013,5
Sydney-Cairns,Sydney,Cairns,All Airlines,May-13,281,280,1,234,243,46,37,2013,5
Sydney-Canberra,Sydney,Canberra,All Airlines,May-13,903,863,40,722,713,141,150,2013,5
Sydney-Coffs Harbour,Sydney,Coffs Harbour,All Airlines,May-13,237,233,4,183,175,50,58,2013,5
Sydney-Darwin,Sydney,Darwin,All Airlines,May-13,111,111,0,90,76,21,35,2013,5
Sydney-Dubbo,Sydney,Dubbo,All Airlines,May-13,289,288,1,222,212,66,76,2013,5
Sydney-Gold Coast,Sydney,Gold Coast,All Airlines,May-13,668,656,12,543,548,113,108,2013,5
Sydney-Hamilton Island,Sydney,Hamilton Island,All Airlines,May-13,53,53,0,45,44,8,9,2013,5
Sydney-Hobart,Sydney,Hobart,All Airlines,May-13,140,140,0,119,119,21,21,2013,5
Sydney-Launceston,Sydney,Launceston,All Airlines,May-13,72,72,0,54,52,18,20,2013,5
Sydney-Melbourne,Sydney,Melbourne,All Airlines,May-13,2190,2109,81,1827,1814,282,295,2013,5
Sydney-Perth,Sydney,Perth,All Airlines,May-13,366,366,0,302,275,64,91,2013,5
Sydney-Port Macquarie,Sydney,Port Macquarie,All Airlines,May-13,201,198,3,155,140,43,58,2013,5
Sydney-Sunshine Coast,Sydney,Sunshine Coast,All Airlines,May-13,118,118,0,103,105,15,13,2013,5
Sydney-Townsville,Sydney,Townsville,All Airlines,May-13,53,53,0,45,43,8,10,2013,5
Sydney-Wagga Wagga,Sydney,Wagga Wagga,All Airlines,May-13,260,257,3,219,215,38,42,2013,5
Townsville-Brisbane,Townsville,Brisbane,All Airlines,May-13,356,356,0,304,272,52,84,2013,5
Townsville-Cairns,Townsville,Cairns,All Airlines,May-13,218,214,4,176,177,38,37,2013,5
Townsville-Sydney,Townsville,Sydney,All Airlines,May-13,53,53,0,37,38,16,15,2013,5
Wagga Wagga-Sydney,Wagga Wagga,Sydney,All Airlines,May-13,260,257,3,223,207,34,50,2013,5
Adelaide-Brisbane,Adelaide,Brisbane,All Airlines,Jun-13,233,232,1,198,175,34,57,2013,6
Adelaide-Canberra,Adelaide,Canberra,All Airlines,Jun-13,89,88,1,73,79,15,9,2013,6
Adelaide-Gold Coast,Adelaide,Gold Coast,All Airlines,Jun-13,64,63,1,57,58,6,5,2013,6
Adelaide-Melbourne,Adelaide,Melbourne,All Airlines,Jun-13,680,673,7,604,593,69,80,2013,6
Adelaide-Perth,Adelaide,Perth,All Airlines,Jun-13,191,190,1,152,165,38,25,2013,6
Adelaide-Port Lincoln,Adelaide,Port Lincoln,All Airlines,Jun-13,292,290,2,269,268,21,22,2013,6
Adelaide-Sydney,Adelaide,Sydney,All Airlines,Jun-13,507,500,7,424,431,76,69,2013,6
Albury-Sydney,Albury,Sydney,All Airlines,Jun-13,274,270,4,176,164,94,106,2013,6
Ayers Rock-Sydney,Ayers Rock,Sydney,All Airlines,Jun-13,33,33,0,20,25,13,8,2013,6
Ballina-Sydney,Ballina,Sydney,All Airlines,Jun-13,118,118,0,88,79,30,39,2013,6
Brisbane-Adelaide,Brisbane,Adelaide,All Airlines,Jun-13,234,234,0,182,196,52,38,2013,6
Brisbane-Cairns,Brisbane,Cairns,All Airlines,Jun-13,377,375,2,272,287,103,88,2013,6
Brisbane-Canberra,Brisbane,Canberra,All Airlines,Jun-13,260,258,2,223,222,35,36,2013,6
Brisbane-Darwin,Brisbane,Darwin,All Airlines,Jun-13,60,60,0,37,33,23,27,2013,6
Brisbane-Emerald,Brisbane,Emerald,All Airlines,Jun-13,270,262,8,223,192,39,70,2013,6
Brisbane-Gladstone,Brisbane,Gladstone,All Airlines,Jun-13,358,349,9,269,265,80,84,2013,6
Brisbane-Hamilton Island,Brisbane,Hamilton Island,All Airlines,Jun-13,48,48,0,43,41,5,7,2013,6
Brisbane-Mackay,Brisbane,Mackay,All Airlines,Jun-13,355,354,1,272,266,82,88,2013,6
Brisbane-Melbourne,Brisbane,Melbourne,All Airlines,Jun-13,934,924,10,732,711,192,213,2013,6
Brisbane-Mount Isa,Brisbane,Mount Isa,All Airlines,Jun-13,75,75,0,70,62,5,13,2013,6
Brisbane-Newcastle,Brisbane,Newcastle,All Airlines,Jun-13,238,236,2,177,155,59,81,2013,6
Brisbane-Perth,Brisbane,Perth,All Airlines,Jun-13,225,225,0,181,192,44,33,2013,6
Brisbane-Proserpine,Brisbane,Proserpine,All Airlines,Jun-13,69,69,0,50,45,19,24,2013,6
Brisbane-Rockhampton,Brisbane,Rockhampton,All Airlines,Jun-13,413,403,10,308,303,95,100,2013,6
Brisbane-Sydney,Brisbane,Sydney,All Airlines,Jun-13,1291,1259,32,969,949,290,310,2013,6
Brisbane-Townsville,Brisbane,Townsville,All Airlines,Jun-13,333,332,1,255,265,77,67,2013,6
Broome-Perth,Broome,Perth,All Airlines,Jun-13,163,157,6,113,120,44,37,2013,6
Cairns-Brisbane,Cairns,Brisbane,All Airlines,Jun-13,379,376,3,277,246,99,130,2013,6
Cairns-Melbourne,Cairns,Melbourne,All Airlines,Jun-13,185,185,0,133,146,52,39,2013,6
Cairns-Sydney,Cairns,Sydney,All Airlines,Jun-13,283,281,2,224,232,57,49,2013,6
Cairns-Townsville,Cairns,Townsville,All Airlines,Jun-13,203,198,5,177,177,21,21,2013,6
Canberra-Adelaide,Canberra,Adelaide,All Airlines,Jun-13,94,93,1,83,82,10,11,2013,6
Canberra-Brisbane,Canberra,Brisbane,All Airlines,Jun-13,260,258,2,203,196,55,62,2013,6
Canberra-Melbourne,Canberra,Melbourne,All Airlines,Jun-13,453,446,7,377,372,69,74,2013,6
Canberra-Sydney,Canberra,Sydney,All Airlines,Jun-13,830,795,35,614,596,181,199,2013,6
Coffs Harbour-Sydney,Coffs Harbour,Sydney,All Airlines,Jun-13,225,225,0,154,164,71,61,2013,6
Darwin-Brisbane,Darwin,Brisbane,All Airlines,Jun-13,60,60,0,25,35,35,25,2013,6
Darwin-Melbourne,Darwin,Melbourne,All Airlines,Jun-13,54,54,0,38,44,16,10,2013,6
Darwin-Perth,Darwin,Perth,All Airlines,Jun-13,55,55,0,45,50,10,5,2013,6
Darwin-Sydney,Darwin,Sydney,All Airlines,Jun-13,111,110,1,75,92,35,18,2013,6
Dubbo-Sydney,Dubbo,Sydney,All Airlines,Jun-13,270,263,7,179,162,84,101,2013,6
Emerald-Brisbane,Emerald,Brisbane,All Airlines,Jun-13,270,257,13,190,191,67,66,2013,6
Geraldton-Perth,Geraldton,Perth,All Airlines,Jun-13,144,141,3,119,114,22,27,2013,6
Gladstone-Brisbane,Gladstone,Brisbane,All Airlines,Jun-13,378,368,10,267,245,101,123,2013,6
Gold Coast-Adelaide,Gold Coast,Adelaide,All Airlines,Jun-13,67,66,1,59,59,7,7,2013,6
Gold Coast-Melbourne,Gold Coast,Melbourne,All Airlines,Jun-13,391,387,4,325,315,62,72,2013,6
Gold Coast-Sydney,Gold Coast,Sydney,All Airlines,Jun-13,703,686,17,536,538,150,148,2013,6
Hamilton Island-Brisbane,Hamilton Island,Brisbane,All Airlines,Jun-13,48,48,0,40,39,8,9,2013,6
Hamilton Island-Sydney,Hamilton Island,Sydney,All Airlines,Jun-13,58,58,0,42,48,16,10,2013,6
Hobart-Melbourne,Hobart,Melbourne,All Airlines,Jun-13,386,386,0,311,311,75,75,2013,6
Hobart-Sydney,Hobart,Sydney,All Airlines,Jun-13,139,138,1,106,105,32,33,2013,6
Kalgoorlie-Perth,Kalgoorlie,Perth,All Airlines,Jun-13,138,137,1,119,113,18,24,2013,6
Karratha-Perth,Karratha,Perth,All Airlines,Jun-13,291,272,19,244,242,28,30,2013,6
Launceston-Melbourne,Launceston,Melbourne,All Airlines,Jun-13,328,315,13,255,240,60,75,2013,6
Launceston-Sydney,Launceston,Sydney,All Airlines,Jun-13,77,76,1,48,49,28,27,2013,6
Mackay-Brisbane,Mackay,Brisbane,All Airlines,Jun-13,356,355,1,239,227,116,128,2013,6
Melbourne-Adelaide,Melbourne,Adelaide,All Airlines,Jun-13,678,672,6,574,589,98,83,2013,6
Melbourne-Brisbane,Melbourne,Brisbane,All Airlines,Jun-13,934,923,11,727,632,196,291,2013,6
Melbourne-Cairns,Melbourne,Cairns,All Airlines,Jun-13,184,184,0,146,147,38,37,2013,6
Melbourne-Canberra,Melbourne,Canberra,All Airlines,Jun-13,453,448,5,387,372,61,76,2013,6
Melbourne-Darwin,Melbourne,Darwin,All Airlines,Jun-13,54,54,0,38,39,16,15,2013,6
Melbourne-Gold Coast,Melbourne,Gold Coast,All Airlines,Jun-13,393,390,3,305,317,85,73,2013,6
Melbourne-Hobart,Melbourne,Hobart,All Airlines,Jun-13,384,383,1,324,315,59,68,2013,6
Melbourne-Launceston,Melbourne,Launceston,All Airlines,Jun-13,327,314,13,261,258,53,56,2013,6
Melbourne-Mildura,Melbourne,Mildura,All Airlines,Jun-13,196,196,0,174,171,22,25,2013,6
Melbourne-Newcastle,Melbourne,Newcastle,All Airlines,Jun-13,132,131,1,97,95,34,36,2013,6
Melbourne-Perth,Melbourne,Perth,All Airlines,Jun-13,482,476,6,387,405,89,71,2013,6
Melbourne-Sunshine Coast,Melbourne,Sunshine Coast,All Airlines,Jun-13,114,113,1,78,84,35,29,2013,6
Melbourne-Sydney,Melbourne,Sydney,All Airlines,Jun-13,2075,1988,87,1663,1604,325,384,2013,6
Mildura-Melbourne,Mildura,Melbourne,All Airlines,Jun-13,196,195,1,166,161,29,34,2013,6
Mount Isa-Brisbane,Mount Isa,Brisbane,All Airlines,Jun-13,75,75,0,56,55,19,20,2013,6
Newcastle-Brisbane,Newcastle,Brisbane,All Airlines,Jun-13,236,234,2,147,133,87,101,2013,6
Newcastle-Melbourne,Newcastle,Melbourne,All Airlines,Jun-13,132,131,1,89,91,42,40,2013,6
Newman-Perth,Newman,Perth,All Airlines,Jun-13,205,199,6,165,163,34,36,2013,6
Perth-Adelaide,Perth,Adelaide,All Airlines,Jun-13,193,192,1,166,174,26,18,2013,6
Perth-Brisbane,Perth,Brisbane,All Airlines,Jun-13,227,225,2,181,187,44,38,2013,6
Perth-Broome,Perth,Broome,All Airlines,Jun-13,164,159,5,133,137,26,22,2013,6
Perth-Darwin,Perth,Darwin,All Airlines,Jun-13,55,55,0,52,49,3,6,2013,6
Perth-Geraldton,Perth,Geraldton,All Airlines,Jun-13,148,144,4,125,127,19,17,2013,6
Perth-Kalgoorlie,Perth,Kalgoorlie,All Airlines,Jun-13,138,137,1,121,120,16,17,2013,6
Perth-Karratha,Perth,Karratha,All Airlines,Jun-13,291,273,18,251,251,22,22,2013,6
Perth-Melbourne,Perth,Melbourne,All Airlines,Jun-13,483,473,10,392,404,81,69,2013,6
Perth-Newman,Perth,Newman,All Airlines,Jun-13,205,199,6,169,176,30,23,2013,6
Perth-Port Hedland,Perth,Port Hedland,All Airlines,Jun-13,210,202,8,182,183,20,19,2013,6
Perth-Sydney,Perth,Sydney,All Airlines,Jun-13,341,341,0,293,299,48,42,2013,6
Port Hedland-Perth,Port Hedland,Perth,All Airlines,Jun-13,211,201,10,174,177,27,24,2013,6
Port Lincoln-Adelaide,Port Lincoln,Adelaide,All Airlines,Jun-13,292,290,2,266,261,24,29,2013,6
Port Macquarie-Sydney,Port Macquarie,Sydney,All Airlines,Jun-13,189,183,6,120,121,63,62,2013,6
Proserpine-Brisbane,Proserpine,Brisbane,All Airlines,Jun-13,70,70,0,43,39,27,31,2013,6
Rockhampton-Brisbane,Rockhampton,Brisbane,All Airlines,Jun-13,393,381,12,276,267,105,114,2013,6
Sunshine Coast-Melbourne,Sunshine Coast,Melbourne,All Airlines,Jun-13,114,113,1,70,74,43,39,2013,6
Sunshine Coast-Sydney,Sunshine Coast,Sydney,All Airlines,Jun-13,128,126,2,105,105,21,21,2013,6
Sydney-Adelaide,Sydney,Adelaide,All Airlines,Jun-13,496,490,6,420,424,70,66,2013,6
Sydney-Albury,Sydney,Albury,All Airlines,Jun-13,273,272,1,179,169,93,103,2013,6
Sydney-Ayers Rock,Sydney,Ayers Rock,All Airlines,Jun-13,33,33,0,27,23,6,10,2013,6
Sydney-Ballina,Sydney,Ballina,All Airlines,Jun-13,121,121,0,94,103,27,18,2013,6
Sydney-Brisbane,Sydney,Brisbane,All Airlines,Jun-13,1262,1232,30,1001,827,231,405,2013,6
Sydney-Cairns,Sydney,Cairns,All Airlines,Jun-13,283,282,1,229,232,53,50,2013,6
Sydney-Canberra,Sydney,Canberra,All Airlines,Jun-13,836,803,33,611,626,192,177,2013,6
Sydney-Coffs Harbour,Sydney,Coffs Harbour,All Airlines,Jun-13,225,225,0,152,147,73,78,2013,6
Sydney-Darwin,Sydney,Darwin,All Airlines,Jun-13,112,112,0,93,83,19,29,2013,6
Sydney-Dubbo,Sydney,Dubbo,All Airlines,Jun-13,263,259,4,176,175,83,84,2013,6
Sydney-Gold Coast,Sydney,Gold Coast,All Airlines,Jun-13,704,688,16,555,547,133,141,2013,6
Sydney-Hamilton Island,Sydney,Hamilton Island,All Airlines,Jun-13,58,58,0,50,48,8,10,2013,6
Sydney-Hobart,Sydney,Hobart,All Airlines,Jun-13,140,139,1,116,117,23,22,2013,6
Sydney-Launceston,Sydney,Launceston,All Airlines,Jun-13,76,75,1,50,51,25,24,2013,6
Sydney-Melbourne,Sydney,Melbourne,All Airlines,Jun-13,2075,1985,90,1655,1667,330,318,2013,6
Sydney-Perth,Sydney,Perth,All Airlines,Jun-13,344,344,0,272,297,72,47,2013,6
Sydney-Port Macquarie,Sydney,Port Macquarie,All Airlines,Jun-13,190,186,4,124,110,62,76,2013,6
Sydney-Sunshine Coast,Sydney,Sunshine Coast,All Airlines,Jun-13,127,125,2,109,111,16,14,2013,6
Sydney-Townsville,Sydney,Townsville,All Airlines,Jun-13,54,54,0,40,40,14,14,2013,6
Sydney-Wagga Wagga,Sydney,Wagga Wagga,All Airlines,Jun-13,240,239,1,173,166,66,73,2013,6
Townsville-Brisbane,Townsville,Brisbane,All Airlines,Jun-13,334,333,1,273,251,60,82,2013,6
Townsville-Cairns,Townsville,Cairns,All Airlines,Jun-13,202,196,6,165,162,31,34,2013,6
Townsville-Sydney,Townsville,Sydney,All Airlines,Jun-13,53,53,0,29,28,24,25,2013,6
Wagga Wagga-Sydney,Wagga Wagga,Sydney,All Airlines,Jun-13,238,237,1,172,172,65,65,2013,6
Adelaide-Brisbane,Adelaide,Brisbane,All Airlines,Jul-13,255,253,2,182,167,71,86,2013,7
Adelaide-Canberra,Adelaide,Canberra,All Airlines,Jul-13,93,91,2,76,78,15,13,2013,7
Adelaide-Gold Coast,Adelaide,Gold Coast,All Airlines,Jul-13,72,68,4,54,58,14,10,2013,7
Adelaide-Melbourne,Adelaide,Melbourne,All Airlines,Jul-13,771,757,14,601,604,156,153,2013,7
Adelaide-Perth,Adelaide,Perth,All Airlines,Jul-13,220,217,3,181,173,36,44,2013,7
Adelaide-Port Lincoln,Adelaide,Port Lincoln,All Airlines,Jul-13,312,302,10,277,265,25,37,2013,7
Adelaide-Sydney,Adelaide,Sydney,All Airlines,Jul-13,546,540,6,423,470,117,70,2013,7
Albury-Sydney,Albury,Sydney,All Airlines,Jul-13,292,289,3,198,192,91,97,2013,7
Alice Springs-Melbourne,Alice Springs,Melbourne,All Airlines,Jul-13,49,49,0,20,28,29,21,2013,7
Ayers Rock-Sydney,Ayers Rock,Sydney,All Airlines,Jul-13,48,48,0,31,36,17,12,2013,7
Ballina-Sydney,Ballina,Sydney,All Airlines,Jul-13,128,126,2,94,85,32,41,2013,7
Brisbane-Adelaide,Brisbane,Adelaide,All Airlines,Jul-13,256,255,1,186,208,69,47,2013,7
Brisbane-Bundaberg,Brisbane,Bundaberg,All Airlines,Jul-13,156,155,1,114,114,41,41,2013,7
Brisbane-Cairns,Brisbane,Cairns,All Airlines,Jul-13,430,429,1,300,321,129,108,2013,7
Brisbane-Canberra,Brisbane,Canberra,All Airlines,Jul-13,267,265,2,213,214,52,51,2013,7
Brisbane-Darwin,Brisbane,Darwin,All Airlines,Jul-13,71,71,0,47,47,24,24,2013,7
Brisbane-Emerald,Brisbane,Emerald,All Airlines,Jul-13,297,284,13,242,224,42,60,2013,7
Brisbane-Gladstone,Brisbane,Gladstone,All Airlines,Jul-13,389,375,14,285,279,90,96,2013,7
Brisbane-Hamilton Island,Brisbane,Hamilton Island,All Airlines,Jul-13,48,48,0,38,40,10,8,2013,7
Brisbane-Mackay,Brisbane,Mackay,All Airlines,Jul-13,393,386,7,305,315,81,71,2013,7
Brisbane-Melbourne,Brisbane,Melbourne,All Airlines,Jul-13,1016,1006,10,732,690,274,316,2013,7
Brisbane-Moranbah,Brisbane,Moranbah,All Airlines,Jul-13,262,238,24,189,179,49,59,2013,7
Brisbane-Mount Isa,Brisbane,Mount Isa,All Airlines,Jul-13,81,81,0,68,69,13,12,2013,7
Brisbane-Newcastle,Brisbane,Newcastle,All Airlines,Jul-13,274,272,2,212,201,60,71,2013,7
Brisbane-Perth,Brisbane,Perth,All Airlines,Jul-13,238,238,0,172,180,66,58,2013,7
Brisbane-Proserpine,Brisbane,Proserpine,All Airlines,Jul-13,85,85,0,58,53,27,32,2013,7
Brisbane-Rockhampton,Brisbane,Rockhampton,All Airlines,Jul-13,442,434,8,324,326,110,108,2013,7
Brisbane-Sydney,Brisbane,Sydney,All Airlines,Jul-13,1385,1348,37,993,987,355,361,2013,7
Brisbane-Townsville,Brisbane,Townsville,All Airlines,Jul-13,353,352,1,265,286,87,66,2013,7
Broome-Perth,Broome,Perth,All Airlines,Jul-13,173,172,1,114,125,58,47,2013,7
Bundaberg-Brisbane,Bundaberg,Brisbane,All Airlines,Jul-13,156,155,1,104,101,51,54,2013,7
Cairns-Brisbane,Cairns,Brisbane,All Airlines,Jul-13,428,425,3,305,252,120,173,2013,7
Cairns-Melbourne,Cairns,Melbourne,All Airlines,Jul-13,242,242,0,176,173,66,69,2013,7
Cairns-Sydney,Cairns,Sydney,All Airlines,Jul-13,315,314,1,252,249,62,65,2013,7
Cairns-Townsville,Cairns,Townsville,All Airlines,Jul-13,215,211,4,177,180,34,31,2013,7
Canberra-Adelaide,Canberra,Adelaide,All Airlines,Jul-13,97,95,2,82,79,13,16,2013,7
Canberra-Brisbane,Canberra,Brisbane,All Airlines,Jul-13,267,263,4,212,206,51,57,2013,7
Canberra-Melbourne,Canberra,Melbourne,All Airlines,Jul-13,490,471,19,385,378,86,93,2013,7
Canberra-Sydney,Canberra,Sydney,All Airlines,Jul-13,891,837,54,675,699,162,138,2013,7
Coffs Harbour-Sydney,Coffs Harbour,Sydney,All Airlines,Jul-13,239,237,2,181,181,56,56,2013,7
Darwin-Brisbane,Darwin,Brisbane,All Airlines,Jul-13,70,70,0,35,38,35,32,2013,7
Darwin-Melbourne,Darwin,Melbourne,All Airlines,Jul-13,62,62,0,40,40,22,22,2013,7
Darwin-Perth,Darwin,Perth,All Airlines,Jul-13,58,58,0,43,52,15,6,2013,7
Darwin-Sydney,Darwin,Sydney,All Airlines,Jul-13,120,120,0,84,98,36,22,2013,7
Dubbo-Sydney,Dubbo,Sydney,All Airlines,Jul-13,294,294,0,239,228,55,66,2013,7
Emerald-Brisbane,Emerald,Brisbane,All Airlines,Jul-13,297,284,13,213,208,71,76,2013,7
Geraldton-Perth,Geraldton,Perth,All Airlines,Jul-13,167,159,8,134,124,25,35,2013,7
Gladstone-Brisbane,Gladstone,Brisbane,All Airlines,Jul-13,412,398,14,272,234,126,164,2013,7
Gold Coast-Adelaide,Gold Coast,Adelaide,All Airlines,Jul-13,70,68,2,59,59,9,9,2013,7
Gold Coast-Melbourne,Gold Coast,Melbourne,All Airlines,Jul-13,448,446,2,337,328,109,118,2013,7
Gold Coast-Sydney,Gold Coast,Sydney,All Airlines,Jul-13,790,767,23,612,626,155,141,2013,7
Hamilton Island-Brisbane,Hamilton Island,Brisbane,All Airlines,Jul-13,48,48,0,34,31,14,17,2013,7
Hamilton Island-Sydney,Hamilton Island,Sydney,All Airlines,Jul-13,62,62,0,40,42,22,20,2013,7
Hobart-Melbourne,Hobart,Melbourne,All Airlines,Jul-13,439,431,8,349,336,82,95,2013,7
Hobart-Sydney,Hobart,Sydney,All Airlines,Jul-13,161,160,1,126,130,34,30,2013,7
Kalgoorlie-Perth,Kalgoorlie,Perth,All Airlines,Jul-13,149,149,0,123,117,26,32,2013,7
Karratha-Perth,Karratha,Perth,All Airlines,Jul-13,338,325,13,281,275,44,50,2013,7
Launceston-Melbourne,Launceston,Melbourne,All Airlines,Jul-13,355,345,10,248,245,97,100,2013,7
Launceston-Sydney,Launceston,Sydney,All Airlines,Jul-13,80,79,1,51,56,28,23,2013,7
Mackay-Brisbane,Mackay,Brisbane,All Airlines,Jul-13,393,384,9,263,231,121,153,2013,7
Melbourne-Adelaide,Melbourne,Adelaide,All Airlines,Jul-13,771,760,11,642,622,118,138,2013,7
Melbourne-Alice Springs,Melbourne,Alice Springs,All Airlines,Jul-13,49,49,0,40,32,9,17,2013,7
Melbourne-Brisbane,Melbourne,Brisbane,All Airlines,Jul-13,1015,1007,8,687,588,320,419,2013,7
Melbourne-Cairns,Melbourne,Cairns,All Airlines,Jul-13,243,243,0,182,186,61,57,2013,7
Melbourne-Canberra,Melbourne,Canberra,All Airlines,Jul-13,490,469,21,380,382,89,87,2013,7
Melbourne-Darwin,Melbourne,Darwin,All Airlines,Jul-13,62,62,0,46,39,16,23,2013,7
Melbourne-Gold Coast,Melbourne,Gold Coast,All Airlines,Jul-13,448,446,2,314,328,132,118,2013,7
Melbourne-Hobart,Melbourne,Hobart,All Airlines,Jul-13,439,431,8,346,348,85,83,2013,7
Melbourne-Launceston,Melbourne,Launceston,All Airlines,Jul-13,354,346,8,268,269,78,77,2013,7
Melbourne-Mildura,Melbourne,Mildura,All Airlines,Jul-13,208,207,1,172,147,35,60,2013,7
Melbourne-Newcastle,Melbourne,Newcastle,All Airlines,Jul-13,137,137,0,105,110,32,27,2013,7
Melbourne-Perth,Melbourne,Perth,All Airlines,Jul-13,521,517,4,411,384,106,133,2013,7
Melbourne-Sunshine Coast,Melbourne,Sunshine Coast,All Airlines,Jul-13,129,128,1,90,92,38,36,2013,7
Melbourne-Sydney,Melbourne,Sydney,All Airlines,Jul-13,2274,2192,82,1736,1789,456,403,2013,7
Mildura-Melbourne,Mildura,Melbourne,All Airlines,Jul-13,208,207,1,163,158,44,49,2013,7
Moranbah-Brisbane,Moranbah,Brisbane,All Airlines,Jul-13,262,237,25,161,133,76,104,2013,7
Mount Isa-Brisbane,Mount Isa,Brisbane,All Airlines,Jul-13,81,81,0,61,49,20,32,2013,7
Newcastle-Brisbane,Newcastle,Brisbane,All Airlines,Jul-13,274,272,2,173,162,99,110,2013,7
Newcastle-Melbourne,Newcastle,Melbourne,All Airlines,Jul-13,138,137,1,109,107,28,30,2013,7
Newman-Perth,Newman,Perth,All Airlines,Jul-13,226,224,2,196,185,28,39,2013,7
Perth-Adelaide,Perth,Adelaide,All Airlines,Jul-13,221,219,2,173,195,46,24,2013,7
Perth-Brisbane,Perth,Brisbane,All Airlines,Jul-13,239,238,1,176,188,62,50,2013,7
Perth-Broome,Perth,Broome,All Airlines,Jul-13,173,172,1,145,149,27,23,2013,7
Perth-Darwin,Perth,Darwin,All Airlines,Jul-13,58,58,0,52,51,6,7,2013,7
Perth-Geraldton,Perth,Geraldton,All Airlines,Jul-13,163,155,8,126,122,29,33,2013,7
Perth-Kalgoorlie,Perth,Kalgoorlie,All Airlines,Jul-13,148,148,0,128,126,20,22,2013,7
Perth-Karratha,Perth,Karratha,All Airlines,Jul-13,338,326,12,297,298,29,28,2013,7
Perth-Melbourne,Perth,Melbourne,All Airlines,Jul-13,522,517,5,387,420,130,97,2013,7
Perth-Newman,Perth,Newman,All Airlines,Jul-13,226,224,2,201,205,23,19,2013,7
Perth-Port Hedland,Perth,Port Hedland,All Airlines,Jul-13,233,231,2,211,215,20,16,2013,7
Perth-Sydney,Perth,Sydney,All Airlines,Jul-13,367,367,0,276,321,91,46,2013,7
Port Hedland-Perth,Port Hedland,Perth,All Airlines,Jul-13,233,229,4,205,195,24,34,2013,7
Port Lincoln-Adelaide,Port Lincoln,Adelaide,All Airlines,Jul-13,311,300,11,268,260,32,40,2013,7
Port Macquarie-Sydney,Port Macquarie,Sydney,All Airlines,Jul-13,201,194,7,139,129,55,65,2013,7
Proserpine-Brisbane,Proserpine,Brisbane,All Airlines,Jul-13,85,85,0,51,30,34,55,2013,7
Rockhampton-Brisbane,Rockhampton,Brisbane,All Airlines,Jul-13,424,416,8,290,251,126,165,2013,7
Sunshine Coast-Melbourne,Sunshine Coast,Melbourne,All Airlines,Jul-13,130,129,1,83,82,46,47,2013,7
Sunshine Coast-Sydney,Sunshine Coast,Sydney,All Airlines,Jul-13,135,133,2,114,118,19,15,2013,7
Sydney-Adelaide,Sydney,Adelaide,All Airlines,Jul-13,539,536,3,430,414,106,122,2013,7
Sydney-Albury,Sydney,Albury,All Airlines,Jul-13,291,288,3,192,178,96,110,2013,7
Sydney-Ayers Rock,Sydney,Ayers Rock,All Airlines,Jul-13,48,48,0,39,32,9,16,2013,7
Sydney-Ballina,Sydney,Ballina,All Airlines,Jul-13,132,132,0,111,104,21,28,2013,7
Sydney-Brisbane,Sydney,Brisbane,All Airlines,Jul-13,1357,1323,34,1045,843,278,480,2013,7
Sydney-Cairns,Sydney,Cairns,All Airlines,Jul-13,314,313,1,267,275,46,38,2013,7
Sydney-Canberra,Sydney,Canberra,All Airlines,Jul-13,896,847,49,673,663,174,184,2013,7
Sydney-Coffs Harbour,Sydney,Coffs Harbour,All Airlines,Jul-13,239,237,2,174,170,63,67,2013,7
Sydney-Darwin,Sydney,Darwin,All Airlines,Jul-13,119,119,0,98,99,21,20,2013,7
Sydney-Dubbo,Sydney,Dubbo,All Airlines,Jul-13,289,289,0,245,231,44,58,2013,7
Sydney-Gold Coast,Sydney,Gold Coast,All Airlines,Jul-13,790,771,19,611,609,160,162,2013,7
Sydney-Hamilton Island,Sydney,Hamilton Island,All Airlines,Jul-13,61,61,0,45,45,16,16,2013,7
Sydney-Hobart,Sydney,Hobart,All Airlines,Jul-13,159,158,1,133,134,25,24,2013,7
Sydney-Launceston,Sydney,Launceston,All Airlines,Jul-13,79,78,1,64,58,14,20,2013,7
Sydney-Melbourne,Sydney,Melbourne,All Airlines,Jul-13,2278,2197,81,1865,1710,332,487,2013,7
Sydney-Perth,Sydney,Perth,All Airlines,Jul-13,372,372,0,320,266,52,106,2013,7
Sydney-Port Macquarie,Sydney,Port Macquarie,All Airlines,Jul-13,201,194,7,134,136,60,58,2013,7
Sydney-Sunshine Coast,Sydney,Sunshine Coast,All Airlines,Jul-13,135,134,1,123,120,11,14,2013,7
Sydney-Townsville,Sydney,Townsville,All Airlines,Jul-13,56,56,0,44,41,12,15,2013,7
Sydney-Wagga Wagga,Sydney,Wagga Wagga,All Airlines,Jul-13,255,250,5,196,185,54,65,2013,7
Townsville-Brisbane,Townsville,Brisbane,All Airlines,Jul-13,353,351,2,275,234,76,117,2013,7
Townsville-Cairns,Townsville,Cairns,All Airlines,Jul-13,215,212,3,161,158,51,54,2013,7
Townsville-Sydney,Townsville,Sydney,All Airlines,Jul-13,56,55,1,28,30,27,25,2013,7
Wagga Wagga-Sydney,Wagga Wagga,Sydney,All Airlines,Jul-13,255,251,4,196,190,55,61,2013,7
Adelaide-Brisbane,Adelaide,Brisbane,All Airlines,Aug-13,245,242,3,189,199,53,43,2013,8
Adelaide-Canberra,Adelaide,Canberra,All Airlines,Aug-13,95,94,1,85,87,9,7,2013,8
Adelaide-Gold Coast,Adelaide,Gold Coast,All Airlines,Aug-13,72,70,2,61,69,9,1,2013,8
Adelaide-Melbourne,Adelaide,Melbourne,All Airlines,Aug-13,735,725,10,608,606,117,119,2013,8
Adelaide-Perth,Adelaide,Perth,All Airlines,Aug-13,206,206,0,174,159,32,47,2013,8
Adelaide-Port Lincoln,Adelaide,Port Lincoln,All Airlines,Aug-13,319,317,2,291,276,26,41,2013,8
Adelaide-Sydney,Adelaide,Sydney,All Airlines,Aug-13,530,524,6,441,484,83,40,2013,8
Albury-Sydney,Albury,Sydney,All Airlines,Aug-13,293,292,1,208,214,84,78,2013,8
Alice Springs-Melbourne,Alice Springs,Melbourne,All Airlines,Aug-13,49,48,1,29,31,19,17,2013,8
Alice Springs-Sydney,Alice Springs,Sydney,All Airlines,Aug-13,49,49,0,24,37,25,12,2013,8
Ayers Rock-Sydney,Ayers Rock,Sydney,All Airlines,Aug-13,49,49,0,33,40,16,9,2013,8
Ballina-Sydney,Ballina,Sydney,All Airlines,Aug-13,105,105,0,86,81,19,24,2013,8
Brisbane-Adelaide,Brisbane,Adelaide,All Airlines,Aug-13,244,243,1,201,179,42,64,2013,8
Brisbane-Bundaberg,Brisbane,Bundaberg,All Airlines,Aug-13,155,155,0,133,132,22,23,2013,8
Brisbane-Cairns,Brisbane,Cairns,All Airlines,Aug-13,420,417,3,359,365,58,52,2013,8
Brisbane-Canberra,Brisbane,Canberra,All Airlines,Aug-13,258,255,3,233,229,22,26,2013,8
Brisbane-Darwin,Brisbane,Darwin,All Airlines,Aug-13,71,71,0,46,52,25,19,2013,8
Brisbane-Emerald,Brisbane,Emerald,All Airlines,Aug-13,296,280,16,253,247,27,33,2013,8
Brisbane-Gladstone,Brisbane,Gladstone,All Airlines,Aug-13,380,370,10,314,308,56,62,2013,8
Brisbane-Hamilton Island,Brisbane,Hamilton Island,All Airlines,Aug-13,49,49,0,44,45,5,4,2013,8
Brisbane-Mackay,Brisbane,Mackay,All Airlines,Aug-13,390,381,9,342,341,39,40,2013,8
Brisbane-Melbourne,Brisbane,Melbourne,All Airlines,Aug-13,990,981,9,823,660,158,321,2013,8
Brisbane-Moranbah,Brisbane,Moranbah,All Airlines,Aug-13,243,235,8,211,196,24,39,2013,8
Brisbane-Mount Isa,Brisbane,Mount Isa,All Airlines,Aug-13,79,79,0,71,72,8,7,2013,8
Brisbane-Newcastle,Brisbane,Newcastle,All Airlines,Aug-13,268,267,1,226,201,41,66,2013,8
Brisbane-Perth,Brisbane,Perth,All Airlines,Aug-13,234,234,0,186,170,48,64,2013,8
Brisbane-Proserpine,Brisbane,Proserpine,All Airlines,Aug-13,84,84,0,77,75,7,9,2013,8
Brisbane-Rockhampton,Brisbane,Rockhampton,All Airlines,Aug-13,430,419,11,345,355,74,64,2013,8
Brisbane-Sydney,Brisbane,Sydney,All Airlines,Aug-13,1373,1333,40,1097,1054,236,279,2013,8
Brisbane-Townsville,Brisbane,Townsville,All Airlines,Aug-13,348,347,1,309,315,38,32,2013,8
Broome-Perth,Broome,Perth,All Airlines,Aug-13,177,174,3,123,129,51,45,2013,8
Bundaberg-Brisbane,Bundaberg,Brisbane,All Airlines,Aug-13,155,155,0,126,118,29,37,2013,8
Cairns-Brisbane,Cairns,Brisbane,All Airlines,Aug-13,420,418,2,355,320,63,98,2013,8
Cairns-Melbourne,Cairns,Melbourne,All Airlines,Aug-13,225,222,3,176,159,46,63,2013,8
Cairns-Sydney,Cairns,Sydney,All Airlines,Aug-13,308,307,1,272,263,35,44,2013,8
Cairns-Townsville,Cairns,Townsville,All Airlines,Aug-13,210,210,0,201,199,9,11,2013,8
Canberra-Adelaide,Canberra,Adelaide,All Airlines,Aug-13,100,98,2,89,84,9,14,2013,8
Canberra-Brisbane,Canberra,Brisbane,All Airlines,Aug-13,258,255,3,225,233,30,22,2013,8
Canberra-Melbourne,Canberra,Melbourne,All Airlines,Aug-13,481,474,7,406,375,68,99,2013,8
Canberra-Sydney,Canberra,Sydney,All Airlines,Aug-13,843,821,22,699,718,122,103,2013,8
Coffs Harbour-Sydney,Coffs Harbour,Sydney,All Airlines,Aug-13,239,239,0,183,181,56,58,2013,8
Darwin-Brisbane,Darwin,Brisbane,All Airlines,Aug-13,71,71,0,52,53,19,18,2013,8
Darwin-Melbourne,Darwin,Melbourne,All Airlines,Aug-13,61,61,0,49,46,12,15,2013,8
Darwin-Perth,Darwin,Perth,All Airlines,Aug-13,57,57,0,53,56,4,1,2013,8
Darwin-Sydney,Darwin,Sydney,All Airlines,Aug-13,119,119,0,96,95,23,24,2013,8
Dubbo-Sydney,Dubbo,Sydney,All Airlines,Aug-13,290,288,2,220,212,68,76,2013,8
Emerald-Brisbane,Emerald,Brisbane,All Airlines,Aug-13,295,280,15,240,237,40,43,2013,8
Geraldton-Perth,Geraldton,Perth,All Airlines,Aug-13,158,156,2,131,124,25,32,2013,8
Gladstone-Brisbane,Gladstone,Brisbane,All Airlines,Aug-13,402,392,10,318,297,74,95,2013,8
Gold Coast-Adelaide,Gold Coast,Adelaide,All Airlines,Aug-13,71,68,3,64,58,4,10,2013,8
Gold Coast-Melbourne,Gold Coast,Melbourne,All Airlines,Aug-13,417,416,1,353,299,63,117,2013,8
Gold Coast-Sydney,Gold Coast,Sydney,All Airlines,Aug-13,747,731,16,648,633,83,98,2013,8
Hamilton Island-Brisbane,Hamilton Island,Brisbane,All Airlines,Aug-13,49,49,0,43,41,6,8,2013,8
Hamilton Island-Sydney,Hamilton Island,Sydney,All Airlines,Aug-13,61,60,1,50,51,10,9,2013,8
Hobart-Melbourne,Hobart,Melbourne,All Airlines,Aug-13,430,427,3,329,311,98,116,2013,8
Hobart-Sydney,Hobart,Sydney,All Airlines,Aug-13,142,142,0,118,124,24,18,2013,8
Kalgoorlie-Perth,Kalgoorlie,Perth,All Airlines,Aug-13,152,150,2,121,115,29,35,2013,8
Karratha-Perth,Karratha,Perth,All Airlines,Aug-13,329,312,17,286,273,26,39,2013,8
Launceston-Melbourne,Launceston,Melbourne,All Airlines,Aug-13,341,339,2,273,249,66,90,2013,8
Launceston-Sydney,Launceston,Sydney,All Airlines,Aug-13,78,78,0,56,56,22,22,2013,8
Mackay-Brisbane,Mackay,Brisbane,All Airlines,Aug-13,390,380,10,328,290,52,90,2013,8
Melbourne-Adelaide,Melbourne,Adelaide,All Airlines,Aug-13,735,727,8,626,607,101,120,2013,8
Melbourne-Alice Springs,Melbourne,Alice Springs,All Airlines,Aug-13,49,48,1,42,35,6,13,2013,8
Melbourne-Brisbane,Melbourne,Brisbane,All Airlines,Aug-13,987,980,7,722,730,258,250,2013,8
Melbourne-Cairns,Melbourne,Cairns,All Airlines,Aug-13,226,224,2,184,194,40,30,2013,8
Melbourne-Canberra,Melbourne,Canberra,All Airlines,Aug-13,481,476,5,398,402,78,74,2013,8
Melbourne-Darwin,Melbourne,Darwin,All Airlines,Aug-13,61,61,0,49,51,12,10,2013,8
Melbourne-Gold Coast,Melbourne,Gold Coast,All Airlines,Aug-13,416,414,2,305,326,109,88,2013,8
Melbourne-Hobart,Melbourne,Hobart,All Airlines,Aug-13,430,428,2,327,312,101,116,2013,8
Melbourne-Launceston,Melbourne,Launceston,All Airlines,Aug-13,342,340,2,283,274,57,66,2013,8
Melbourne-Mildura,Melbourne,Mildura,All Airlines,Aug-13,207,207,0,185,173,22,34,2013,8
Melbourne-Newcastle,Melbourne,Newcastle,All Airlines,Aug-13,137,137,0,96,103,41,34,2013,8
Melbourne-Perth,Melbourne,Perth,All Airlines,Aug-13,505,498,7,404,313,94,185,2013,8
Melbourne-Sunshine Coast,Melbourne,Sunshine Coast,All Airlines,Aug-13,124,124,0,98,103,26,21,2013,8
Melbourne-Sydney,Melbourne,Sydney,All Airlines,Aug-13,2181,2118,63,1719,1773,399,345,2013,8
Mildura-Melbourne,Mildura,Melbourne,All Airlines,Aug-13,207,207,0,183,175,24,32,2013,8
Moranbah-Brisbane,Moranbah,Brisbane,All Airlines,Aug-13,244,236,8,193,176,43,60,2013,8
Mount Isa-Brisbane,Mount Isa,Brisbane,All Airlines,Aug-13,79,78,1,64,59,14,19,2013,8
Newcastle-Brisbane,Newcastle,Brisbane,All Airlines,Aug-13,268,266,2,200,204,66,62,2013,8
Newcastle-Melbourne,Newcastle,Melbourne,All Airlines,Aug-13,137,137,0,104,92,33,45,2013,8
Newman-Perth,Newman,Perth,All Airlines,Aug-13,212,208,4,187,172,21,36,2013,8
Perth-Adelaide,Perth,Adelaide,All Airlines,Aug-13,212,212,0,186,200,26,12,2013,8
Perth-Brisbane,Perth,Brisbane,All Airlines,Aug-13,233,233,0,183,198,50,35,2013,8
Perth-Broome,Perth,Broome,All Airlines,Aug-13,178,176,2,143,149,33,27,2013,8
Perth-Darwin,Perth,Darwin,All Airlines,Aug-13,57,57,0,51,49,6,8,2013,8
Perth-Geraldton,Perth,Geraldton,All Airlines,Aug-13,157,155,2,131,123,24,32,2013,8
Perth-Kalgoorlie,Perth,Kalgoorlie,All Airlines,Aug-13,156,154,2,133,138,21,16,2013,8
Perth-Karratha,Perth,Karratha,All Airlines,Aug-13,329,317,12,299,302,18,15,2013,8
Perth-Melbourne,Perth,Melbourne,All Airlines,Aug-13,505,498,7,354,408,144,90,2013,8
Perth-Newman,Perth,Newman,All Airlines,Aug-13,212,209,3,188,192,21,17,2013,8
Perth-Port Hedland,Perth,Port Hedland,All Airlines,Aug-13,226,224,2,211,211,13,13,2013,8
Perth-Sydney,Perth,Sydney,All Airlines,Aug-13,356,355,1,271,325,84,30,2013,8
Port Hedland-Perth,Port Hedland,Perth,All Airlines,Aug-13,226,223,3,208,200,15,23,2013,8
Port Lincoln-Adelaide,Port Lincoln,Adelaide,All Airlines,Aug-13,320,319,1,279,272,40,47,2013,8
Port Macquarie-Sydney,Port Macquarie,Sydney,All Airlines,Aug-13,198,197,1,130,119,67,78,2013,8
Proserpine-Brisbane,Proserpine,Brisbane,All Airlines,Aug-13,84,84,0,69,64,15,20,2013,8
Rockhampton-Brisbane,Rockhampton,Brisbane,All Airlines,Aug-13,412,399,13,329,303,70,96,2013,8
Sunshine Coast-Melbourne,Sunshine Coast,Melbourne,All Airlines,Aug-13,123,122,1,86,68,36,54,2013,8
Sunshine Coast-Sydney,Sunshine Coast,Sydney,All Airlines,Aug-13,122,122,0,107,104,15,18,2013,8
Sydney-Adelaide,Sydney,Adelaide,All Airlines,Aug-13,520,517,3,446,413,71,104,2013,8
Sydney-Albury,Sydney,Albury,All Airlines,Aug-13,293,292,1,211,180,81,112,2013,8
Sydney-Alice Springs,Sydney,Alice Springs,All Airlines,Aug-13,49,49,0,46,41,3,8,2013,8
Sydney-Ayers Rock,Sydney,Ayers Rock,All Airlines,Aug-13,47,47,0,43,40,4,7,2013,8
Sydney-Ballina,Sydney,Ballina,All Airlines,Aug-13,105,105,0,94,94,11,11,2013,8
Sydney-Brisbane,Sydney,Brisbane,All Airlines,Aug-13,1340,1307,33,1140,1033,167,274,2013,8
Sydney-Cairns,Sydney,Cairns,All Airlines,Aug-13,307,306,1,269,284,37,22,2013,8
Sydney-Canberra,Sydney,Canberra,All Airlines,Aug-13,847,825,22,686,684,139,141,2013,8
Sydney-Coffs Harbour,Sydney,Coffs Harbour,All Airlines,Aug-13,239,239,0,182,179,57,60,2013,8
Sydney-Darwin,Sydney,Darwin,All Airlines,Aug-13,118,118,0,98,108,20,10,2013,8
Sydney-Dubbo,Sydney,Dubbo,All Airlines,Aug-13,283,281,2,220,203,61,78,2013,8
Sydney-Gold Coast,Sydney,Gold Coast,All Airlines,Aug-13,748,734,14,642,658,92,76,2013,8
Sydney-Hamilton Island,Sydney,Hamilton Island,All Airlines,Aug-13,60,60,0,52,56,8,4,2013,8
Sydney-Hobart,Sydney,Hobart,All Airlines,Aug-13,141,141,0,127,126,14,15,2013,8
Sydney-Launceston,Sydney,Launceston,All Airlines,Aug-13,77,77,0,64,60,13,17,2013,8
Sydney-Melbourne,Sydney,Melbourne,All Airlines,Aug-13,2180,2121,59,1859,1664,262,457,2013,8
Sydney-Perth,Sydney,Perth,All Airlines,Aug-13,358,357,1,296,208,61,149,2013,8
Sydney-Port Macquarie,Sydney,Port Macquarie,All Airlines,Aug-13,198,197,1,144,135,53,62,2013,8
Sydney-Sunshine Coast,Sydney,Sunshine Coast,All Airlines,Aug-13,120,120,0,111,113,9,7,2013,8
Sydney-Townsville,Sydney,Townsville,All Airlines,Aug-13,54,54,0,44,46,10,8,2013,8
Sydney-Wagga Wagga,Sydney,Wagga Wagga,All Airlines,Aug-13,255,255,0,200,184,55,71,2013,8
Townsville-Brisbane,Townsville,Brisbane,All Airlines,Aug-13,348,347,1,318,295,29,52,2013,8
Townsville-Cairns,Townsville,Cairns,All Airlines,Aug-13,212,211,1,187,188,24,23,2013,8
Townsville-Sydney,Townsville,Sydney,All Airlines,Aug-13,54,54,0,41,42,13,12,2013,8
Wagga Wagga-Sydney,Wagga Wagga,Sydney,All Airlines,Aug-13,256,255,1,201,201,54,54,2013,8
Adelaide-Brisbane,Adelaide,Brisbane,All Airlines,Sep-13,238,238,0,192,191,46,47,2013,9
Adelaide-Canberra,Adelaide,Canberra,All Airlines,Sep-13,93,91,2,78,86,13,5,2013,9
Adelaide-Gold Coast,Adelaide,Gold Coast,All Airlines,Sep-13,70,70,0,59,64,11,6,2013,9
Adelaide-Melbourne,Adelaide,Melbourne,All Airlines,Sep-13,732,721,11,599,621,122,100,2013,9
Adelaide-Perth,Adelaide,Perth,All Airlines,Sep-13,203,202,1,174,150,28,52,2013,9
Adelaide-Port Lincoln,Adelaide,Port Lincoln,All Airlines,Sep-13,307,306,1,282,269,24,37,2013,9
Adelaide-Sydney,Adelaide,Sydney,All Airlines,Sep-13,552,541,11,465,489,76,52,2013,9
Albury-Sydney,Albury,Sydney,All Airlines,Sep-13,282,282,0,197,197,85,85,2013,9
Alice Springs-Melbourne,Alice Springs,Melbourne,All Airlines,Sep-13,46,46,0,30,34,16,12,2013,9
Alice Springs-Sydney,Alice Springs,Sydney,All Airlines,Sep-13,46,46,0,32,37,14,9,2013,9
Ayers Rock-Sydney,Ayers Rock,Sydney,All Airlines,Sep-13,47,47,0,37,40,10,7,2013,9
Ballina-Sydney,Ballina,Sydney,All Airlines,Sep-13,133,131,2,98,94,33,37,2013,9
Brisbane-Adelaide,Brisbane,Adelaide,All Airlines,Sep-13,238,238,0,202,208,36,30,2013,9
Brisbane-Bundaberg,Brisbane,Bundaberg,All Airlines,Sep-13,150,148,2,117,124,31,24,2013,9
Brisbane-Cairns,Brisbane,Cairns,All Airlines,Sep-13,406,402,4,328,354,74,48,2013,9
Brisbane-Canberra,Brisbane,Canberra,All Airlines,Sep-13,254,254,0,228,223,26,31,2013,9
Brisbane-Darwin,Brisbane,Darwin,All Airlines,Sep-13,69,69,0,51,56,18,13,2013,9
Brisbane-Emerald,Brisbane,Emerald,All Airlines,Sep-13,286,279,7,254,243,25,36,2013,9
Brisbane-Gladstone,Brisbane,Gladstone,All Airlines,Sep-13,364,355,9,307,307,48,48,2013,9
Brisbane-Hamilton Island,Brisbane,Hamilton Island,All Airlines,Sep-13,48,48,0,39,43,9,5,2013,9
Brisbane-Mackay,Brisbane,Mackay,All Airlines,Sep-13,381,373,8,326,341,47,32,2013,9
Brisbane-Melbourne,Brisbane,Melbourne,All Airlines,Sep-13,977,965,12,795,743,170,222,2013,9
Brisbane-Moranbah,Brisbane,Moranbah,All Airlines,Sep-13,231,220,11,203,192,17,28,2013,9
Brisbane-Mount Isa,Brisbane,Mount Isa,All Airlines,Sep-13,77,77,0,65,71,12,6,2013,9
Brisbane-Newcastle,Brisbane,Newcastle,All Airlines,Sep-13,265,262,3,206,183,56,79,2013,9
Brisbane-Perth,Brisbane,Perth,All Airlines,Sep-13,236,236,0,194,184,42,52,2013,9
Brisbane-Proserpine,Brisbane,Proserpine,All Airlines,Sep-13,81,81,0,62,66,19,15,2013,9
Brisbane-Rockhampton,Brisbane,Rockhampton,All Airlines,Sep-13,418,414,4,356,365,58,49,2013,9
Brisbane-Sydney,Brisbane,Sydney,All Airlines,Sep-13,1356,1329,27,1084,1038,245,291,2013,9
Brisbane-Townsville,Brisbane,Townsville,All Airlines,Sep-13,340,338,2,288,310,50,28,2013,9
Broome-Perth,Broome,Perth,All Airlines,Sep-13,170,169,1,123,123,46,46,2013,9
Bundaberg-Brisbane,Bundaberg,Brisbane,All Airlines,Sep-13,150,149,1,122,103,27,46,2013,9
Cairns-Brisbane,Cairns,Brisbane,All Airlines,Sep-13,406,404,2,346,307,58,97,2013,9
Cairns-Melbourne,Cairns,Melbourne,All Airlines,Sep-13,231,223,8,184,172,39,51,2013,9
Cairns-Sydney,Cairns,Sydney,All Airlines,Sep-13,311,309,2,279,269,30,40,2013,9
Cairns-Townsville,Cairns,Townsville,All Airlines,Sep-13,206,201,5,184,186,17,15,2013,9
Canberra-Adelaide,Canberra,Adelaide,All Airlines,Sep-13,97,97,0,88,81,9,16,2013,9
Canberra-Brisbane,Canberra,Brisbane,All Airlines,Sep-13,254,253,1,228,232,25,21,2013,9
Canberra-Melbourne,Canberra,Melbourne,All Airlines,Sep-13,456,452,4,402,389,50,63,2013,9
Canberra-Sydney,Canberra,Sydney,All Airlines,Sep-13,840,801,39,688,698,113,103,2013,9
Coffs Harbour-Sydney,Coffs Harbour,Sydney,All Airlines,Sep-13,233,231,2,158,164,73,67,2013,9
Darwin-Brisbane,Darwin,Brisbane,All Airlines,Sep-13,69,69,0,49,47,20,22,2013,9
Darwin-Melbourne,Darwin,Melbourne,All Airlines,Sep-13,75,75,0,54,55,21,20,2013,9
Darwin-Perth,Darwin,Perth,All Airlines,Sep-13,56,56,0,41,48,15,8,2013,9
Darwin-Sydney,Darwin,Sydney,All Airlines,Sep-13,108,106,2,80,81,26,25,2013,9
Dubbo-Sydney,Dubbo,Sydney,All Airlines,Sep-13,281,278,3,210,202,68,76,2013,9
Emerald-Brisbane,Emerald,Brisbane,All Airlines,Sep-13,286,277,9,236,230,41,47,2013,9
Geraldton-Perth,Geraldton,Perth,All Airlines,Sep-13,155,155,0,124,112,31,43,2013,9
Gladstone-Brisbane,Gladstone,Brisbane,All Airlines,Sep-13,385,374,11,320,288,54,86,2013,9
Gold Coast-Adelaide,Gold Coast,Adelaide,All Airlines,Sep-13,70,70,0,62,66,8,4,2013,9
Gold Coast-Melbourne,Gold Coast,Melbourne,All Airlines,Sep-13,460,454,6,369,347,85,107,2013,9
Gold Coast-Sydney,Gold Coast,Sydney,All Airlines,Sep-13,820,792,28,660,659,132,133,2013,9
Hamilton Island-Brisbane,Hamilton Island,Brisbane,All Airlines,Sep-13,48,48,0,41,38,7,10,2013,9
Hamilton Island-Sydney,Hamilton Island,Sydney,All Airlines,Sep-13,60,60,0,42,42,18,18,2013,9
Hobart-Melbourne,Hobart,Melbourne,All Airlines,Sep-13,429,423,6,338,331,85,92,2013,9
Hobart-Sydney,Hobart,Sydney,All Airlines,Sep-13,169,167,2,131,133,36,34,2013,9
Kalgoorlie-Perth,Kalgoorlie,Perth,All Airlines,Sep-13,141,141,0,120,114,21,27,2013,9
Karratha-Perth,Karratha,Perth,All Airlines,Sep-13,319,312,7,276,266,36,46,2013,9
Launceston-Melbourne,Launceston,Melbourne,All Airlines,Sep-13,354,342,12,278,252,64,90,2013,9
Launceston-Sydney,Launceston,Sydney,All Airlines,Sep-13,82,82,0,54,53,28,29,2013,9
Mackay-Brisbane,Mackay,Brisbane,All Airlines,Sep-13,381,372,9,302,273,70,99,2013,9
Melbourne-Adelaide,Melbourne,Adelaide,All Airlines,Sep-13,734,727,7,622,612,105,115,2013,9
Melbourne-Alice Springs,Melbourne,Alice Springs,All Airlines,Sep-13,46,46,0,40,39,6,7,2013,9
Melbourne-Brisbane,Melbourne,Brisbane,All Airlines,Sep-13,979,966,13,736,734,230,232,2013,9
Melbourne-Cairns,Melbourne,Cairns,All Airlines,Sep-13,230,224,6,180,191,44,33,2013,9
Melbourne-Canberra,Melbourne,Canberra,All Airlines,Sep-13,456,453,3,398,404,55,49,2013,9
Melbourne-Darwin,Melbourne,Darwin,All Airlines,Sep-13,75,75,0,58,64,17,11,2013,9
Melbourne-Gold Coast,Melbourne,Gold Coast,All Airlines,Sep-13,460,455,5,316,328,139,127,2013,9
Melbourne-Hobart,Melbourne,Hobart,All Airlines,Sep-13,430,425,5,344,335,81,90,2013,9
Melbourne-Launceston,Melbourne,Launceston,All Airlines,Sep-13,354,341,13,278,287,63,54,2013,9
Melbourne-Mildura,Melbourne,Mildura,All Airlines,Sep-13,202,201,1,178,166,23,35,2013,9
Melbourne-Newcastle,Melbourne,Newcastle,All Airlines,Sep-13,131,130,1,101,104,29,26,2013,9
Melbourne-Perth,Melbourne,Perth,All Airlines,Sep-13,521,515,6,399,331,116,184,2013,9
Melbourne-Sunshine Coast,Melbourne,Sunshine Coast,All Airlines,Sep-13,133,132,1,112,111,20,21,2013,9
Melbourne-Sydney,Melbourne,Sydney,All Airlines,Sep-13,2194,2107,87,1727,1768,380,339,2013,9
Mildura-Melbourne,Mildura,Melbourne,All Airlines,Sep-13,202,201,1,179,177,22,24,2013,9
Moranbah-Brisbane,Moranbah,Brisbane,All Airlines,Sep-13,223,213,10,182,146,31,67,2013,9
Mount Isa-Brisbane,Mount Isa,Brisbane,All Airlines,Sep-13,77,76,1,66,61,10,15,2013,9
Newcastle-Brisbane,Newcastle,Brisbane,All Airlines,Sep-13,265,262,3,183,183,79,79,2013,9
Newcastle-Melbourne,Newcastle,Melbourne,All Airlines,Sep-13,134,133,1,98,93,35,40,2013,9
Newman-Perth,Newman,Perth,All Airlines,Sep-13,208,205,3,181,174,24,31,2013,9
Perth-Adelaide,Perth,Adelaide,All Airlines,Sep-13,208,206,2,161,186,45,20,2013,9
Perth-Brisbane,Perth,Brisbane,All Airlines,Sep-13,236,235,1,181,196,54,39,2013,9
Perth-Broome,Perth,Broome,All Airlines,Sep-13,167,167,0,140,141,27,26,2013,9
Perth-Darwin,Perth,Darwin,All Airlines,Sep-13,56,56,0,51,52,5,4,2013,9
Perth-Geraldton,Perth,Geraldton,All Airlines,Sep-13,151,151,0,132,119,19,32,2013,9
Perth-Kalgoorlie,Perth,Kalgoorlie,All Airlines,Sep-13,138,138,0,125,122,13,16,2013,9
Perth-Karratha,Perth,Karratha,All Airlines,Sep-13,319,312,7,289,282,23,30,2013,9
Perth-Melbourne,Perth,Melbourne,All Airlines,Sep-13,521,513,8,371,413,142,100,2013,9
Perth-Newman,Perth,Newman,All Airlines,Sep-13,208,204,4,184,182,20,22,2013,9
Perth-Port Hedland,Perth,Port Hedland,All Airlines,Sep-13,217,216,1,200,199,16,17,2013,9
Perth-Sydney,Perth,Sydney,All Airlines,Sep-13,356,356,0,269,317,87,39,2013,9
Port Hedland-Perth,Port Hedland,Perth,All Airlines,Sep-13,218,217,1,196,186,21,31,2013,9
Port Lincoln-Adelaide,Port Lincoln,Adelaide,All Airlines,Sep-13,308,306,2,272,276,34,30,2013,9
Port Macquarie-Sydney,Port Macquarie,Sydney,All Airlines,Sep-13,192,188,4,132,117,56,71,2013,9
Proserpine-Brisbane,Proserpine,Brisbane,All Airlines,Sep-13,81,81,0,69,57,12,24,2013,9
Rockhampton-Brisbane,Rockhampton,Brisbane,All Airlines,Sep-13,397,395,2,334,306,61,89,2013,9
Sunshine Coast-Melbourne,Sunshine Coast,Melbourne,All Airlines,Sep-13,133,133,0,101,93,32,40,2013,9
Sunshine Coast-Sydney,Sunshine Coast,Sydney,All Airlines,Sep-13,135,135,0,113,112,22,23,2013,9
Sydney-Adelaide,Sydney,Adelaide,All Airlines,Sep-13,543,535,8,446,446,89,89,2013,9
Sydney-Albury,Sydney,Albury,All Airlines,Sep-13,282,282,0,212,177,70,105,2013,9
Sydney-Alice Springs,Sydney,Alice Springs,All Airlines,Sep-13,46,46,0,43,42,3,4,2013,9
Sydney-Ayers Rock,Sydney,Ayers Rock,All Airlines,Sep-13,47,47,0,38,40,9,7,2013,9
Sydney-Ballina,Sydney,Ballina,All Airlines,Sep-13,137,136,1,115,114,21,22,2013,9
Sydney-Brisbane,Sydney,Brisbane,All Airlines,Sep-13,1325,1299,26,1085,992,214,307,2013,9
Sydney-Cairns,Sydney,Cairns,All Airlines,Sep-13,312,311,1,282,292,29,19,2013,9
Sydney-Canberra,Sydney,Canberra,All Airlines,Sep-13,847,813,34,674,664,139,149,2013,9
Sydney-Coffs Harbour,Sydney,Coffs Harbour,All Airlines,Sep-13,233,232,1,168,157,64,75,2013,9
Sydney-Darwin,Sydney,Darwin,All Airlines,Sep-13,108,107,1,91,96,16,11,2013,9
Sydney-Dubbo,Sydney,Dubbo,All Airlines,Sep-13,279,278,1,226,205,52,73,2013,9
Sydney-Gold Coast,Sydney,Gold Coast,All Airlines,Sep-13,821,796,25,659,664,137,132,2013,9
Sydney-Hamilton Island,Sydney,Hamilton Island,All Airlines,Sep-13,60,60,0,46,50,14,10,2013,9
Sydney-Hobart,Sydney,Hobart,All Airlines,Sep-13,169,169,0,143,141,26,28,2013,9
Sydney-Launceston,Sydney,Launceston,All Airlines,Sep-13,81,81,0,57,56,24,25,2013,9
Sydney-Melbourne,Sydney,Melbourne,All Airlines,Sep-13,2191,2100,91,1790,1661,310,439,2013,9
Sydney-Perth,Sydney,Perth,All Airlines,Sep-13,363,362,1,298,245,64,117,2013,9
Sydney-Port Macquarie,Sydney,Port Macquarie,All Airlines,Sep-13,193,190,3,140,119,50,71,2013,9
Sydney-Sunshine Coast,Sydney,Sunshine Coast,All Airlines,Sep-13,134,134,0,113,115,21,19,2013,9
Sydney-Townsville,Sydney,Townsville,All Airlines,Sep-13,57,57,0,49,52,8,5,2013,9
Sydney-Wagga Wagga,Sydney,Wagga Wagga,All Airlines,Sep-13,249,249,0,199,181,50,68,2013,9
Townsville-Brisbane,Townsville,Brisbane,All Airlines,Sep-13,340,337,3,288,254,49,83,2013,9
Townsville-Cairns,Townsville,Cairns,All Airlines,Sep-13,204,197,7,175,176,22,21,2013,9
Townsville-Sydney,Townsville,Sydney,All Airlines,Sep-13,57,57,0,48,45,9,12,2013,9
Wagga Wagga-Sydney,Wagga Wagga,Sydney,All Airlines,Sep-13,248,248,0,187,188,61,60,2013,9
Adelaide-Brisbane,Adelaide,Brisbane,All Airlines,Oct-13,254,253,1,209,217,44,36,2013,10
Adelaide-Canberra,Adelaide,Canberra,All Airlines,Oct-13,96,93,3,77,80,16,13,2013,10
Adelaide-Gold Coast,Adelaide,Gold Coast,All Airlines,Oct-13,66,66,0,56,59,10,7,2013,10
Adelaide-Melbourne,Adelaide,Melbourne,All Airlines,Oct-13,766,748,18,564,587,184,161,2013,10
Adelaide-Perth,Adelaide,Perth,All Airlines,Oct-13,219,218,1,184,171,34,47,2013,10
Adelaide-Port Lincoln,Adelaide,Port Lincoln,All Airlines,Oct-13,316,314,2,303,295,11,19,2013,10
Adelaide-Sydney,Adelaide,Sydney,All Airlines,Oct-13,565,561,4,426,442,135,119,2013,10
Albury-Sydney,Albury,Sydney,All Airlines,Oct-13,291,289,2,187,187,102,102,2013,10
Alice Springs-Melbourne,Alice Springs,Melbourne,All Airlines,Oct-13,50,50,0,30,36,20,14,2013,10
Alice Springs-Sydney,Alice Springs,Sydney,All Airlines,Oct-13,50,50,0,29,31,21,19,2013,10
Ayers Rock-Sydney,Ayers Rock,Sydney,All Airlines,Oct-13,49,49,0,34,33,15,16,2013,10
Ballina-Sydney,Ballina,Sydney,All Airlines,Oct-13,128,127,1,80,76,47,51,2013,10
Brisbane-Adelaide,Brisbane,Adelaide,All Airlines,Oct-13,255,255,0,205,188,50,67,2013,10
Brisbane-Bundaberg,Brisbane,Bundaberg,All Airlines,Oct-13,153,152,1,134,132,18,20,2013,10
Brisbane-Cairns,Brisbane,Cairns,All Airlines,Oct-13,417,414,3,342,351,72,63,2013,10
Brisbane-Canberra,Brisbane,Canberra,All Airlines,Oct-13,261,261,0,225,217,36,44,2013,10
Brisbane-Darwin,Brisbane,Darwin,All Airlines,Oct-13,69,69,0,53,56,16,13,2013,10
Brisbane-Emerald,Brisbane,Emerald,All Airlines,Oct-13,303,294,9,267,246,27,48,2013,10
Brisbane-Gladstone,Brisbane,Gladstone,All Airlines,Oct-13,382,378,4,321,318,57,60,2013,10
Brisbane-Hamilton Island,Brisbane,Hamilton Island,All Airlines,Oct-13,47,47,0,41,41,6,6,2013,10
Brisbane-Mackay,Brisbane,Mackay,All Airlines,Oct-13,399,390,9,309,314,81,76,2013,10
Brisbane-Melbourne,Brisbane,Melbourne,All Airlines,Oct-13,1059,1029,30,808,705,221,324,2013,10
Brisbane-Moranbah,Brisbane,Moranbah,All Airlines,Oct-13,248,237,11,209,204,28,33,2013,10
Brisbane-Mount Isa,Brisbane,Mount Isa,All Airlines,Oct-13,81,81,0,75,75,6,6,2013,10
Brisbane-Newcastle,Brisbane,Newcastle,All Airlines,Oct-13,275,266,9,222,193,44,73,2013,10
Brisbane-Perth,Brisbane,Perth,All Airlines,Oct-13,251,251,0,185,172,66,79,2013,10
Brisbane-Proserpine,Brisbane,Proserpine,All Airlines,Oct-13,85,83,2,70,71,13,12,2013,10
Brisbane-Rockhampton,Brisbane,Rockhampton,All Airlines,Oct-13,452,447,5,365,374,82,73,2013,10
Brisbane-Sydney,Brisbane,Sydney,All Airlines,Oct-13,1421,1370,51,1069,1000,301,370,2013,10
Brisbane-Townsville,Brisbane,Townsville,All Airlines,Oct-13,351,349,2,294,306,55,43,2013,10
Broome-Perth,Broome,Perth,All Airlines,Oct-13,142,140,2,110,124,30,16,2013,10
Bundaberg-Brisbane,Bundaberg,Brisbane,All Airlines,Oct-13,153,152,1,127,117,25,35,2013,10
Cairns-Brisbane,Cairns,Brisbane,All Airlines,Oct-13,415,412,3,347,321,65,91,2013,10
Cairns-Melbourne,Cairns,Melbourne,All Airlines,Oct-13,224,221,3,162,159,59,62,2013,10
Cairns-Sydney,Cairns,Sydney,All Airlines,Oct-13,304,303,1,227,223,76,80,2013,10
Cairns-Townsville,Cairns,Townsville,All Airlines,Oct-13,220,217,3,192,189,25,28,2013,10
Canberra-Adelaide,Canberra,Adelaide,All Airlines,Oct-13,100,98,2,81,74,17,24,2013,10
Canberra-Brisbane,Canberra,Brisbane,All Airlines,Oct-13,261,258,3,222,231,36,27,2013,10
Canberra-Melbourne,Canberra,Melbourne,All Airlines,Oct-13,485,475,10,407,388,68,87,2013,10
Canberra-Sydney,Canberra,Sydney,All Airlines,Oct-13,886,845,41,705,717,140,128,2013,10
Coffs Harbour-Sydney,Coffs Harbour,Sydney,All Airlines,Oct-13,239,238,1,158,158,80,80,2013,10
Darwin-Brisbane,Darwin,Brisbane,All Airlines,Oct-13,68,68,0,46,47,22,21,2013,10
Darwin-Melbourne,Darwin,Melbourne,All Airlines,Oct-13,80,79,1,61,61,18,18,2013,10
Darwin-Perth,Darwin,Perth,All Airlines,Oct-13,58,58,0,48,54,10,4,2013,10
Darwin-Sydney,Darwin,Sydney,All Airlines,Oct-13,111,111,0,77,79,34,32,2013,10
Dubbo-Sydney,Dubbo,Sydney,All Airlines,Oct-13,289,285,4,200,195,85,90,2013,10
Emerald-Brisbane,Emerald,Brisbane,All Airlines,Oct-13,303,293,10,243,239,50,54,2013,10
Geraldton-Perth,Geraldton,Perth,All Airlines,Oct-13,156,155,1,140,132,15,23,2013,10
Gladstone-Brisbane,Gladstone,Brisbane,All Airlines,Oct-13,400,396,4,324,295,72,101,2013,10
Gold Coast-Adelaide,Gold Coast,Adelaide,All Airlines,Oct-13,66,66,0,56,59,10,7,2013,10
Gold Coast-Melbourne,Gold Coast,Melbourne,All Airlines,Oct-13,480,475,5,324,289,151,186,2013,10
Gold Coast-Sydney,Gold Coast,Sydney,All Airlines,Oct-13,838,810,28,605,611,205,199,2013,10
Hamilton Island-Brisbane,Hamilton Island,Brisbane,All Airlines,Oct-13,47,47,0,41,41,6,6,2013,10
Hamilton Island-Sydney,Hamilton Island,Sydney,All Airlines,Oct-13,62,62,0,47,45,15,17,2013,10
Hobart-Melbourne,Hobart,Melbourne,All Airlines,Oct-13,440,438,2,305,293,133,145,2013,10
Hobart-Sydney,Hobart,Sydney,All Airlines,Oct-13,175,172,3,115,124,57,48,2013,10
Kalgoorlie-Perth,Kalgoorlie,Perth,All Airlines,Oct-13,146,141,5,122,119,19,22,2013,10
Karratha-Perth,Karratha,Perth,All Airlines,Oct-13,353,337,16,316,310,21,27,2013,10
Launceston-Melbourne,Launceston,Melbourne,All Airlines,Oct-13,373,370,3,248,216,122,154,2013,10
Launceston-Sydney,Launceston,Sydney,All Airlines,Oct-13,87,86,1,49,55,37,31,2013,10
Mackay-Brisbane,Mackay,Brisbane,All Airlines,Oct-13,400,391,9,325,310,66,81,2013,10
Melbourne-Adelaide,Melbourne,Adelaide,All Airlines,Oct-13,765,750,15,595,565,155,185,2013,10
Melbourne-Alice Springs,Melbourne,Alice Springs,All Airlines,Oct-13,50,50,0,41,38,9,12,2013,10
Melbourne-Brisbane,Melbourne,Brisbane,All Airlines,Oct-13,1058,1028,30,745,735,283,293,2013,10
Melbourne-Cairns,Melbourne,Cairns,All Airlines,Oct-13,222,220,2,165,175,55,45,2013,10
Melbourne-Canberra,Melbourne,Canberra,All Airlines,Oct-13,484,475,9,381,381,94,94,2013,10
Melbourne-Darwin,Melbourne,Darwin,All Airlines,Oct-13,80,80,0,69,60,11,20,2013,10
Melbourne-Gold Coast,Melbourne,Gold Coast,All Airlines,Oct-13,484,480,4,296,310,184,170,2013,10
Melbourne-Hobart,Melbourne,Hobart,All Airlines,Oct-13,438,436,2,308,304,128,132,2013,10
Melbourne-Launceston,Melbourne,Launceston,All Airlines,Oct-13,374,372,2,252,253,120,119,2013,10
Melbourne-Mildura,Melbourne,Mildura,All Airlines,Oct-13,208,208,0,180,158,28,50,2013,10
Melbourne-Newcastle,Melbourne,Newcastle,All Airlines,Oct-13,141,135,6,92,97,43,38,2013,10
Melbourne-Perth,Melbourne,Perth,All Airlines,Oct-13,510,505,5,404,384,101,121,2013,10
Melbourne-Sunshine Coast,Melbourne,Sunshine Coast,All Airlines,Oct-13,136,126,10,96,98,30,28,2013,10
Melbourne-Sydney,Melbourne,Sydney,All Airlines,Oct-13,2280,2182,98,1601,1631,581,551,2013,10
Mildura-Melbourne,Mildura,Melbourne,All Airlines,Oct-13,208,208,0,176,174,32,34,2013,10
Moranbah-Brisbane,Moranbah,Brisbane,All Airlines,Oct-13,240,228,12,186,158,42,70,2013,10
Mount Isa-Brisbane,Mount Isa,Brisbane,All Airlines,Oct-13,81,81,0,74,69,7,12,2013,10
Newcastle-Brisbane,Newcastle,Brisbane,All Airlines,Oct-13,276,267,9,179,175,88,92,2013,10
Newcastle-Melbourne,Newcastle,Melbourne,All Airlines,Oct-13,141,136,5,89,85,47,51,2013,10
Newman-Perth,Newman,Perth,All Airlines,Oct-13,225,222,3,205,195,17,27,2013,10
Perth-Adelaide,Perth,Adelaide,All Airlines,Oct-13,223,222,1,175,195,47,27,2013,10
Perth-Brisbane,Perth,Brisbane,All Airlines,Oct-13,252,252,0,215,210,37,42,2013,10
Perth-Broome,Perth,Broome,All Airlines,Oct-13,143,141,2,131,129,10,12,2013,10
Perth-Darwin,Perth,Darwin,All Airlines,Oct-13,58,58,0,53,52,5,6,2013,10
Perth-Geraldton,Perth,Geraldton,All Airlines,Oct-13,160,159,1,141,138,18,21,2013,10
Perth-Kalgoorlie,Perth,Kalgoorlie,All Airlines,Oct-13,147,144,3,127,129,17,15,2013,10
Perth-Karratha,Perth,Karratha,All Airlines,Oct-13,353,337,16,324,319,13,18,2013,10
Perth-Melbourne,Perth,Melbourne,All Airlines,Oct-13,508,501,7,384,409,117,92,2013,10
Perth-Newman,Perth,Newman,All Airlines,Oct-13,225,223,2,210,210,13,13,2013,10
Perth-Port Hedland,Perth,Port Hedland,All Airlines,Oct-13,230,229,1,216,218,13,11,2013,10
Perth-Sydney,Perth,Sydney,All Airlines,Oct-13,370,368,2,296,316,72,52,2013,10
Port Hedland-Perth,Port Hedland,Perth,All Airlines,Oct-13,230,229,1,211,211,18,18,2013,10
Port Lincoln-Adelaide,Port Lincoln,Adelaide,All Airlines,Oct-13,316,314,2,301,294,13,20,2013,10
Port Macquarie-Sydney,Port Macquarie,Sydney,All Airlines,Oct-13,201,200,1,117,94,83,106,2013,10
Proserpine-Brisbane,Proserpine,Brisbane,All Airlines,Oct-13,85,83,2,66,55,17,28,2013,10
Rockhampton-Brisbane,Rockhampton,Brisbane,All Airlines,Oct-13,429,423,6,357,336,66,87,2013,10
Sunshine Coast-Melbourne,Sunshine Coast,Melbourne,All Airlines,Oct-13,136,124,12,72,63,52,61,2013,10
Sunshine Coast-Sydney,Sunshine Coast,Sydney,All Airlines,Oct-13,149,145,4,99,94,46,51,2013,10
Sydney-Adelaide,Sydney,Adelaide,All Airlines,Oct-13,555,551,4,405,393,146,158,2013,10
Sydney-Albury,Sydney,Albury,All Airlines,Oct-13,290,289,1,201,174,88,115,2013,10
Sydney-Alice Springs,Sydney,Alice Springs,All Airlines,Oct-13,50,50,0,39,40,11,10,2013,10
Sydney-Ayers Rock,Sydney,Ayers Rock,All Airlines,Oct-13,50,50,0,41,37,9,13,2013,10
Sydney-Ballina,Sydney,Ballina,All Airlines,Oct-13,129,129,0,96,94,33,35,2013,10
Sydney-Brisbane,Sydney,Brisbane,All Airlines,Oct-13,1393,1345,48,1053,987,292,358,2013,10
Sydney-Cairns,Sydney,Cairns,All Airlines,Oct-13,306,305,1,243,254,62,51,2013,10
Sydney-Canberra,Sydney,Canberra,All Airlines,Oct-13,891,848,43,660,673,188,175,2013,10
Sydney-Coffs Harbour,Sydney,Coffs Harbour,All Airlines,Oct-13,239,238,1,175,161,63,77,2013,10
Sydney-Darwin,Sydney,Darwin,All Airlines,Oct-13,112,112,0,91,93,21,19,2013,10
Sydney-Dubbo,Sydney,Dubbo,All Airlines,Oct-13,285,281,4,217,193,64,88,2013,10
Sydney-Gold Coast,Sydney,Gold Coast,All Airlines,Oct-13,842,818,24,647,642,171,176,2013,10
Sydney-Hamilton Island,Sydney,Hamilton Island,All Airlines,Oct-13,61,61,0,48,54,13,7,2013,10
Sydney-Hobart,Sydney,Hobart,All Airlines,Oct-13,175,174,1,139,138,35,36,2013,10
Sydney-Launceston,Sydney,Launceston,All Airlines,Oct-13,87,87,0,65,60,22,27,2013,10
Sydney-Melbourne,Sydney,Melbourne,All Airlines,Oct-13,2284,2188,96,1718,1556,470,632,2013,10
Sydney-Perth,Sydney,Perth,All Airlines,Oct-13,373,372,1,296,278,76,94,2013,10
Sydney-Port Macquarie,Sydney,Port Macquarie,All Airlines,Oct-13,201,200,1,143,125,57,75,2013,10
Sydney-Sunshine Coast,Sydney,Sunshine Coast,All Airlines,Oct-13,148,146,2,109,113,37,33,2013,10
Sydney-Townsville,Sydney,Townsville,All Airlines,Oct-13,60,60,0,53,51,7,9,2013,10
Sydney-Wagga Wagga,Sydney,Wagga Wagga,All Airlines,Oct-13,255,254,1,203,174,51,80,2013,10
Townsville-Brisbane,Townsville,Brisbane,All Airlines,Oct-13,351,349,2,306,290,43,59,2013,10
Townsville-Cairns,Townsville,Cairns,All Airlines,Oct-13,220,214,6,184,188,30,26,2013,10
Townsville-Sydney,Townsville,Sydney,All Airlines,Oct-13,59,58,1,44,44,14,14,2013,10
Wagga Wagga-Sydney,Wagga Wagga,Sydney,All Airlines,Oct-13,253,252,1,183,180,69,72,2013,10
Adelaide-Brisbane,Adelaide,Brisbane,All Airlines,Nov-13,244,244,0,211,209,33,35,2013,11
Adelaide-Canberra,Adelaide,Canberra,All Airlines,Nov-13,92,92,0,81,82,11,10,2013,11
Adelaide-Gold Coast,Adelaide,Gold Coast,All Airlines,Nov-13,60,60,0,48,49,12,11,2013,11
Adelaide-Melbourne,Adelaide,Melbourne,All Airlines,Nov-13,713,712,1,609,618,103,94,2013,11
Adelaide-Perth,Adelaide,Perth,All Airlines,Nov-13,201,201,0,180,181,21,20,2013,11
Adelaide-Port Lincoln,Adelaide,Port Lincoln,All Airlines,Nov-13,303,301,2,288,287,13,14,2013,11
Adelaide-Sydney,Adelaide,Sydney,All Airlines,Nov-13,513,506,7,425,417,81,89,2013,11
Albury-Sydney,Albury,Sydney,All Airlines,Nov-13,282,282,0,229,201,53,81,2013,11
Alice Springs-Melbourne,Alice Springs,Melbourne,All Airlines,Nov-13,47,47,0,36,41,11,6,2013,11
Alice Springs-Sydney,Alice Springs,Sydney,All Airlines,Nov-13,47,47,0,34,39,13,8,2013,11
Ayers Rock-Sydney,Ayers Rock,Sydney,All Airlines,Nov-13,47,46,1,34,34,12,12,2013,11
Ballina-Sydney,Ballina,Sydney,All Airlines,Nov-13,110,107,3,65,66,42,41,2013,11
Brisbane-Adelaide,Brisbane,Adelaide,All Airlines,Nov-13,245,245,0,206,198,39,47,2013,11
Brisbane-Bundaberg,Brisbane,Bundaberg,All Airlines,Nov-13,146,144,2,118,119,26,25,2013,11
Brisbane-Cairns,Brisbane,Cairns,All Airlines,Nov-13,365,361,4,298,290,63,71,2013,11
Brisbane-Canberra,Brisbane,Canberra,All Airlines,Nov-13,273,252,21,209,209,43,43,2013,11
Brisbane-Darwin,Brisbane,Darwin,All Airlines,Nov-13,60,59,1,49,45,10,14,2013,11
Brisbane-Emerald,Brisbane,Emerald,All Airlines,Nov-13,274,259,15,229,180,30,79,2013,11
Brisbane-Gladstone,Brisbane,Gladstone,All Airlines,Nov-13,349,339,10,284,264,55,75,2013,11
Brisbane-Hamilton Island,Brisbane,Hamilton Island,All Airlines,Nov-13,48,48,0,41,39,7,9,2013,11
Brisbane-Mackay,Brisbane,Mackay,All Airlines,Nov-13,353,342,11,256,244,86,98,2013,11
Brisbane-Melbourne,Brisbane,Melbourne,All Airlines,Nov-13,1018,1009,9,771,721,238,288,2013,11
Brisbane-Moranbah,Brisbane,Moranbah,All Airlines,Nov-13,226,210,16,180,163,30,47,2013,11
Brisbane-Mount Isa,Brisbane,Mount Isa,All Airlines,Nov-13,76,76,0,69,64,7,12,2013,11
Brisbane-Newcastle,Brisbane,Newcastle,All Airlines,Nov-13,265,259,6,206,189,53,70,2013,11
Brisbane-Perth,Brisbane,Perth,All Airlines,Nov-13,253,251,2,199,170,52,81,2013,11
Brisbane-Proserpine,Brisbane,Proserpine,All Airlines,Nov-13,77,77,0,61,60,16,17,2013,11
Brisbane-Rockhampton,Brisbane,Rockhampton,All Airlines,Nov-13,426,416,10,330,330,86,86,2013,11
Brisbane-Sydney,Brisbane,Sydney,All Airlines,Nov-13,1348,1307,41,1040,984,267,323,2013,11
Brisbane-Townsville,Brisbane,Townsville,All Airlines,Nov-13,328,326,2,260,233,66,93,2013,11
Broome-Perth,Broome,Perth,All Airlines,Nov-13,129,128,1,109,110,19,18,2013,11
Bundaberg-Brisbane,Bundaberg,Brisbane,All Airlines,Nov-13,146,144,2,111,100,33,44,2013,11
Cairns-Brisbane,Cairns,Brisbane,All Airlines,Nov-13,366,363,3,297,288,66,75,2013,11
Cairns-Melbourne,Cairns,Melbourne,All Airlines,Nov-13,176,176,0,128,129,48,47,2013,11
Cairns-Sydney,Cairns,Sydney,All Airlines,Nov-13,235,234,1,187,196,47,38,2013,11
Cairns-Townsville,Cairns,Townsville,All Airlines,Nov-13,206,201,5,180,177,21,24,2013,11
Canberra-Adelaide,Canberra,Adelaide,All Airlines,Nov-13,94,94,0,82,83,12,11,2013,11
Canberra-Brisbane,Canberra,Brisbane,All Airlines,Nov-13,272,252,20,208,203,44,49,2013,11
Canberra-Melbourne,Canberra,Melbourne,All Airlines,Nov-13,467,452,15,385,375,67,77,2013,11
Canberra-Sydney,Canberra,Sydney,All Airlines,Nov-13,854,822,32,687,666,135,156,2013,11
Coffs Harbour-Sydney,Coffs Harbour,Sydney,All Airlines,Nov-13,235,229,6,156,160,73,69,2013,11
Darwin-Brisbane,Darwin,Brisbane,All Airlines,Nov-13,62,60,2,40,45,20,15,2013,11
Darwin-Melbourne,Darwin,Melbourne,All Airlines,Nov-13,83,82,1,65,71,17,11,2013,11
Darwin-Perth,Darwin,Perth,All Airlines,Nov-13,55,55,0,50,50,5,5,2013,11
Darwin-Sydney,Darwin,Sydney,All Airlines,Nov-13,108,107,1,81,81,26,26,2013,11
Dubbo-Sydney,Dubbo,Sydney,All Airlines,Nov-13,279,276,3,210,183,66,93,2013,11
Emerald-Brisbane,Emerald,Brisbane,All Airlines,Nov-13,274,259,15,172,176,87,83,2013,11
Geraldton-Perth,Geraldton,Perth,All Airlines,Nov-13,154,153,1,144,143,9,10,2013,11
Gladstone-Brisbane,Gladstone,Brisbane,All Airlines,Nov-13,371,359,12,278,252,81,107,2013,11
Gold Coast-Adelaide,Gold Coast,Adelaide,All Airlines,Nov-13,60,60,0,50,48,10,12,2013,11
Gold Coast-Melbourne,Gold Coast,Melbourne,All Airlines,Nov-13,433,431,2,321,305,110,126,2013,11
Gold Coast-Sydney,Gold Coast,Sydney,All Airlines,Nov-13,755,731,24,533,512,198,219,2013,11
Hamilton Island-Brisbane,Hamilton Island,Brisbane,All Airlines,Nov-13,48,48,0,38,38,10,10,2013,11
Hamilton Island-Sydney,Hamilton Island,Sydney,All Airlines,Nov-13,60,60,0,43,41,17,19,2013,11
Hobart-Melbourne,Hobart,Melbourne,All Airlines,Nov-13,434,433,1,331,322,102,111,2013,11
Hobart-Sydney,Hobart,Sydney,All Airlines,Nov-13,162,161,1,113,123,48,38,2013,11
Kalgoorlie-Perth,Kalgoorlie,Perth,All Airlines,Nov-13,142,142,0,135,134,7,8,2013,11
Karratha-Perth,Karratha,Perth,All Airlines,Nov-13,339,330,9,314,311,16,19,2013,11
Launceston-Melbourne,Launceston,Melbourne,All Airlines,Nov-13,377,372,5,288,269,84,103,2013,11
Launceston-Sydney,Launceston,Sydney,All Airlines,Nov-13,89,87,2,62,58,25,29,2013,11
Mackay-Brisbane,Mackay,Brisbane,All Airlines,Nov-13,355,343,12,248,242,95,101,2013,11
Melbourne-Adelaide,Melbourne,Adelaide,All Airlines,Nov-13,712,712,0,615,602,97,110,2013,11
Melbourne-Alice Springs,Melbourne,Alice Springs,All Airlines,Nov-13,47,47,0,40,39,7,8,2013,11
Melbourne-Brisbane,Melbourne,Brisbane,All Airlines,Nov-13,1017,1009,8,788,705,221,304,2013,11
Melbourne-Cairns,Melbourne,Cairns,All Airlines,Nov-13,176,176,0,138,140,38,36,2013,11
Melbourne-Canberra,Melbourne,Canberra,All Airlines,Nov-13,467,453,14,392,380,61,73,2013,11
Melbourne-Darwin,Melbourne,Darwin,All Airlines,Nov-13,83,82,1,74,64,8,18,2013,11
Melbourne-Gold Coast,Melbourne,Gold Coast,All Airlines,Nov-13,434,431,3,309,310,122,121,2013,11
Melbourne-Hobart,Melbourne,Hobart,All Airlines,Nov-13,434,433,1,333,335,100,98,2013,11
Melbourne-Launceston,Melbourne,Launceston,All Airlines,Nov-13,376,372,4,283,275,89,97,2013,11
Melbourne-Mildura,Melbourne,Mildura,All Airlines,Nov-13,199,199,0,174,169,25,30,2013,11
Melbourne-Newcastle,Melbourne,Newcastle,All Airlines,Nov-13,133,133,0,98,96,35,37,2013,11
Melbourne-Perth,Melbourne,Perth,All Airlines,Nov-13,472,469,3,387,398,82,71,2013,11
Melbourne-Sunshine Coast,Melbourne,Sunshine Coast,All Airlines,Nov-13,118,117,1,98,99,19,18,2013,11
Melbourne-Sydney,Melbourne,Sydney,All Airlines,Nov-13,2150,2114,36,1733,1587,381,527,2013,11
Mildura-Melbourne,Mildura,Melbourne,All Airlines,Nov-13,199,199,0,170,167,29,32,2013,11
Moranbah-Brisbane,Moranbah,Brisbane,All Airlines,Nov-13,218,204,14,154,132,50,72,2013,11
Mount Isa-Brisbane,Mount Isa,Brisbane,All Airlines,Nov-13,76,76,0,63,65,13,11,2013,11
Newcastle-Brisbane,Newcastle,Brisbane,All Airlines,Nov-13,266,258,8,164,155,94,103,2013,11
Newcastle-Melbourne,Newcastle,Melbourne,All Airlines,Nov-13,133,133,0,81,77,52,56,2013,11
Newman-Perth,Newman,Perth,All Airlines,Nov-13,206,196,10,183,182,13,14,2013,11
Perth-Adelaide,Perth,Adelaide,All Airlines,Nov-13,208,208,0,192,199,16,9,2013,11
Perth-Brisbane,Perth,Brisbane,All Airlines,Nov-13,253,253,0,220,223,33,30,2013,11
Perth-Broome,Perth,Broome,All Airlines,Nov-13,128,127,1,119,120,8,7,2013,11
Perth-Darwin,Perth,Darwin,All Airlines,Nov-13,55,55,0,52,52,3,3,2013,11
Perth-Geraldton,Perth,Geraldton,All Airlines,Nov-13,149,149,0,141,138,8,11,2013,11
Perth-Kalgoorlie,Perth,Kalgoorlie,All Airlines,Nov-13,144,144,0,136,136,8,8,2013,11
Perth-Karratha,Perth,Karratha,All Airlines,Nov-13,339,331,8,317,320,14,11,2013,11
Perth-Melbourne,Perth,Melbourne,All Airlines,Nov-13,475,469,6,395,396,74,73,2013,11
Perth-Newman,Perth,Newman,All Airlines,Nov-13,206,199,7,187,186,12,13,2013,11
Perth-Port Hedland,Perth,Port Hedland,All Airlines,Nov-13,216,212,4,204,206,8,6,2013,11
Perth-Sydney,Perth,Sydney,All Airlines,Nov-13,348,346,2,302,309,44,37,2013,11
Port Hedland-Perth,Port Hedland,Perth,All Airlines,Nov-13,216,213,3,198,199,15,14,2013,11
Port Lincoln-Adelaide,Port Lincoln,Adelaide,All Airlines,Nov-13,304,303,1,288,287,15,16,2013,11
Port Macquarie-Sydney,Port Macquarie,Sydney,All Airlines,Nov-13,192,188,4,119,104,69,84,2013,11
Proserpine-Brisbane,Proserpine,Brisbane,All Airlines,Nov-13,77,76,1,54,50,22,26,2013,11
Rockhampton-Brisbane,Rockhampton,Brisbane,All Airlines,Nov-13,405,394,11,309,280,85,114,2013,11
Sunshine Coast-Melbourne,Sunshine Coast,Melbourne,All Airlines,Nov-13,119,118,1,79,85,39,33,2013,11
Sunshine Coast-Sydney,Sunshine Coast,Sydney,All Airlines,Nov-13,136,134,2,98,93,36,41,2013,11
Sydney-Adelaide,Sydney,Adelaide,All Airlines,Nov-13,506,502,4,417,410,85,92,2013,11
Sydney-Albury,Sydney,Albury,All Airlines,Nov-13,282,282,0,214,213,68,69,2013,11
Sydney-Alice Springs,Sydney,Alice Springs,All Airlines,Nov-13,47,47,0,40,40,7,7,2013,11
Sydney-Ayers Rock,Sydney,Ayers Rock,All Airlines,Nov-13,47,46,1,37,38,9,8,2013,11
Sydney-Ballina,Sydney,Ballina,All Airlines,Nov-13,113,112,1,82,84,30,28,2013,11
Sydney-Brisbane,Sydney,Brisbane,All Airlines,Nov-13,1320,1280,40,1008,897,272,383,2013,11
Sydney-Cairns,Sydney,Cairns,All Airlines,Nov-13,234,233,1,183,179,50,54,2013,11
Sydney-Canberra,Sydney,Canberra,All Airlines,Nov-13,854,824,30,658,678,166,146,2013,11
Sydney-Coffs Harbour,Sydney,Coffs Harbour,All Airlines,Nov-13,235,229,6,179,160,50,69,2013,11
Sydney-Darwin,Sydney,Darwin,All Airlines,Nov-13,107,106,1,81,73,25,33,2013,11
Sydney-Dubbo,Sydney,Dubbo,All Airlines,Nov-13,272,271,1,214,195,57,76,2013,11
Sydney-Gold Coast,Sydney,Gold Coast,All Airlines,Nov-13,758,733,25,562,536,171,197,2013,11
Sydney-Hamilton Island,Sydney,Hamilton Island,All Airlines,Nov-13,59,59,0,47,50,12,9,2013,11
Sydney-Hobart,Sydney,Hobart,All Airlines,Nov-13,162,161,1,127,128,34,33,2013,11
Sydney-Launceston,Sydney,Launceston,All Airlines,Nov-13,89,88,1,71,69,17,19,2013,11
Sydney-Melbourne,Sydney,Melbourne,All Airlines,Nov-13,2148,2110,38,1668,1659,442,451,2013,11
Sydney-Perth,Sydney,Perth,All Airlines,Nov-13,351,350,1,279,288,71,62,2013,11
Sydney-Port Macquarie,Sydney,Port Macquarie,All Airlines,Nov-13,192,188,4,135,116,53,72,2013,11
Sydney-Sunshine Coast,Sydney,Sunshine Coast,All Airlines,Nov-13,137,136,1,112,112,24,24,2013,11
Sydney-Townsville,Sydney,Townsville,All Airlines,Nov-13,50,50,0,41,34,9,16,2013,11
Sydney-Wagga Wagga,Sydney,Wagga Wagga,All Airlines,Nov-13,245,244,1,202,192,42,52,2013,11
Townsville-Brisbane,Townsville,Brisbane,All Airlines,Nov-13,328,326,2,245,251,81,75,2013,11
Townsville-Cairns,Townsville,Cairns,All Airlines,Nov-13,208,199,9,159,162,40,37,2013,11
Townsville-Sydney,Townsville,Sydney,All Airlines,Nov-13,50,49,1,31,34,18,15,2013,11
Wagga Wagga-Sydney,Wagga Wagga,Sydney,All Airlines,Nov-13,247,246,1,195,183,51,63,2013,11
Adelaide-Brisbane,Adelaide,Brisbane,All Airlines,Dec-13,251,250,1,217,222,33,28,2013,12
Adelaide-Canberra,Adelaide,Canberra,All Airlines,Dec-13,89,89,0,76,81,13,8,2013,12
Adelaide-Gold Coast,Adelaide,Gold Coast,All Airlines,Dec-13,72,71,1,60,65,11,6,2013,12
Adelaide-Melbourne,Adelaide,Melbourne,All Airlines,Dec-13,723,716,7,590,609,126,107,2013,12
Adelaide-Perth,Adelaide,Perth,All Airlines,Dec-13,217,217,0,182,173,35,44,2013,12
Adelaide-Port Lincoln,Adelaide,Port Lincoln,All Airlines,Dec-13,283,278,5,255,253,23,25,2013,12
Adelaide-Sydney,Adelaide,Sydney,All Airlines,Dec-13,557,546,11,440,473,106,73,2013,12
Albury-Sydney,Albury,Sydney,All Airlines,Dec-13,269,269,0,217,208,52,61,2013,12
Alice Springs-Melbourne,Alice Springs,Melbourne,All Airlines,Dec-13,48,48,0,35,38,13,10,2013,12
Alice Springs-Sydney,Alice Springs,Sydney,All Airlines,Dec-13,48,48,0,29,37,19,11,2013,12
Ayers Rock-Sydney,Ayers Rock,Sydney,All Airlines,Dec-13,49,48,1,40,41,8,7,2013,12
Ballina-Sydney,Ballina,Sydney,All Airlines,Dec-13,134,133,1,105,100,28,33,2013,12
Brisbane-Adelaide,Brisbane,Adelaide,All Airlines,Dec-13,251,250,1,199,186,51,64,2013,12
Brisbane-Bundaberg,Brisbane,Bundaberg,All Airlines,Dec-13,148,147,1,116,119,31,28,2013,12
Brisbane-Cairns,Brisbane,Cairns,All Airlines,Dec-13,401,399,2,330,338,69,61,2013,12
Brisbane-Canberra,Brisbane,Canberra,All Airlines,Dec-13,258,257,1,211,203,46,54,2013,12
Brisbane-Darwin,Brisbane,Darwin,All Airlines,Dec-13,67,67,0,57,60,10,7,2013,12
Brisbane-Emerald,Brisbane,Emerald,All Airlines,Dec-13,257,249,8,220,188,29,61,2013,12
Brisbane-Gladstone,Brisbane,Gladstone,All Airlines,Dec-13,343,340,3,282,278,58,62,2013,12
Brisbane-Hamilton Island,Brisbane,Hamilton Island,All Airlines,Dec-13,49,49,0,46,48,3,1,2013,12
Brisbane-Mackay,Brisbane,Mackay,All Airlines,Dec-13,353,352,1,278,293,74,59,2013,12
Brisbane-Melbourne,Brisbane,Melbourne,All Airlines,Dec-13,1041,1026,15,816,743,210,283,2013,12
Brisbane-Moranbah,Brisbane,Moranbah,All Airlines,Dec-13,210,192,18,164,163,28,29,2013,12
Brisbane-Mount Isa,Brisbane,Mount Isa,All Airlines,Dec-13,77,77,0,68,67,9,10,2013,12
Brisbane-Newcastle,Brisbane,Newcastle,All Airlines,Dec-13,269,265,4,220,202,45,63,2013,12
Brisbane-Perth,Brisbane,Perth,All Airlines,Dec-13,258,256,2,192,174,64,82,2013,12
Brisbane-Proserpine,Brisbane,Proserpine,All Airlines,Dec-13,82,82,0,70,74,12,8,2013,12
Brisbane-Rockhampton,Brisbane,Rockhampton,All Airlines,Dec-13,413,409,4,330,342,79,67,2013,12
Brisbane-Sydney,Brisbane,Sydney,All Airlines,Dec-13,1369,1338,31,1098,1076,240,262,2013,12
Brisbane-Townsville,Brisbane,Townsville,All Airlines,Dec-13,340,338,2,273,272,65,66,2013,12
Broome-Perth,Broome,Perth,All Airlines,Dec-13,134,130,4,104,107,26,23,2013,12
Bundaberg-Brisbane,Bundaberg,Brisbane,All Airlines,Dec-13,148,148,0,121,109,27,39,2013,12
Cairns-Brisbane,Cairns,Brisbane,All Airlines,Dec-13,399,396,3,358,341,38,55,2013,12
Cairns-Melbourne,Cairns,Melbourne,All Airlines,Dec-13,190,190,0,155,147,35,43,2013,12
Cairns-Sydney,Cairns,Sydney,All Airlines,Dec-13,263,261,2,234,233,27,28,2013,12
Cairns-Townsville,Cairns,Townsville,All Airlines,Dec-13,196,192,4,184,181,8,11,2013,12
Canberra-Adelaide,Canberra,Adelaide,All Airlines,Dec-13,89,89,0,73,72,16,17,2013,12
Canberra-Brisbane,Canberra,Brisbane,All Airlines,Dec-13,259,258,1,203,219,55,39,2013,12
Canberra-Melbourne,Canberra,Melbourne,All Airlines,Dec-13,437,432,5,360,349,72,83,2013,12
Canberra-Sydney,Canberra,Sydney,All Airlines,Dec-13,780,753,27,675,680,78,73,2013,12
Coffs Harbour-Sydney,Coffs Harbour,Sydney,All Airlines,Dec-13,245,242,3,199,206,43,36,2013,12
Darwin-Brisbane,Darwin,Brisbane,All Airlines,Dec-13,67,67,0,51,54,16,13,2013,12
Darwin-Melbourne,Darwin,Melbourne,All Airlines,Dec-13,86,86,0,70,80,16,6,2013,12
Darwin-Perth,Darwin,Perth,All Airlines,Dec-13,57,57,0,53,54,4,3,2013,12
Darwin-Sydney,Darwin,Sydney,All Airlines,Dec-13,109,109,0,86,84,23,25,2013,12
Dubbo-Sydney,Dubbo,Sydney,All Airlines,Dec-13,235,233,2,200,185,33,48,2013,12
Emerald-Brisbane,Emerald,Brisbane,All Airlines,Dec-13,257,248,9,188,188,60,60,2013,12
Geraldton-Perth,Geraldton,Perth,All Airlines,Dec-13,155,152,3,143,147,9,5,2013,12
Gladstone-Brisbane,Gladstone,Brisbane,All Airlines,Dec-13,364,360,4,289,275,71,85,2013,12
Gold Coast-Adelaide,Gold Coast,Adelaide,All Airlines,Dec-13,73,72,1,66,62,6,10,2013,12
Gold Coast-Melbourne,Gold Coast,Melbourne,All Airlines,Dec-13,501,495,6,381,359,114,136,2013,12
Gold Coast-Sydney,Gold Coast,Sydney,All Airlines,Dec-13,864,827,37,674,686,153,141,2013,12
Hamilton Island-Brisbane,Hamilton Island,Brisbane,All Airlines,Dec-13,49,49,0,46,45,3,4,2013,12
Hamilton Island-Sydney,Hamilton Island,Sydney,All Airlines,Dec-13,62,62,0,50,50,12,12,2013,12
Hobart-Melbourne,Hobart,Melbourne,All Airlines,Dec-13,484,481,3,360,357,121,124,2013,12
Hobart-Sydney,Hobart,Sydney,All Airlines,Dec-13,208,206,2,147,170,59,36,2013,12
Kalgoorlie-Perth,Kalgoorlie,Perth,All Airlines,Dec-13,148,147,1,136,135,11,12,2013,12
Karratha-Perth,Karratha,Perth,All Airlines,Dec-13,339,299,40,277,281,22,18,2013,12
Launceston-Melbourne,Launceston,Melbourne,All Airlines,Dec-13,408,403,5,308,296,95,107,2013,12
Launceston-Sydney,Launceston,Sydney,All Airlines,Dec-13,118,118,0,85,92,33,26,2013,12
Mackay-Brisbane,Mackay,Brisbane,All Airlines,Dec-13,352,351,1,285,281,66,70,2013,12
Melbourne-Adelaide,Melbourne,Adelaide,All Airlines,Dec-13,723,718,5,607,581,111,137,2013,12
Melbourne-Alice Springs,Melbourne,Alice Springs,All Airlines,Dec-13,48,48,0,40,39,8,9,2013,12
Melbourne-Brisbane,Melbourne,Brisbane,All Airlines,Dec-13,1041,1025,16,784,769,241,256,2013,12
Melbourne-Cairns,Melbourne,Cairns,All Airlines,Dec-13,192,192,0,159,164,33,28,2013,12
Melbourne-Canberra,Melbourne,Canberra,All Airlines,Dec-13,437,427,10,354,353,73,74,2013,12
Melbourne-Darwin,Melbourne,Darwin,All Airlines,Dec-13,87,87,0,77,75,10,12,2013,12
Melbourne-Gold Coast,Melbourne,Gold Coast,All Airlines,Dec-13,500,494,6,368,376,126,118,2013,12
Melbourne-Hobart,Melbourne,Hobart,All Airlines,Dec-13,484,481,3,363,381,118,100,2013,12
Melbourne-Launceston,Melbourne,Launceston,All Airlines,Dec-13,406,401,5,291,301,110,100,2013,12
Melbourne-Mildura,Melbourne,Mildura,All Airlines,Dec-13,193,193,0,164,157,29,36,2013,12
Melbourne-Newcastle,Melbourne,Newcastle,All Airlines,Dec-13,139,137,2,106,109,31,28,2013,12
Melbourne-Perth,Melbourne,Perth,All Airlines,Dec-13,507,497,10,395,367,102,130,2013,12
Melbourne-Sunshine Coast,Melbourne,Sunshine Coast,All Airlines,Dec-13,139,137,2,119,117,18,20,2013,12
Melbourne-Sydney,Melbourne,Sydney,All Airlines,Dec-13,2134,2074,60,1728,1767,346,307,2013,12
Mildura-Melbourne,Mildura,Melbourne,All Airlines,Dec-13,194,194,0,169,163,25,31,2013,12
Moranbah-Brisbane,Moranbah,Brisbane,All Airlines,Dec-13,201,185,16,152,138,33,47,2013,12
Mount Isa-Brisbane,Mount Isa,Brisbane,All Airlines,Dec-13,77,77,0,65,67,12,10,2013,12
Newcastle-Brisbane,Newcastle,Brisbane,All Airlines,Dec-13,266,262,4,183,176,79,86,2013,12
Newcastle-Melbourne,Newcastle,Melbourne,All Airlines,Dec-13,138,137,1,92,91,45,46,2013,12
Newman-Perth,Newman,Perth,All Airlines,Dec-13,210,197,13,186,182,11,15,2013,12
Perth-Adelaide,Perth,Adelaide,All Airlines,Dec-13,219,219,0,201,204,18,15,2013,12
Perth-Brisbane,Perth,Brisbane,All Airlines,Dec-13,257,257,0,210,214,47,43,2013,12
Perth-Broome,Perth,Broome,All Airlines,Dec-13,133,130,3,125,124,5,6,2013,12
Perth-Darwin,Perth,Darwin,All Airlines,Dec-13,57,57,0,53,53,4,4,2013,12
Perth-Geraldton,Perth,Geraldton,All Airlines,Dec-13,152,150,2,141,136,9,14,2013,12
Perth-Kalgoorlie,Perth,Kalgoorlie,All Airlines,Dec-13,146,146,0,135,134,11,12,2013,12
Perth-Karratha,Perth,Karratha,All Airlines,Dec-13,339,300,39,281,283,19,17,2013,12
Perth-Melbourne,Perth,Melbourne,All Airlines,Dec-13,507,497,10,387,402,110,95,2013,12
Perth-Newman,Perth,Newman,All Airlines,Dec-13,210,198,12,188,187,10,11,2013,12
Perth-Port Hedland,Perth,Port Hedland,All Airlines,Dec-13,210,196,14,186,186,10,10,2013,12
Perth-Sydney,Perth,Sydney,All Airlines,Dec-13,377,375,2,315,345,60,30,2013,12
Port Hedland-Perth,Port Hedland,Perth,All Airlines,Dec-13,210,196,14,185,186,11,10,2013,12
Port Lincoln-Adelaide,Port Lincoln,Adelaide,All Airlines,Dec-13,282,280,2,255,255,25,25,2013,12
Port Macquarie-Sydney,Port Macquarie,Sydney,All Airlines,Dec-13,199,198,1,145,125,53,73,2013,12
Proserpine-Brisbane,Proserpine,Brisbane,All Airlines,Dec-13,83,83,0,73,64,10,19,2013,12
Rockhampton-Brisbane,Rockhampton,Brisbane,All Airlines,Dec-13,391,386,5,312,291,74,95,2013,12
Sunshine Coast-Melbourne,Sunshine Coast,Melbourne,All Airlines,Dec-13,140,138,2,108,95,30,43,2013,12
Sunshine Coast-Sydney,Sunshine Coast,Sydney,All Airlines,Dec-13,158,154,4,117,119,37,35,2013,12
Sydney-Adelaide,Sydney,Adelaide,All Airlines,Dec-13,553,545,8,455,445,90,100,2013,12
Sydney-Albury,Sydney,Albury,All Airlines,Dec-13,269,269,0,219,204,50,65,2013,12
Sydney-Alice Springs,Sydney,Alice Springs,All Airlines,Dec-13,48,48,0,42,41,6,7,2013,12
Sydney-Ayers Rock,Sydney,Ayers Rock,All Airlines,Dec-13,47,47,0,42,36,5,11,2013,12
Sydney-Ballina,Sydney,Ballina,All Airlines,Dec-13,138,137,1,117,119,20,18,2013,12
Sydney-Brisbane,Sydney,Brisbane,All Airlines,Dec-13,1340,1315,25,1094,1057,221,258,2013,12
Sydney-Cairns,Sydney,Cairns,All Airlines,Dec-13,265,264,1,206,228,58,36,2013,12
Sydney-Canberra,Sydney,Canberra,All Airlines,Dec-13,782,759,23,674,672,85,87,2013,12
Sydney-Coffs Harbour,Sydney,Coffs Harbour,All Airlines,Dec-13,245,243,2,206,200,37,43,2013,12
Sydney-Darwin,Sydney,Darwin,All Airlines,Dec-13,111,111,0,96,99,15,12,2013,12
Sydney-Dubbo,Sydney,Dubbo,All Airlines,Dec-13,233,232,1,203,191,29,41,2013,12
Sydney-Gold Coast,Sydney,Gold Coast,All Airlines,Dec-13,862,828,34,687,690,141,138,2013,12
Sydney-Hamilton Island,Sydney,Hamilton Island,All Airlines,Dec-13,61,61,0,50,55,11,6,2013,12
Sydney-Hobart,Sydney,Hobart,All Airlines,Dec-13,207,205,2,166,167,39,38,2013,12
Sydney-Launceston,Sydney,Launceston,All Airlines,Dec-13,118,118,0,93,95,25,23,2013,12
Sydney-Melbourne,Sydney,Melbourne,All Airlines,Dec-13,2133,2063,70,1781,1709,282,354,2013,12
Sydney-Perth,Sydney,Perth,All Airlines,Dec-13,381,380,1,307,289,73,91,2013,12
Sydney-Port Macquarie,Sydney,Port Macquarie,All Airlines,Dec-13,198,197,1,171,150,26,47,2013,12
Sydney-Sunshine Coast,Sydney,Sunshine Coast,All Airlines,Dec-13,159,156,3,125,129,31,27,2013,12
Sydney-Townsville,Sydney,Townsville,All Airlines,Dec-13,61,61,0,54,51,7,10,2013,12
Sydney-Wagga Wagga,Sydney,Wagga Wagga,All Airlines,Dec-13,221,221,0,193,176,28,45,2013,12
Townsville-Brisbane,Townsville,Brisbane,All Airlines,Dec-13,340,337,3,270,260,67,77,2013,12
Townsville-Cairns,Townsville,Cairns,All Airlines,Dec-13,195,191,4,168,172,23,19,2013,12
Townsville-Sydney,Townsville,Sydney,All Airlines,Dec-13,62,62,0,45,45,17,17,2013,12
Wagga Wagga-Sydney,Wagga Wagga,Sydney,All Airlines,Dec-13,220,220,0,174,169,46,51,2013,12
Adelaide-Brisbane,Adelaide,Brisbane,All Airlines,Jan-14,258,256,2,235,236,21,20,2014,1
Adelaide-Canberra,Adelaide,Canberra,All Airlines,Jan-14,76,76,0,67,67,9,9,2014,1
Adelaide-Gold Coast,Adelaide,Gold Coast,All Airlines,Jan-14,78,77,1,73,74,4,3,2014,1
Adelaide-Melbourne,Adelaide,Melbourne,All Airlines,Jan-14,744,734,10,670,671,64,63,2014,1
Adelaide-Perth,Adelaide,Perth,All Airlines,Jan-14,222,222,0,206,202,16,20,2014,1
Adelaide-Port Lincoln,Adelaide,Port Lincoln,All Airlines,Jan-14,238,238,0,223,217,15,21,2014,1
Adelaide-Sydney,Adelaide,Sydney,All Airlines,Jan-14,554,549,5,492,504,57,45,2014,1
Albury-Sydney,Albury,Sydney,All Airlines,Jan-14,226,225,1,204,202,21,23,2014,1
Alice Springs-Melbourne,Alice Springs,Melbourne,All Airlines,Jan-14,49,49,0,39,44,10,5,2014,1
Alice Springs-Sydney,Alice Springs,Sydney,All Airlines,Jan-14,49,49,0,47,45,2,4,2014,1
Ayers Rock-Sydney,Ayers Rock,Sydney,All Airlines,Jan-14,49,49,0,47,46,2,3,2014,1
Ballina-Sydney,Ballina,Sydney,All Airlines,Jan-14,135,134,1,115,118,19,16,2014,1
Brisbane-Adelaide,Brisbane,Adelaide,All Airlines,Jan-14,258,257,1,227,225,30,32,2014,1
Brisbane-Bundaberg,Brisbane,Bundaberg,All Airlines,Jan-14,149,147,2,128,128,19,19,2014,1
Brisbane-Cairns,Brisbane,Cairns,All Airlines,Jan-14,415,415,0,364,376,51,39,2014,1
Brisbane-Canberra,Brisbane,Canberra,All Airlines,Jan-14,242,238,4,214,219,24,19,2014,1
Brisbane-Darwin,Brisbane,Darwin,All Airlines,Jan-14,67,67,0,60,62,7,5,2014,1
Brisbane-Emerald,Brisbane,Emerald,All Airlines,Jan-14,269,264,5,242,224,22,40,2014,1
Brisbane-Gladstone,Brisbane,Gladstone,All Airlines,Jan-14,375,368,7,334,328,34,40,2014,1
Brisbane-Hamilton Island,Brisbane,Hamilton Island,All Airlines,Jan-14,48,45,3,43,42,2,3,2014,1
Brisbane-Hobart,Brisbane,Hobart,All Airlines,Jan-14,61,61,0,55,48,6,13,2014,1
Brisbane-Mackay,Brisbane,Mackay,All Airlines,Jan-14,327,313,14,269,272,44,41,2014,1
Brisbane-Melbourne,Brisbane,Melbourne,All Airlines,Jan-14,1013,1000,13,835,830,165,170,2014,1
Brisbane-Moranbah,Brisbane,Moranbah,All Airlines,Jan-14,224,201,23,189,190,12,11,2014,1
Brisbane-Mount Isa,Brisbane,Mount Isa,All Airlines,Jan-14,79,79,0,77,78,2,1,2014,1
Brisbane-Newcastle,Brisbane,Newcastle,All Airlines,Jan-14,264,261,3,218,207,43,54,2014,1
Brisbane-Perth,Brisbane,Perth,All Airlines,Jan-14,255,255,0,209,226,46,29,2014,1
Brisbane-Proserpine,Brisbane,Proserpine,All Airlines,Jan-14,83,79,4,73,70,6,9,2014,1
Brisbane-Rockhampton,Brisbane,Rockhampton,All Airlines,Jan-14,402,391,11,335,339,56,52,2014,1
Brisbane-Sydney,Brisbane,Sydney,All Airlines,Jan-14,1378,1336,42,1193,1202,143,134,2014,1
Brisbane-Townsville,Brisbane,Townsville,All Airlines,Jan-14,338,334,4,292,294,42,40,2014,1
Broome-Perth,Broome,Perth,All Airlines,Jan-14,128,126,2,111,112,15,14,2014,1
Bundaberg-Brisbane,Bundaberg,Brisbane,All Airlines,Jan-14,149,147,2,123,115,24,32,2014,1
Cairns-Brisbane,Cairns,Brisbane,All Airlines,Jan-14,414,414,0,374,360,40,54,2014,1
Cairns-Melbourne,Cairns,Melbourne,All Airlines,Jan-14,188,188,0,152,152,36,36,2014,1
Cairns-Sydney,Cairns,Sydney,All Airlines,Jan-14,277,277,0,259,263,18,14,2014,1
Cairns-Townsville,Cairns,Townsville,All Airlines,Jan-14,186,176,10,161,160,15,16,2014,1
Canberra-Adelaide,Canberra,Adelaide,All Airlines,Jan-14,76,76,0,65,70,11,6,2014,1
Canberra-Brisbane,Canberra,Brisbane,All Airlines,Jan-14,241,238,3,208,209,30,29,2014,1
Canberra-Melbourne,Canberra,Melbourne,All Airlines,Jan-14,411,407,4,364,366,43,41,2014,1
Canberra-Sydney,Canberra,Sydney,All Airlines,Jan-14,655,630,25,576,581,54,49,2014,1
Coffs Harbour-Sydney,Coffs Harbour,Sydney,All Airlines,Jan-14,244,244,0,214,221,30,23,2014,1
Darwin-Brisbane,Darwin,Brisbane,All Airlines,Jan-14,67,67,0,62,57,5,10,2014,1
Darwin-Melbourne,Darwin,Melbourne,All Airlines,Jan-14,89,89,0,78,80,11,9,2014,1
Darwin-Perth,Darwin,Perth,All Airlines,Jan-14,58,58,0,50,53,8,5,2014,1
Darwin-Sydney,Darwin,Sydney,All Airlines,Jan-14,105,105,0,94,85,11,20,2014,1
Dubbo-Sydney,Dubbo,Sydney,All Airlines,Jan-14,195,195,0,176,171,19,24,2014,1
Emerald-Brisbane,Emerald,Brisbane,All Airlines,Jan-14,269,263,6,231,224,32,39,2014,1
Geraldton-Perth,Geraldton,Perth,All Airlines,Jan-14,161,160,1,145,147,15,13,2014,1
Gladstone-Brisbane,Gladstone,Brisbane,All Airlines,Jan-14,398,391,7,332,319,59,72,2014,1
Gold Coast-Adelaide,Gold Coast,Adelaide,All Airlines,Jan-14,78,78,0,73,74,5,4,2014,1
Gold Coast-Melbourne,Gold Coast,Melbourne,All Airlines,Jan-14,502,502,0,411,418,91,84,2014,1
Gold Coast-Sydney,Gold Coast,Sydney,All Airlines,Jan-14,891,879,12,778,808,101,71,2014,1
Hamilton Island-Brisbane,Hamilton Island,Brisbane,All Airlines,Jan-14,48,45,3,42,41,3,4,2014,1
Hamilton Island-Sydney,Hamilton Island,Sydney,All Airlines,Jan-14,62,58,4,49,47,9,11,2014,1
Hobart-Brisbane,Hobart,Brisbane,All Airlines,Jan-14,61,61,0,38,45,23,16,2014,1
Hobart-Melbourne,Hobart,Melbourne,All Airlines,Jan-14,486,485,1,407,393,78,92,2014,1
Hobart-Sydney,Hobart,Sydney,All Airlines,Jan-14,211,211,0,180,197,31,14,2014,1
Kalgoorlie-Perth,Kalgoorlie,Perth,All Airlines,Jan-14,146,140,6,133,131,7,9,2014,1
Karratha-Perth,Karratha,Perth,All Airlines,Jan-14,350,332,18,313,315,19,17,2014,1
Launceston-Melbourne,Launceston,Melbourne,All Airlines,Jan-14,411,408,3,350,343,58,65,2014,1
Launceston-Sydney,Launceston,Sydney,All Airlines,Jan-14,121,121,0,99,102,22,19,2014,1
Mackay-Brisbane,Mackay,Brisbane,All Airlines,Jan-14,327,313,14,264,257,49,56,2014,1
Melbourne-Adelaide,Melbourne,Adelaide,All Airlines,Jan-14,744,739,5,687,659,52,80,2014,1
Melbourne-Alice Springs,Melbourne,Alice Springs,All Airlines,Jan-14,49,49,0,43,42,6,7,2014,1
Melbourne-Brisbane,Melbourne,Brisbane,All Airlines,Jan-14,1015,1001,14,843,788,158,213,2014,1
Melbourne-Cairns,Melbourne,Cairns,All Airlines,Jan-14,186,186,0,157,160,29,26,2014,1
Melbourne-Canberra,Melbourne,Canberra,All Airlines,Jan-14,411,406,5,369,355,37,51,2014,1
Melbourne-Darwin,Melbourne,Darwin,All Airlines,Jan-14,88,88,0,77,76,11,12,2014,1
Melbourne-Gold Coast,Melbourne,Gold Coast,All Airlines,Jan-14,500,500,0,422,416,78,84,2014,1
Melbourne-Hobart,Melbourne,Hobart,All Airlines,Jan-14,483,483,0,410,415,73,68,2014,1
Melbourne-Launceston,Melbourne,Launceston,All Airlines,Jan-14,410,407,3,346,344,61,63,2014,1
Melbourne-Mildura,Melbourne,Mildura,All Airlines,Jan-14,181,181,0,174,165,7,16,2014,1
Melbourne-Newcastle,Melbourne,Newcastle,All Airlines,Jan-14,139,138,1,123,121,15,17,2014,1
Melbourne-Perth,Melbourne,Perth,All Airlines,Jan-14,510,509,1,441,416,68,93,2014,1
Melbourne-Sunshine Coast,Melbourne,Sunshine Coast,All Airlines,Jan-14,134,132,2,116,113,16,19,2014,1
Melbourne-Sydney,Melbourne,Sydney,All Airlines,Jan-14,2007,1977,30,1785,1804,192,173,2014,1
Mildura-Melbourne,Mildura,Melbourne,All Airlines,Jan-14,181,181,0,170,171,11,10,2014,1
Moranbah-Brisbane,Moranbah,Brisbane,All Airlines,Jan-14,219,198,21,179,164,19,34,2014,1
Mount Isa-Brisbane,Mount Isa,Brisbane,All Airlines,Jan-14,79,78,1,75,73,3,5,2014,1
Newcastle-Brisbane,Newcastle,Brisbane,All Airlines,Jan-14,264,258,6,196,192,62,66,2014,1
Newcastle-Melbourne,Newcastle,Melbourne,All Airlines,Jan-14,140,140,0,117,110,23,30,2014,1
Newman-Perth,Newman,Perth,All Airlines,Jan-14,216,209,7,193,197,16,12,2014,1
Perth-Adelaide,Perth,Adelaide,All Airlines,Jan-14,229,227,2,212,211,15,16,2014,1
Perth-Brisbane,Perth,Brisbane,All Airlines,Jan-14,254,252,2,233,211,19,41,2014,1
Perth-Broome,Perth,Broome,All Airlines,Jan-14,129,128,1,120,115,8,13,2014,1
Perth-Darwin,Perth,Darwin,All Airlines,Jan-14,58,58,0,50,48,8,10,2014,1
Perth-Geraldton,Perth,Geraldton,All Airlines,Jan-14,156,156,0,141,139,15,17,2014,1
Perth-Kalgoorlie,Perth,Kalgoorlie,All Airlines,Jan-14,146,144,2,137,136,7,8,2014,1
Perth-Karratha,Perth,Karratha,All Airlines,Jan-14,350,332,18,319,319,13,13,2014,1
Perth-Melbourne,Perth,Melbourne,All Airlines,Jan-14,512,511,1,450,454,61,57,2014,1
Perth-Newman,Perth,Newman,All Airlines,Jan-14,216,210,6,198,197,12,13,2014,1
Perth-Port Hedland,Perth,Port Hedland,All Airlines,Jan-14,228,226,2,215,216,11,10,2014,1
Perth-Sydney,Perth,Sydney,All Airlines,Jan-14,399,395,4,360,358,35,37,2014,1
Port Hedland-Perth,Port Hedland,Perth,All Airlines,Jan-14,228,226,2,204,204,22,22,2014,1
Port Lincoln-Adelaide,Port Lincoln,Adelaide,All Airlines,Jan-14,235,235,0,219,212,16,23,2014,1
Port Macquarie-Sydney,Port Macquarie,Sydney,All Airlines,Jan-14,197,197,0,164,144,33,53,2014,1
Proserpine-Brisbane,Proserpine,Brisbane,All Airlines,Jan-14,84,78,6,64,59,14,19,2014,1
Rockhampton-Brisbane,Rockhampton,Brisbane,All Airlines,Jan-14,376,367,9,318,304,49,63,2014,1
Sunshine Coast-Melbourne,Sunshine Coast,Melbourne,All Airlines,Jan-14,137,134,3,106,109,28,25,2014,1
Sunshine Coast-Sydney,Sunshine Coast,Sydney,All Airlines,Jan-14,155,153,2,138,139,15,14,2014,1
Sydney-Adelaide,Sydney,Adelaide,All Airlines,Jan-14,551,549,2,495,509,54,40,2014,1
Sydney-Albury,Sydney,Albury,All Airlines,Jan-14,226,226,0,202,200,24,26,2014,1
Sydney-Alice Springs,Sydney,Alice Springs,All Airlines,Jan-14,49,49,0,47,49,2,0,2014,1
Sydney-Ayers Rock,Sydney,Ayers Rock,All Airlines,Jan-14,49,49,0,46,48,3,1,2014,1
Sydney-Ballina,Sydney,Ballina,All Airlines,Jan-14,139,138,1,126,125,12,13,2014,1
Sydney-Brisbane,Sydney,Brisbane,All Airlines,Jan-14,1346,1305,41,1164,1133,141,172,2014,1
Sydney-Cairns,Sydney,Cairns,All Airlines,Jan-14,274,274,0,239,258,35,16,2014,1
Sydney-Canberra,Sydney,Canberra,All Airlines,Jan-14,654,631,23,578,584,53,47,2014,1
Sydney-Coffs Harbour,Sydney,Coffs Harbour,All Airlines,Jan-14,244,244,0,224,210,20,34,2014,1
Sydney-Darwin,Sydney,Darwin,All Airlines,Jan-14,106,106,0,101,101,5,5,2014,1
Sydney-Dubbo,Sydney,Dubbo,All Airlines,Jan-14,191,191,0,176,167,15,24,2014,1
Sydney-Gold Coast,Sydney,Gold Coast,All Airlines,Jan-14,890,879,11,788,795,91,84,2014,1
Sydney-Hamilton Island,Sydney,Hamilton Island,All Airlines,Jan-14,61,57,4,49,47,8,10,2014,1
Sydney-Hobart,Sydney,Hobart,All Airlines,Jan-14,210,210,0,187,192,23,18,2014,1
Sydney-Launceston,Sydney,Launceston,All Airlines,Jan-14,120,120,0,102,107,18,13,2014,1
Sydney-Melbourne,Sydney,Melbourne,All Airlines,Jan-14,2015,1983,32,1801,1796,182,187,2014,1
Sydney-Perth,Sydney,Perth,All Airlines,Jan-14,404,401,3,346,366,55,35,2014,1
Sydney-Port Macquarie,Sydney,Port Macquarie,All Airlines,Jan-14,196,196,0,177,167,19,29,2014,1
Sydney-Sunshine Coast,Sydney,Sunshine Coast,All Airlines,Jan-14,156,156,0,145,147,11,9,2014,1
Sydney-Townsville,Sydney,Townsville,All Airlines,Jan-14,59,59,0,58,58,1,1,2014,1
Sydney-Wagga Wagga,Sydney,Wagga Wagga,All Airlines,Jan-14,167,167,0,151,142,16,25,2014,1
Townsville-Brisbane,Townsville,Brisbane,All Airlines,Jan-14,339,335,4,294,289,41,46,2014,1
Townsville-Cairns,Townsville,Cairns,All Airlines,Jan-14,186,175,11,141,144,34,31,2014,1
Townsville-Sydney,Townsville,Sydney,All Airlines,Jan-14,61,61,0,54,55,7,6,2014,1
Wagga Wagga-Sydney,Wagga Wagga,Sydney,All Airlines,Jan-14,167,167,0,141,139,26,28,2014,1
Adelaide-Brisbane,Adelaide,Brisbane,All Airlines,Feb-14,225,225,0,213,214,12,11,2014,2
Adelaide-Canberra,Adelaide,Canberra,All Airlines,Feb-14,84,83,1,75,79,8,4,2014,2
Adelaide-Gold Coast,Adelaide,Gold Coast,All Airlines,Feb-14,56,56,0,51,52,5,4,2014,2
Adelaide-Melbourne,Adelaide,Melbourne,All Airlines,Feb-14,697,687,10,628,629,59,58,2014,2
Adelaide-Perth,Adelaide,Perth,All Airlines,Feb-14,189,189,0,169,173,20,16,2014,2
Adelaide-Port Lincoln,Adelaide,Port Lincoln,All Airlines,Feb-14,248,239,9,224,219,15,20,2014,2
Adelaide-Sydney,Adelaide,Sydney,All Airlines,Feb-14,508,505,3,465,476,40,29,2014,2
Albury-Sydney,Albury,Sydney,All Airlines,Feb-14,246,243,3,209,192,34,51,2014,2
Alice Springs-Melbourne,Alice Springs,Melbourne,All Airlines,Feb-14,42,42,0,30,38,12,4,2014,2
Alice Springs-Sydney,Alice Springs,Sydney,All Airlines,Feb-14,41,41,0,30,32,11,9,2014,2
Ayers Rock-Sydney,Ayers Rock,Sydney,All Airlines,Feb-14,44,44,0,41,42,3,2,2014,2
Ballina-Sydney,Ballina,Sydney,All Airlines,Feb-14,83,83,0,65,61,18,22,2014,2
Brisbane-Adelaide,Brisbane,Adelaide,All Airlines,Feb-14,225,225,0,197,205,28,20,2014,2
Brisbane-Bundaberg,Brisbane,Bundaberg,All Airlines,Feb-14,138,137,1,127,124,10,13,2014,2
Brisbane-Cairns,Brisbane,Cairns,All Airlines,Feb-14,321,321,0,294,303,27,18,2014,2
Brisbane-Canberra,Brisbane,Canberra,All Airlines,Feb-14,228,227,1,208,204,19,23,2014,2
Brisbane-Darwin,Brisbane,Darwin,All Airlines,Feb-14,62,62,0,60,61,2,1,2014,2
Brisbane-Emerald,Brisbane,Emerald,All Airlines,Feb-14,235,233,2,214,194,19,39,2014,2
Brisbane-Gladstone,Brisbane,Gladstone,All Airlines,Feb-14,336,323,13,299,286,24,37,2014,2
Brisbane-Hamilton Island,Brisbane,Hamilton Island,All Airlines,Feb-14,44,43,1,40,39,3,4,2014,2
Brisbane-Hobart,Brisbane,Hobart,All Airlines,Feb-14,48,48,0,42,37,6,11,2014,2
Brisbane-Mackay,Brisbane,Mackay,All Airlines,Feb-14,297,292,5,264,266,28,26,2014,2
Brisbane-Melbourne,Brisbane,Melbourne,All Airlines,Feb-14,878,863,15,776,761,87,102,2014,2
Brisbane-Moranbah,Brisbane,Moranbah,All Airlines,Feb-14,221,212,9,197,201,15,11,2014,2
Brisbane-Mount Isa,Brisbane,Mount Isa,All Airlines,Feb-14,72,72,0,69,69,3,3,2014,2
Brisbane-Newcastle,Brisbane,Newcastle,All Airlines,Feb-14,231,229,2,212,205,17,24,2014,2
Brisbane-Perth,Brisbane,Perth,All Airlines,Feb-14,213,213,0,191,198,22,15,2014,2
Brisbane-Proserpine,Brisbane,Proserpine,All Airlines,Feb-14,72,71,1,63,65,8,6,2014,2
Brisbane-Rockhampton,Brisbane,Rockhampton,All Airlines,Feb-14,391,377,14,334,343,43,34,2014,2
Brisbane-Sydney,Brisbane,Sydney,All Airlines,Feb-14,1200,1183,17,1068,1075,115,108,2014,2
Brisbane-Townsville,Brisbane,Townsville,All Airlines,Feb-14,304,301,3,271,280,30,21,2014,2
Broome-Perth,Broome,Perth,All Airlines,Feb-14,111,107,4,95,97,12,10,2014,2
Bundaberg-Brisbane,Bundaberg,Brisbane,All Airlines,Feb-14,138,137,1,122,119,15,18,2014,2
Cairns-Brisbane,Cairns,Brisbane,All Airlines,Feb-14,323,323,0,299,281,24,42,2014,2
Cairns-Melbourne,Cairns,Melbourne,All Airlines,Feb-14,121,120,1,91,97,29,23,2014,2
Cairns-Sydney,Cairns,Sydney,All Airlines,Feb-14,209,209,0,179,185,30,24,2014,2
Cairns-Townsville,Cairns,Townsville,All Airlines,Feb-14,173,171,2,153,152,18,19,2014,2
Canberra-Adelaide,Canberra,Adelaide,All Airlines,Feb-14,84,83,1,74,74,9,9,2014,2
Canberra-Brisbane,Canberra,Brisbane,All Airlines,Feb-14,229,227,2,203,203,24,24,2014,2
Canberra-Melbourne,Canberra,Melbourne,All Airlines,Feb-14,436,433,3,394,387,39,46,2014,2
Canberra-Sydney,Canberra,Sydney,All Airlines,Feb-14,795,756,39,683,681,73,75,2014,2
Coffs Harbour-Sydney,Coffs Harbour,Sydney,All Airlines,Feb-14,205,204,1,161,174,43,30,2014,2
Darwin-Brisbane,Darwin,Brisbane,All Airlines,Feb-14,61,61,0,57,53,4,8,2014,2
Darwin-Melbourne,Darwin,Melbourne,All Airlines,Feb-14,73,73,0,58,62,15,11,2014,2
Darwin-Perth,Darwin,Perth,All Airlines,Feb-14,52,52,0,52,52,0,0,2014,2
Darwin-Sydney,Darwin,Sydney,All Airlines,Feb-14,83,83,0,72,67,11,16,2014,2
Dubbo-Sydney,Dubbo,Sydney,All Airlines,Feb-14,250,245,5,216,204,29,41,2014,2
Emerald-Brisbane,Emerald,Brisbane,All Airlines,Feb-14,235,232,3,196,191,36,41,2014,2
Geraldton-Perth,Geraldton,Perth,All Airlines,Feb-14,140,140,0,126,124,14,16,2014,2
Gladstone-Brisbane,Gladstone,Brisbane,All Airlines,Feb-14,356,340,16,293,278,47,62,2014,2
Gold Coast-Adelaide,Gold Coast,Adelaide,All Airlines,Feb-14,56,56,0,50,51,6,5,2014,2
Gold Coast-Melbourne,Gold Coast,Melbourne,All Airlines,Feb-14,367,367,0,316,312,51,55,2014,2
Gold Coast-Sydney,Gold Coast,Sydney,All Airlines,Feb-14,695,690,5,622,631,68,59,2014,2
Hamilton Island-Brisbane,Hamilton Island,Brisbane,All Airlines,Feb-14,45,43,2,39,39,4,4,2014,2
Hamilton Island-Melbourne,Hamilton Island,Melbourne,All Airlines,Feb-14,28,28,0,25,25,3,3,2014,2
Hamilton Island-Sydney,Hamilton Island,Sydney,All Airlines,Feb-14,45,44,1,36,38,8,6,2014,2
Hobart-Brisbane,Hobart,Brisbane,All Airlines,Feb-14,48,48,0,31,34,17,14,2014,2
Hobart-Melbourne,Hobart,Melbourne,All Airlines,Feb-14,402,400,2,322,309,78,91,2014,2
Hobart-Sydney,Hobart,Sydney,All Airlines,Feb-14,140,140,0,121,127,19,13,2014,2
Kalgoorlie-Perth,Kalgoorlie,Perth,All Airlines,Feb-14,128,127,1,120,115,7,12,2014,2
Karratha-Perth,Karratha,Perth,All Airlines,Feb-14,320,301,19,287,286,14,15,2014,2
Launceston-Melbourne,Launceston,Melbourne,All Airlines,Feb-14,333,333,0,289,269,44,64,2014,2
Launceston-Sydney,Launceston,Sydney,All Airlines,Feb-14,84,84,0,74,74,10,10,2014,2
Mackay-Brisbane,Mackay,Brisbane,All Airlines,Feb-14,298,291,7,251,255,40,36,2014,2
Melbourne-Adelaide,Melbourne,Adelaide,All Airlines,Feb-14,697,688,9,638,613,50,75,2014,2
Melbourne-Alice Springs,Melbourne,Alice Springs,All Airlines,Feb-14,42,42,0,38,34,4,8,2014,2
Melbourne-Brisbane,Melbourne,Brisbane,All Airlines,Feb-14,877,860,17,779,708,81,152,2014,2
Melbourne-Cairns,Melbourne,Cairns,All Airlines,Feb-14,121,120,1,104,103,16,17,2014,2
Melbourne-Canberra,Melbourne,Canberra,All Airlines,Feb-14,436,431,5,399,382,32,49,2014,2
Melbourne-Darwin,Melbourne,Darwin,All Airlines,Feb-14,72,71,1,67,65,4,6,2014,2
Melbourne-Gold Coast,Melbourne,Gold Coast,All Airlines,Feb-14,367,367,0,314,304,53,63,2014,2
Melbourne-Hamilton Island,Melbourne,Hamilton Island,All Airlines,Feb-14,28,28,0,25,25,3,3,2014,2
Melbourne-Hobart,Melbourne,Hobart,All Airlines,Feb-14,400,400,0,347,343,53,57,2014,2
Melbourne-Launceston,Melbourne,Launceston,All Airlines,Feb-14,332,332,0,296,284,36,48,2014,2
Melbourne-Mildura,Melbourne,Mildura,All Airlines,Feb-14,179,179,0,167,156,12,23,2014,2
Melbourne-Newcastle,Melbourne,Newcastle,All Airlines,Feb-14,113,112,1,91,87,21,25,2014,2
Melbourne-Perth,Melbourne,Perth,All Airlines,Feb-14,435,434,1,382,385,52,49,2014,2
Melbourne-Sunshine Coast,Melbourne,Sunshine Coast,All Airlines,Feb-14,104,104,0,101,97,3,7,2014,2
Melbourne-Sydney,Melbourne,Sydney,All Airlines,Feb-14,2045,2019,26,1792,1735,227,284,2014,2
Mildura-Melbourne,Mildura,Melbourne,All Airlines,Feb-14,179,179,0,165,163,14,16,2014,2
Moranbah-Brisbane,Moranbah,Brisbane,All Airlines,Feb-14,219,207,12,192,187,15,20,2014,2
Mount Isa-Brisbane,Mount Isa,Brisbane,All Airlines,Feb-14,72,72,0,69,66,3,6,2014,2
Newcastle-Brisbane,Newcastle,Brisbane,All Airlines,Feb-14,232,229,3,193,185,36,44,2014,2
Newcastle-Melbourne,Newcastle,Melbourne,All Airlines,Feb-14,112,112,0,87,86,25,26,2014,2
Newman-Perth,Newman,Perth,All Airlines,Feb-14,192,188,4,178,178,10,10,2014,2
Perth-Adelaide,Perth,Adelaide,All Airlines,Feb-14,193,192,1,183,186,9,6,2014,2
Perth-Brisbane,Perth,Brisbane,All Airlines,Feb-14,214,214,0,196,192,18,22,2014,2
Perth-Broome,Perth,Broome,All Airlines,Feb-14,111,108,3,101,94,7,14,2014,2
Perth-Darwin,Perth,Darwin,All Airlines,Feb-14,52,52,0,47,47,5,5,2014,2
Perth-Geraldton,Perth,Geraldton,All Airlines,Feb-14,136,136,0,119,116,17,20,2014,2
Perth-Kalgoorlie,Perth,Kalgoorlie,All Airlines,Feb-14,128,128,0,122,121,6,7,2014,2
Perth-Karratha,Perth,Karratha,All Airlines,Feb-14,320,301,19,294,293,7,8,2014,2
Perth-Melbourne,Perth,Melbourne,All Airlines,Feb-14,436,434,2,391,371,43,63,2014,2
Perth-Newman,Perth,Newman,All Airlines,Feb-14,192,187,5,180,179,7,8,2014,2
Perth-Port Hedland,Perth,Port Hedland,All Airlines,Feb-14,204,203,1,197,196,6,7,2014,2
Perth-Sydney,Perth,Sydney,All Airlines,Feb-14,351,347,4,323,328,24,19,2014,2
Port Hedland-Perth,Port Hedland,Perth,All Airlines,Feb-14,204,201,3,190,192,11,9,2014,2
Port Lincoln-Adelaide,Port Lincoln,Adelaide,All Airlines,Feb-14,249,240,9,216,213,24,27,2014,2
Port Macquarie-Sydney,Port Macquarie,Sydney,All Airlines,Feb-14,178,173,5,122,114,51,59,2014,2
Proserpine-Brisbane,Proserpine,Brisbane,All Airlines,Feb-14,72,71,1,65,60,6,11,2014,2
Rockhampton-Brisbane,Rockhampton,Brisbane,All Airlines,Feb-14,372,357,15,324,318,33,39,2014,2
Sunshine Coast-Melbourne,Sunshine Coast,Melbourne,All Airlines,Feb-14,104,104,0,95,90,9,14,2014,2
Sunshine Coast-Sydney,Sunshine Coast,Sydney,All Airlines,Feb-14,112,112,0,104,105,8,7,2014,2
Sydney-Adelaide,Sydney,Adelaide,All Airlines,Feb-14,502,500,2,467,464,33,36,2014,2
Sydney-Albury,Sydney,Albury,All Airlines,Feb-14,245,243,2,204,197,39,46,2014,2
Sydney-Alice Springs,Sydney,Alice Springs,All Airlines,Feb-14,41,41,0,39,38,2,3,2014,2
Sydney-Ayers Rock,Sydney,Ayers Rock,All Airlines,Feb-14,44,44,0,43,41,1,3,2014,2
Sydney-Ballina,Sydney,Ballina,All Airlines,Feb-14,87,87,0,74,72,13,15,2014,2
Sydney-Brisbane,Sydney,Brisbane,All Airlines,Feb-14,1175,1160,15,1021,1002,139,158,2014,2
Sydney-Cairns,Sydney,Cairns,All Airlines,Feb-14,211,211,0,185,195,26,16,2014,2
Sydney-Canberra,Sydney,Canberra,All Airlines,Feb-14,794,762,32,674,678,88,84,2014,2
Sydney-Coffs Harbour,Sydney,Coffs Harbour,All Airlines,Feb-14,205,205,0,181,162,24,43,2014,2
Sydney-Darwin,Sydney,Darwin,All Airlines,Feb-14,83,83,0,78,76,5,7,2014,2
Sydney-Dubbo,Sydney,Dubbo,All Airlines,Feb-14,245,244,1,207,192,37,52,2014,2
Sydney-Gold Coast,Sydney,Gold Coast,All Airlines,Feb-14,694,689,5,611,616,78,73,2014,2
Sydney-Hamilton Island,Sydney,Hamilton Island,All Airlines,Feb-14,45,44,1,37,38,7,6,2014,2
Sydney-Hobart,Sydney,Hobart,All Airlines,Feb-14,139,139,0,126,131,13,8,2014,2
Sydney-Launceston,Sydney,Launceston,All Airlines,Feb-14,84,84,0,75,78,9,6,2014,2
Sydney-Melbourne,Sydney,Melbourne,All Airlines,Feb-14,2045,2020,25,1843,1778,177,242,2014,2
Sydney-Perth,Sydney,Perth,All Airlines,Feb-14,354,352,2,306,327,46,25,2014,2
Sydney-Port Macquarie,Sydney,Port Macquarie,All Airlines,Feb-14,179,175,4,144,130,31,45,2014,2
Sydney-Sunshine Coast,Sydney,Sunshine Coast,All Airlines,Feb-14,113,113,0,104,108,9,5,2014,2
Sydney-Townsville,Sydney,Townsville,All Airlines,Feb-14,44,44,0,40,40,4,4,2014,2
Sydney-Wagga Wagga,Sydney,Wagga Wagga,All Airlines,Feb-14,205,205,0,181,172,24,33,2014,2
Townsville-Brisbane,Townsville,Brisbane,All Airlines,Feb-14,304,301,3,285,279,16,22,2014,2
Townsville-Cairns,Townsville,Cairns,All Airlines,Feb-14,173,172,1,150,151,22,21,2014,2
Townsville-Sydney,Townsville,Sydney,All Airlines,Feb-14,44,44,0,40,41,4,3,2014,2
Wagga Wagga-Sydney,Wagga Wagga,Sydney,All Airlines,Feb-14,204,204,0,173,166,31,38,2014,2
Adelaide-Brisbane,Adelaide,Brisbane,All Airlines,Mar-14,267,267,0,236,231,31,36,2014,3
Adelaide-Canberra,Adelaide,Canberra,All Airlines,Mar-14,94,94,0,81,80,13,14,2014,3
Adelaide-Gold Coast,Adelaide,Gold Coast,All Airlines,Mar-14,63,63,0,55,56,8,7,2014,3
Adelaide-Melbourne,Adelaide,Melbourne,All Airlines,Mar-14,747,742,5,634,635,108,107,2014,3
Adelaide-Perth,Adelaide,Perth,All Airlines,Mar-14,209,208,1,187,195,21,13,2014,3
Adelaide-Port Lincoln,Adelaide,Port Lincoln,All Airlines,Mar-14,311,310,1,286,276,24,34,2014,3
Adelaide-Sydney,Adelaide,Sydney,All Airlines,Mar-14,570,569,1,494,488,75,81,2014,3
Albury-Sydney,Albury,Sydney,All Airlines,Mar-14,290,290,0,237,213,53,77,2014,3
Alice Springs-Melbourne,Alice Springs,Melbourne,All Airlines,Mar-14,48,48,0,33,38,15,10,2014,3
Alice Springs-Sydney,Alice Springs,Sydney,All Airlines,Mar-14,49,49,0,36,40,13,9,2014,3
Ayers Rock-Sydney,Ayers Rock,Sydney,All Airlines,Mar-14,50,50,0,35,37,15,13,2014,3
Ballina-Sydney,Ballina,Sydney,All Airlines,Mar-14,103,101,2,69,66,32,35,2014,3
Brisbane-Adelaide,Brisbane,Adelaide,All Airlines,Mar-14,266,266,0,231,233,35,33,2014,3
Brisbane-Bundaberg,Brisbane,Bundaberg,All Airlines,Mar-14,159,159,0,129,128,30,31,2014,3
Brisbane-Cairns,Brisbane,Cairns,All Airlines,Mar-14,345,343,2,290,284,53,59,2014,3
Brisbane-Canberra,Brisbane,Canberra,All Airlines,Mar-14,257,256,1,216,216,40,40,2014,3
Brisbane-Darwin,Brisbane,Darwin,All Airlines,Mar-14,79,79,0,68,67,11,12,2014,3
Brisbane-Emerald,Brisbane,Emerald,All Airlines,Mar-14,255,248,7,222,187,26,61,2014,3
Brisbane-Gladstone,Brisbane,Gladstone,All Airlines,Mar-14,357,348,9,298,273,50,75,2014,3
Brisbane-Hamilton Island,Brisbane,Hamilton Island,All Airlines,Mar-14,52,48,4,45,41,3,7,2014,3
Brisbane-Hobart,Brisbane,Hobart,All Airlines,Mar-14,62,62,0,55,52,7,10,2014,3
Brisbane-Mackay,Brisbane,Mackay,All Airlines,Mar-14,346,339,7,282,269,57,70,2014,3
Brisbane-Melbourne,Brisbane,Melbourne,All Airlines,Mar-14,990,985,5,792,789,193,196,2014,3
Brisbane-Moranbah,Brisbane,Moranbah,All Airlines,Mar-14,238,228,10,191,192,37,36,2014,3
Brisbane-Mount Isa,Brisbane,Mount Isa,All Airlines,Mar-14,78,78,0,69,71,9,7,2014,3
Brisbane-Newcastle,Brisbane,Newcastle,All Airlines,Mar-14,257,251,6,211,195,40,56,2014,3
Brisbane-Perth,Brisbane,Perth,All Airlines,Mar-14,243,241,2,194,194,47,47,2014,3
Brisbane-Proserpine,Brisbane,Proserpine,All Airlines,Mar-14,79,79,0,67,69,12,10,2014,3
Brisbane-Rockhampton,Brisbane,Rockhampton,All Airlines,Mar-14,445,426,19,341,338,85,88,2014,3
Brisbane-Sydney,Brisbane,Sydney,All Airlines,Mar-14,1353,1329,24,1153,1155,176,174,2014,3
Brisbane-Townsville,Brisbane,Townsville,All Airlines,Mar-14,333,332,1,285,279,47,53,2014,3
Broome-Perth,Broome,Perth,All Airlines,Mar-14,126,126,0,116,116,10,10,2014,3
Bundaberg-Brisbane,Bundaberg,Brisbane,All Airlines,Mar-14,158,158,0,128,121,30,37,2014,3
Cairns-Brisbane,Cairns,Brisbane,All Airlines,Mar-14,347,345,2,296,296,49,49,2014,3
Cairns-Melbourne,Cairns,Melbourne,All Airlines,Mar-14,156,155,1,117,126,38,29,2014,3
Cairns-Sydney,Cairns,Sydney,All Airlines,Mar-14,226,225,1,188,203,37,22,2014,3
Canberra-Adelaide,Canberra,Adelaide,All Airlines,Mar-14,94,94,0,81,83,13,11,2014,3
Canberra-Brisbane,Canberra,Brisbane,All Airlines,Mar-14,257,256,1,213,211,43,45,2014,3
Canberra-Melbourne,Canberra,Melbourne,All Airlines,Mar-14,471,462,9,388,384,74,78,2014,3
Canberra-Sydney,Canberra,Sydney,All Airlines,Mar-14,865,824,41,696,687,128,137,2014,3
Coffs Harbour-Sydney,Coffs Harbour,Sydney,All Airlines,Mar-14,228,224,4,174,173,50,51,2014,3
Darwin-Brisbane,Darwin,Brisbane,All Airlines,Mar-14,79,79,0,64,66,15,13,2014,3
Darwin-Melbourne,Darwin,Melbourne,All Airlines,Mar-14,91,91,0,84,89,7,2,2014,3
Darwin-Perth,Darwin,Perth,All Airlines,Mar-14,63,63,0,59,58,4,5,2014,3
Darwin-Sydney,Darwin,Sydney,All Airlines,Mar-14,99,99,0,86,86,13,13,2014,3
Dubbo-Sydney,Dubbo,Sydney,All Airlines,Mar-14,288,285,3,236,218,49,67,2014,3
Emerald-Brisbane,Emerald,Brisbane,All Airlines,Mar-14,255,248,7,192,192,56,56,2014,3
Geraldton-Perth,Geraldton,Perth,All Airlines,Mar-14,151,151,0,139,135,12,16,2014,3
Gladstone-Brisbane,Gladstone,Brisbane,All Airlines,Mar-14,378,364,14,292,280,72,84,2014,3
Gold Coast-Adelaide,Gold Coast,Adelaide,All Airlines,Mar-14,63,63,0,54,54,9,9,2014,3
Gold Coast-Melbourne,Gold Coast,Melbourne,All Airlines,Mar-14,439,436,3,343,350,93,86,2014,3
Gold Coast-Sydney,Gold Coast,Sydney,All Airlines,Mar-14,834,811,23,686,705,125,106,2014,3
Hamilton Island-Brisbane,Hamilton Island,Brisbane,All Airlines,Mar-14,52,48,4,41,43,7,5,2014,3
Hamilton Island-Melbourne,Hamilton Island,Melbourne,All Airlines,Mar-14,35,31,4,26,28,5,3,2014,3
Hamilton Island-Sydney,Hamilton Island,Sydney,All Airlines,Mar-14,53,49,4,38,41,11,8,2014,3
Hobart-Brisbane,Hobart,Brisbane,All Airlines,Mar-14,62,62,0,46,47,16,15,2014,3
Hobart-Melbourne,Hobart,Melbourne,All Airlines,Mar-14,462,461,1,372,356,89,105,2014,3
Hobart-Sydney,Hobart,Sydney,All Airlines,Mar-14,183,182,1,145,145,37,37,2014,3
Kalgoorlie-Perth,Kalgoorlie,Perth,All Airlines,Mar-14,142,139,3,129,128,10,11,2014,3
Karratha-Perth,Karratha,Perth,All Airlines,Mar-14,325,316,9,302,300,14,16,2014,3
Launceston-Melbourne,Launceston,Melbourne,All Airlines,Mar-14,375,370,5,298,290,72,80,2014,3
Launceston-Sydney,Launceston,Sydney,All Airlines,Mar-14,94,93,1,70,69,23,24,2014,3
Mackay-Brisbane,Mackay,Brisbane,All Airlines,Mar-14,346,338,8,271,280,67,58,2014,3
Melbourne-Adelaide,Melbourne,Adelaide,All Airlines,Mar-14,745,743,2,655,630,88,113,2014,3
Melbourne-Alice Springs,Melbourne,Alice Springs,All Airlines,Mar-14,48,48,0,41,39,7,9,2014,3
Melbourne-Brisbane,Melbourne,Brisbane,All Airlines,Mar-14,992,981,11,832,714,149,267,2014,3
Melbourne-Cairns,Melbourne,Cairns,All Airlines,Mar-14,156,155,1,135,120,20,35,2014,3
Melbourne-Canberra,Melbourne,Canberra,All Airlines,Mar-14,472,465,7,394,375,71,90,2014,3
Melbourne-Darwin,Melbourne,Darwin,All Airlines,Mar-14,91,91,0,85,83,6,8,2014,3
Melbourne-Gold Coast,Melbourne,Gold Coast,All Airlines,Mar-14,439,437,2,365,332,72,105,2014,3
Melbourne-Hamilton Island,Melbourne,Hamilton Island,All Airlines,Mar-14,35,32,3,28,28,4,4,2014,3
Melbourne-Hobart,Melbourne,Hobart,All Airlines,Mar-14,463,462,1,385,386,77,76,2014,3
Melbourne-Launceston,Melbourne,Launceston,All Airlines,Mar-14,374,369,5,314,300,55,69,2014,3
Melbourne-Mildura,Melbourne,Mildura,All Airlines,Mar-14,203,203,0,180,172,23,31,2014,3
Melbourne-Newcastle,Melbourne,Newcastle,All Airlines,Mar-14,130,130,0,111,108,19,22,2014,3
Melbourne-Perth,Melbourne,Perth,All Airlines,Mar-14,503,501,2,422,439,79,62,2014,3
Melbourne-Sunshine Coast,Melbourne,Sunshine Coast,All Airlines,Mar-14,127,125,2,107,96,18,29,2014,3
Melbourne-Sydney,Melbourne,Sydney,All Airlines,Mar-14,2219,2179,40,1855,1722,324,457,2014,3
Mildura-Melbourne,Mildura,Melbourne,All Airlines,Mar-14,202,202,0,171,167,31,35,2014,3
Moranbah-Brisbane,Moranbah,Brisbane,All Airlines,Mar-14,234,223,11,183,177,40,46,2014,3
Mount Isa-Brisbane,Mount Isa,Brisbane,All Airlines,Mar-14,78,78,0,69,71,9,7,2014,3
Newcastle-Brisbane,Newcastle,Brisbane,All Airlines,Mar-14,258,252,6,188,173,64,79,2014,3
Newcastle-Melbourne,Newcastle,Melbourne,All Airlines,Mar-14,133,133,0,109,106,24,27,2014,3
Newman-Perth,Newman,Perth,All Airlines,Mar-14,195,190,5,183,183,7,7,2014,3
Perth-Adelaide,Perth,Adelaide,All Airlines,Mar-14,210,208,2,194,193,14,15,2014,3
Perth-Brisbane,Perth,Brisbane,All Airlines,Mar-14,243,242,1,221,220,21,22,2014,3
Perth-Broome,Perth,Broome,All Airlines,Mar-14,126,126,0,116,114,10,12,2014,3
Perth-Darwin,Perth,Darwin,All Airlines,Mar-14,63,63,0,59,56,4,7,2014,3
Perth-Geraldton,Perth,Geraldton,All Airlines,Mar-14,147,147,0,140,136,7,11,2014,3
Perth-Kalgoorlie,Perth,Kalgoorlie,All Airlines,Mar-14,141,139,2,133,133,6,6,2014,3
Perth-Karratha,Perth,Karratha,All Airlines,Mar-14,325,317,8,307,303,10,14,2014,3
Perth-Melbourne,Perth,Melbourne,All Airlines,Mar-14,507,502,5,432,409,70,93,2014,3
Perth-Newman,Perth,Newman,All Airlines,Mar-14,195,192,3,182,186,10,6,2014,3
Perth-Port Hedland,Perth,Port Hedland,All Airlines,Mar-14,217,214,3,207,209,7,5,2014,3
Perth-Sydney,Perth,Sydney,All Airlines,Mar-14,388,385,3,353,343,32,42,2014,3
Port Hedland-Perth,Port Hedland,Perth,All Airlines,Mar-14,217,214,3,205,206,9,8,2014,3
Port Lincoln-Adelaide,Port Lincoln,Adelaide,All Airlines,Mar-14,312,311,1,277,273,34,38,2014,3
Port Macquarie-Sydney,Port Macquarie,Sydney,All Airlines,Mar-14,196,195,1,124,107,71,88,2014,3
Proserpine-Brisbane,Proserpine,Brisbane,All Airlines,Mar-14,82,79,3,64,61,15,18,2014,3
Rockhampton-Brisbane,Rockhampton,Brisbane,All Airlines,Mar-14,423,403,20,328,319,75,84,2014,3
Sunshine Coast-Melbourne,Sunshine Coast,Melbourne,All Airlines,Mar-14,127,124,3,96,95,28,29,2014,3
Sunshine Coast-Sydney,Sunshine Coast,Sydney,All Airlines,Mar-14,128,127,1,101,100,26,27,2014,3
Sydney-Adelaide,Sydney,Adelaide,All Airlines,Mar-14,565,565,0,493,497,72,68,2014,3
Sydney-Albury,Sydney,Albury,All Airlines,Mar-14,290,290,0,229,223,61,67,2014,3
Sydney-Alice Springs,Sydney,Alice Springs,All Airlines,Mar-14,49,49,0,43,45,6,4,2014,3
Sydney-Ayers Rock,Sydney,Ayers Rock,All Airlines,Mar-14,50,50,0,42,42,8,8,2014,3
Sydney-Ballina,Sydney,Ballina,All Airlines,Mar-14,106,105,1,87,79,18,26,2014,3
Sydney-Brisbane,Sydney,Brisbane,All Airlines,Mar-14,1326,1301,25,1058,986,243,315,2014,3
Sydney-Cairns,Sydney,Cairns,All Airlines,Mar-14,226,225,1,198,185,27,40,2014,3
Sydney-Canberra,Sydney,Canberra,All Airlines,Mar-14,866,830,36,697,690,133,140,2014,3
Sydney-Coffs Harbour,Sydney,Coffs Harbour,All Airlines,Mar-14,227,224,3,193,173,31,51,2014,3
Sydney-Darwin,Sydney,Darwin,All Airlines,Mar-14,98,98,0,89,86,9,12,2014,3
Sydney-Dubbo,Sydney,Dubbo,All Airlines,Mar-14,282,281,1,221,204,60,77,2014,3
Sydney-Gold Coast,Sydney,Gold Coast,All Airlines,Mar-14,831,811,20,706,691,105,120,2014,3
Sydney-Hamilton Island,Sydney,Hamilton Island,All Airlines,Mar-14,52,50,2,42,37,8,13,2014,3
Sydney-Hobart,Sydney,Hobart,All Airlines,Mar-14,184,183,1,147,156,36,27,2014,3
Sydney-Launceston,Sydney,Launceston,All Airlines,Mar-14,92,92,0,72,75,20,17,2014,3
Sydney-Melbourne,Sydney,Melbourne,All Airlines,Mar-14,2216,2172,44,1814,1768,358,404,2014,3
Sydney-Perth,Sydney,Perth,All Airlines,Mar-14,390,389,1,310,335,79,54,2014,3
Sydney-Port Macquarie,Sydney,Port Macquarie,All Airlines,Mar-14,197,196,1,155,128,41,68,2014,3
Sydney-Sunshine Coast,Sydney,Sunshine Coast,All Airlines,Mar-14,129,129,0,114,115,15,14,2014,3
Sydney-Townsville,Sydney,Townsville,All Airlines,Mar-14,41,40,1,34,31,6,9,2014,3
Sydney-Wagga Wagga,Sydney,Wagga Wagga,All Airlines,Mar-14,253,253,0,224,211,29,42,2014,3
Townsville-Brisbane,Townsville,Brisbane,All Airlines,Mar-14,334,333,1,287,292,46,41,2014,3
Townsville-Sydney,Townsville,Sydney,All Airlines,Mar-14,41,40,1,31,33,9,7,2014,3
Wagga Wagga-Sydney,Wagga Wagga,Sydney,All Airlines,Mar-14,252,252,0,213,197,39,55,2014,3
Adelaide-Brisbane,Adelaide,Brisbane,All Airlines,Apr-14,273,273,0,244,245,29,28,2014,4
Adelaide-Canberra,Adelaide,Canberra,All Airlines,Apr-14,91,89,2,79,82,10,7,2014,4
Adelaide-Gold Coast,Adelaide,Gold Coast,All Airlines,Apr-14,74,74,0,67,66,7,8,2014,4
Adelaide-Melbourne,Adelaide,Melbourne,All Airlines,Apr-14,751,741,10,581,590,160,151,2014,4
Adelaide-Perth,Adelaide,Perth,All Airlines,Apr-14,212,211,1,177,185,34,26,2014,4
Adelaide-Port Lincoln,Adelaide,Port Lincoln,All Airlines,Apr-14,291,291,0,272,271,19,20,2014,4
Adelaide-Sydney,Adelaide,Sydney,All Airlines,Apr-14,592,587,5,482,501,105,86,2014,4
Albury-Sydney,Albury,Sydney,All Airlines,Apr-14,270,269,1,223,227,46,42,2014,4
Alice Springs-Melbourne,Alice Springs,Melbourne,All Airlines,Apr-14,48,48,0,27,29,21,19,2014,4
Alice Springs-Sydney,Alice Springs,Sydney,All Airlines,Apr-14,47,47,0,33,39,14,8,2014,4
Ayers Rock-Sydney,Ayers Rock,Sydney,All Airlines,Apr-14,48,47,1,39,36,8,11,2014,4
Ballina-Sydney,Ballina,Sydney,All Airlines,Apr-14,143,143,0,119,125,24,18,2014,4
Brisbane-Adelaide,Brisbane,Adelaide,All Airlines,Apr-14,273,273,0,233,247,40,26,2014,4
Brisbane-Bundaberg,Brisbane,Bundaberg,All Airlines,Apr-14,151,151,0,125,116,26,35,2014,4
Brisbane-Cairns,Brisbane,Cairns,All Airlines,Apr-14,388,376,12,312,326,64,50,2014,4
Brisbane-Canberra,Brisbane,Canberra,All Airlines,Apr-14,248,246,2,205,214,41,32,2014,4
Brisbane-Darwin,Brisbane,Darwin,All Airlines,Apr-14,123,122,1,103,109,19,13,2014,4
Brisbane-Emerald,Brisbane,Emerald,All Airlines,Apr-14,234,229,5,215,189,14,40,2014,4
Brisbane-Gladstone,Brisbane,Gladstone,All Airlines,Apr-14,357,352,5,322,312,30,40,2014,4
Brisbane-Hamilton Island,Brisbane,Hamilton Island,All Airlines,Apr-14,46,44,2,41,42,3,2,2014,4
Brisbane-Hobart,Brisbane,Hobart,All Airlines,Apr-14,58,58,0,50,52,8,6,2014,4
Brisbane-Mackay,Brisbane,Mackay,All Airlines,Apr-14,314,308,6,269,273,39,35,2014,4
Brisbane-Melbourne,Brisbane,Melbourne,All Airlines,Apr-14,1012,993,19,756,750,237,243,2014,4
Brisbane-Moranbah,Brisbane,Moranbah,All Airlines,Apr-14,235,223,12,199,206,24,17,2014,4
Brisbane-Mount Isa,Brisbane,Mount Isa,All Airlines,Apr-14,78,78,0,69,70,9,8,2014,4
Brisbane-Newcastle,Brisbane,Newcastle,All Airlines,Apr-14,263,261,2,231,212,30,49,2014,4
Brisbane-Perth,Brisbane,Perth,All Airlines,Apr-14,241,241,0,186,193,55,48,2014,4
Brisbane-Proserpine,Brisbane,Proserpine,All Airlines,Apr-14,83,81,2,71,75,10,6,2014,4
Brisbane-Rockhampton,Brisbane,Rockhampton,All Airlines,Apr-14,422,412,10,362,361,50,51,2014,4
Brisbane-Sydney,Brisbane,Sydney,All Airlines,Apr-14,1404,1370,34,1153,1155,217,215,2014,4
Brisbane-Townsville,Brisbane,Townsville,All Airlines,Apr-14,337,329,8,279,297,50,32,2014,4
Broome-Perth,Broome,Perth,All Airlines,Apr-14,157,154,3,133,137,21,17,2014,4
Bundaberg-Brisbane,Bundaberg,Brisbane,All Airlines,Apr-14,152,152,0,129,124,23,28,2014,4
Cairns-Brisbane,Cairns,Brisbane,All Airlines,Apr-14,386,370,16,309,298,61,72,2014,4
Cairns-Melbourne,Cairns,Melbourne,All Airlines,Apr-14,219,208,11,154,161,54,47,2014,4
Cairns-Sydney,Cairns,Sydney,All Airlines,Apr-14,295,284,11,235,245,49,39,2014,4
Canberra-Adelaide,Canberra,Adelaide,All Airlines,Apr-14,91,89,2,78,76,11,13,2014,4
Canberra-Brisbane,Canberra,Brisbane,All Airlines,Apr-14,249,246,3,209,199,37,47,2014,4
Canberra-Melbourne,Canberra,Melbourne,All Airlines,Apr-14,469,462,7,361,350,101,112,2014,4
Canberra-Sydney,Canberra,Sydney,All Airlines,Apr-14,794,771,23,686,681,85,90,2014,4
Coffs Harbour-Sydney,Coffs Harbour,Sydney,All Airlines,Apr-14,211,210,1,172,180,38,30,2014,4
Darwin-Brisbane,Darwin,Brisbane,All Airlines,Apr-14,124,122,2,97,89,25,33,2014,4
Darwin-Melbourne,Darwin,Melbourne,All Airlines,Apr-14,91,90,1,72,73,18,17,2014,4
Darwin-Perth,Darwin,Perth,All Airlines,Apr-14,65,65,0,57,62,8,3,2014,4
Darwin-Sydney,Darwin,Sydney,All Airlines,Apr-14,110,110,0,94,94,16,16,2014,4
Dubbo-Sydney,Dubbo,Sydney,All Airlines,Apr-14,265,265,0,224,220,41,45,2014,4
Emerald-Brisbane,Emerald,Brisbane,All Airlines,Apr-14,234,229,5,203,196,26,33,2014,4
Geraldton-Perth,Geraldton,Perth,All Airlines,Apr-14,147,147,0,133,133,14,14,2014,4
Gladstone-Brisbane,Gladstone,Brisbane,All Airlines,Apr-14,375,370,5,316,293,54,77,2014,4
Gold Coast-Adelaide,Gold Coast,Adelaide,All Airlines,Apr-14,74,74,0,69,72,5,2,2014,4
Gold Coast-Melbourne,Gold Coast,Melbourne,All Airlines,Apr-14,483,470,13,336,349,134,121,2014,4
Gold Coast-Sydney,Gold Coast,Sydney,All Airlines,Apr-14,815,788,27,662,676,126,112,2014,4
Hamilton Island-Brisbane,Hamilton Island,Brisbane,All Airlines,Apr-14,47,45,2,43,41,2,4,2014,4
Hamilton Island-Melbourne,Hamilton Island,Melbourne,All Airlines,Apr-14,34,34,0,28,28,6,6,2014,4
Hamilton Island-Sydney,Hamilton Island,Sydney,All Airlines,Apr-14,60,58,2,49,50,9,8,2014,4
Hobart-Brisbane,Hobart,Brisbane,All Airlines,Apr-14,58,58,0,44,41,14,17,2014,4
Hobart-Melbourne,Hobart,Melbourne,All Airlines,Apr-14,426,420,6,318,297,102,123,2014,4
Hobart-Sydney,Hobart,Sydney,All Airlines,Apr-14,173,173,0,144,141,29,32,2014,4
Kalgoorlie-Perth,Kalgoorlie,Perth,All Airlines,Apr-14,140,140,0,129,129,11,11,2014,4
Karratha-Perth,Karratha,Perth,All Airlines,Apr-14,320,308,12,288,293,20,15,2014,4
Launceston-Melbourne,Launceston,Melbourne,All Airlines,Apr-14,369,361,8,276,246,85,115,2014,4
Launceston-Sydney,Launceston,Sydney,All Airlines,Apr-14,88,87,1,73,74,14,13,2014,4
Mackay-Brisbane,Mackay,Brisbane,All Airlines,Apr-14,313,306,7,262,257,44,49,2014,4
Melbourne-Adelaide,Melbourne,Adelaide,All Airlines,Apr-14,750,743,7,602,576,141,167,2014,4
Melbourne-Alice Springs,Melbourne,Alice Springs,All Airlines,Apr-14,48,48,0,37,34,11,14,2014,4
Melbourne-Brisbane,Melbourne,Brisbane,All Airlines,Apr-14,1013,998,15,738,682,260,316,2014,4
Melbourne-Cairns,Melbourne,Cairns,All Airlines,Apr-14,219,209,10,165,155,44,54,2014,4
Melbourne-Canberra,Melbourne,Canberra,All Airlines,Apr-14,470,465,5,386,360,79,105,2014,4
Melbourne-Darwin,Melbourne,Darwin,All Airlines,Apr-14,89,89,0,75,73,14,16,2014,4
Melbourne-Gold Coast,Melbourne,Gold Coast,All Airlines,Apr-14,480,470,10,351,331,119,139,2014,4
Melbourne-Hamilton Island,Melbourne,Hamilton Island,All Airlines,Apr-14,33,33,0,29,29,4,4,2014,4
Melbourne-Hobart,Melbourne,Hobart,All Airlines,Apr-14,426,420,6,350,348,70,72,2014,4
Melbourne-Launceston,Melbourne,Launceston,All Airlines,Apr-14,367,357,10,279,271,78,86,2014,4
Melbourne-Mildura,Melbourne,Mildura,All Airlines,Apr-14,195,195,0,155,151,40,44,2014,4
Melbourne-Newcastle,Melbourne,Newcastle,All Airlines,Apr-14,134,132,2,101,103,31,29,2014,4
Melbourne-Perth,Melbourne,Perth,All Airlines,Apr-14,492,489,3,358,361,131,128,2014,4
Melbourne-Sunshine Coast,Melbourne,Sunshine Coast,All Airlines,Apr-14,128,125,3,99,87,26,38,2014,4
Melbourne-Sydney,Melbourne,Sydney,All Airlines,Apr-14,2192,2063,129,1659,1592,404,471,2014,4
Mildura-Melbourne,Mildura,Melbourne,All Airlines,Apr-14,195,195,0,149,141,46,54,2014,4
Moranbah-Brisbane,Moranbah,Brisbane,All Airlines,Apr-14,230,220,10,195,191,25,29,2014,4
Mount Isa-Brisbane,Mount Isa,Brisbane,All Airlines,Apr-14,78,78,0,65,68,13,10,2014,4
Newcastle-Brisbane,Newcastle,Brisbane,All Airlines,Apr-14,265,263,2,201,200,62,63,2014,4
Newcastle-Melbourne,Newcastle,Melbourne,All Airlines,Apr-14,136,132,4,108,104,24,28,2014,4
Newman-Perth,Newman,Perth,All Airlines,Apr-14,219,213,6,197,199,16,14,2014,4
Perth-Adelaide,Perth,Adelaide,All Airlines,Apr-14,216,215,1,199,198,16,17,2014,4
Perth-Brisbane,Perth,Brisbane,All Airlines,Apr-14,243,243,0,214,196,29,47,2014,4
Perth-Broome,Perth,Broome,All Airlines,Apr-14,154,152,2,143,144,9,8,2014,4
Perth-Darwin,Perth,Darwin,All Airlines,Apr-14,65,65,0,59,55,6,10,2014,4
Perth-Geraldton,Perth,Geraldton,All Airlines,Apr-14,145,145,0,133,130,12,15,2014,4
Perth-Kalgoorlie,Perth,Kalgoorlie,All Airlines,Apr-14,140,140,0,132,132,8,8,2014,4
Perth-Karratha,Perth,Karratha,All Airlines,Apr-14,320,310,10,287,294,23,16,2014,4
Perth-Melbourne,Perth,Melbourne,All Airlines,Apr-14,492,489,3,390,392,99,97,2014,4
Perth-Newman,Perth,Newman,All Airlines,Apr-14,217,212,5,195,199,17,13,2014,4
Perth-Port Hedland,Perth,Port Hedland,All Airlines,Apr-14,215,212,3,202,204,10,8,2014,4
Perth-Sydney,Perth,Sydney,All Airlines,Apr-14,376,375,1,319,332,56,43,2014,4
Port Hedland-Perth,Port Hedland,Perth,All Airlines,Apr-14,215,211,4,187,188,24,23,2014,4
Port Lincoln-Adelaide,Port Lincoln,Adelaide,All Airlines,Apr-14,291,290,1,275,270,15,20,2014,4
Port Macquarie-Sydney,Port Macquarie,Sydney,All Airlines,Apr-14,193,192,1,143,132,49,60,2014,4
Proserpine-Brisbane,Proserpine,Brisbane,All Airlines,Apr-14,83,81,2,76,71,5,10,2014,4
Rockhampton-Brisbane,Rockhampton,Brisbane,All Airlines,Apr-14,400,387,13,338,321,49,66,2014,4
Sunshine Coast-Melbourne,Sunshine Coast,Melbourne,All Airlines,Apr-14,130,126,4,79,82,47,44,2014,4
Sunshine Coast-Sydney,Sunshine Coast,Sydney,All Airlines,Apr-14,147,146,1,125,128,21,18,2014,4
Sydney-Adelaide,Sydney,Adelaide,All Airlines,Apr-14,589,583,6,488,508,95,75,2014,4
Sydney-Albury,Sydney,Albury,All Airlines,Apr-14,270,269,1,211,207,58,62,2014,4
Sydney-Alice Springs,Sydney,Alice Springs,All Airlines,Apr-14,47,47,0,41,41,6,6,2014,4
Sydney-Ayers Rock,Sydney,Ayers Rock,All Airlines,Apr-14,45,45,0,38,42,7,3,2014,4
Sydney-Ballina,Sydney,Ballina,All Airlines,Apr-14,145,144,1,125,123,19,21,2014,4
Sydney-Brisbane,Sydney,Brisbane,All Airlines,Apr-14,1373,1338,35,1091,1044,247,294,2014,4
Sydney-Cairns,Sydney,Cairns,All Airlines,Apr-14,293,285,8,249,253,36,32,2014,4
Sydney-Canberra,Sydney,Canberra,All Airlines,Apr-14,795,770,25,660,668,110,102,2014,4
Sydney-Coffs Harbour,Sydney,Coffs Harbour,All Airlines,Apr-14,211,210,1,180,171,30,39,2014,4
Sydney-Darwin,Sydney,Darwin,All Airlines,Apr-14,112,112,0,95,101,17,11,2014,4
Sydney-Dubbo,Sydney,Dubbo,All Airlines,Apr-14,260,260,0,216,210,44,50,2014,4
Sydney-Gold Coast,Sydney,Gold Coast,All Airlines,Apr-14,819,795,24,677,679,118,116,2014,4
Sydney-Hamilton Island,Sydney,Hamilton Island,All Airlines,Apr-14,61,59,2,48,52,11,7,2014,4
Sydney-Hobart,Sydney,Hobart,All Airlines,Apr-14,172,172,0,150,154,22,18,2014,4
Sydney-Launceston,Sydney,Launceston,All Airlines,Apr-14,87,87,0,75,76,12,11,2014,4
Sydney-Melbourne,Sydney,Melbourne,All Airlines,Apr-14,2190,2069,121,1656,1587,413,482,2014,4
Sydney-Perth,Sydney,Perth,All Airlines,Apr-14,382,381,1,307,300,74,81,2014,4
Sydney-Port Macquarie,Sydney,Port Macquarie,All Airlines,Apr-14,193,192,1,165,145,27,47,2014,4
Sydney-Sunshine Coast,Sydney,Sunshine Coast,All Airlines,Apr-14,146,145,1,128,132,17,13,2014,4
Sydney-Townsville,Sydney,Townsville,All Airlines,Apr-14,55,53,2,47,44,6,9,2014,4
Sydney-Wagga Wagga,Sydney,Wagga Wagga,All Airlines,Apr-14,231,231,0,204,195,27,36,2014,4
Townsville-Brisbane,Townsville,Brisbane,All Airlines,Apr-14,337,327,10,282,283,45,44,2014,4
Townsville-Sydney,Townsville,Sydney,All Airlines,Apr-14,55,53,2,38,41,15,12,2014,4
Wagga Wagga-Sydney,Wagga Wagga,Sydney,All Airlines,Apr-14,231,231,0,203,200,28,31,2014,4
Adelaide-Brisbane,Adelaide,Brisbane,All Airlines,May-14,266,266,0,254,235,12,31,2014,5
Adelaide-Canberra,Adelaide,Canberra,All Airlines,May-14,93,92,1,80,84,12,8,2014,5
Adelaide-Gold Coast,Adelaide,Gold Coast,All Airlines,May-14,59,59,0,55,56,4,3,2014,5
Adelaide-Melbourne,Adelaide,Melbourne,All Airlines,May-14,761,751,10,658,642,93,109,2014,5
Adelaide-Perth,Adelaide,Perth,All Airlines,May-14,205,205,0,183,182,22,23,2014,5
Adelaide-Port Lincoln,Adelaide,Port Lincoln,All Airlines,May-14,318,316,2,305,291,11,25,2014,5
Adelaide-Sydney,Adelaide,Sydney,All Airlines,May-14,574,569,5,495,511,74,58,2014,5
Albury-Sydney,Albury,Sydney,All Airlines,May-14,290,287,3,243,240,44,47,2014,5
Alice Springs-Melbourne,Alice Springs,Melbourne,All Airlines,May-14,45,45,0,35,32,10,13,2014,5
Alice Springs-Sydney,Alice Springs,Sydney,All Airlines,May-14,49,49,0,41,42,8,7,2014,5
Ayers Rock-Sydney,Ayers Rock,Sydney,All Airlines,May-14,49,49,0,46,43,3,6,2014,5
Ballina-Sydney,Ballina,Sydney,All Airlines,May-14,110,109,1,92,94,17,15,2014,5
Brisbane-Adelaide,Brisbane,Adelaide,All Airlines,May-14,266,266,0,240,251,26,15,2014,5
Brisbane-Bundaberg,Brisbane,Bundaberg,All Airlines,May-14,163,163,0,149,145,14,18,2014,5
Brisbane-Cairns,Brisbane,Cairns,All Airlines,May-14,361,361,0,314,308,47,53,2014,5
Brisbane-Canberra,Brisbane,Canberra,All Airlines,May-14,249,249,0,215,221,34,28,2014,5
Brisbane-Darwin,Brisbane,Darwin,All Airlines,May-14,139,133,6,127,121,6,12,2014,5
Brisbane-Emerald,Brisbane,Emerald,All Airlines,May-14,235,234,1,222,203,12,31,2014,5
Brisbane-Gladstone,Brisbane,Gladstone,All Airlines,May-14,362,359,3,335,332,24,27,2014,5
Brisbane-Hamilton Island,Brisbane,Hamilton Island,All Airlines,May-14,48,48,0,41,42,7,6,2014,5
Brisbane-Hobart,Brisbane,Hobart,All Airlines,May-14,54,54,0,50,50,4,4,2014,5
Brisbane-Mackay,Brisbane,Mackay,All Airlines,May-14,308,308,0,287,278,21,30,2014,5
Brisbane-Melbourne,Brisbane,Melbourne,All Airlines,May-14,1027,1009,18,848,837,161,172,2014,5
Brisbane-Moranbah,Brisbane,Moranbah,All Airlines,May-14,231,226,5,214,210,12,16,2014,5
Brisbane-Mount Isa,Brisbane,Mount Isa,All Airlines,May-14,79,79,0,73,73,6,6,2014,5
Brisbane-Newcastle,Brisbane,Newcastle,All Airlines,May-14,247,246,1,228,223,18,23,2014,5
Brisbane-Perth,Brisbane,Perth,All Airlines,May-14,234,234,0,186,168,48,66,2014,5
Brisbane-Proserpine,Brisbane,Proserpine,All Airlines,May-14,80,80,0,77,78,3,2,2014,5
Brisbane-Rockhampton,Brisbane,Rockhampton,All Airlines,May-14,442,438,4,385,379,53,59,2014,5
Brisbane-Sydney,Brisbane,Sydney,All Airlines,May-14,1407,1374,33,1194,1211,180,163,2014,5
Brisbane-Townsville,Brisbane,Townsville,All Airlines,May-14,362,360,2,319,320,41,40,2014,5
Broome-Perth,Broome,Perth,All Airlines,May-14,163,162,1,134,131,28,31,2014,5
Bundaberg-Brisbane,Bundaberg,Brisbane,All Airlines,May-14,163,163,0,148,139,15,24,2014,5
Cairns-Brisbane,Cairns,Brisbane,All Airlines,May-14,362,361,1,301,306,60,55,2014,5
Cairns-Melbourne,Cairns,Melbourne,All Airlines,May-14,181,176,5,147,151,29,25,2014,5
Cairns-Sydney,Cairns,Sydney,All Airlines,May-14,265,261,4,233,244,28,17,2014,5
Canberra-Adelaide,Canberra,Adelaide,All Airlines,May-14,93,93,0,82,86,11,7,2014,5
Canberra-Brisbane,Canberra,Brisbane,All Airlines,May-14,249,249,0,212,199,37,50,2014,5
Canberra-Melbourne,Canberra,Melbourne,All Airlines,May-14,474,468,6,412,409,56,59,2014,5
Canberra-Sydney,Canberra,Sydney,All Airlines,May-14,866,837,29,748,756,89,81,2014,5
Coffs Harbour-Sydney,Coffs Harbour,Sydney,All Airlines,May-14,225,224,1,187,195,37,29,2014,5
Darwin-Brisbane,Darwin,Brisbane,All Airlines,May-14,137,132,5,113,107,19,25,2014,5
Darwin-Melbourne,Darwin,Melbourne,All Airlines,May-14,93,90,3,67,72,23,18,2014,5
Darwin-Perth,Darwin,Perth,All Airlines,May-14,62,61,1,56,57,5,4,2014,5
Darwin-Sydney,Darwin,Sydney,All Airlines,May-14,115,110,5,100,103,10,7,2014,5
Dubbo-Sydney,Dubbo,Sydney,All Airlines,May-14,288,288,0,266,262,22,26,2014,5
Emerald-Brisbane,Emerald,Brisbane,All Airlines,May-14,235,234,1,208,211,26,23,2014,5
Geraldton-Perth,Geraldton,Perth,All Airlines,May-14,151,150,1,129,123,21,27,2014,5
Gladstone-Brisbane,Gladstone,Brisbane,All Airlines,May-14,380,377,3,329,319,48,58,2014,5
Gold Coast-Adelaide,Gold Coast,Adelaide,All Airlines,May-14,59,59,0,56,54,3,5,2014,5
Gold Coast-Melbourne,Gold Coast,Melbourne,All Airlines,May-14,417,414,3,341,353,73,61,2014,5
Gold Coast-Sydney,Gold Coast,Sydney,All Airlines,May-14,718,708,10,636,639,72,69,2014,5
Hamilton Island-Brisbane,Hamilton Island,Brisbane,All Airlines,May-14,49,49,0,42,42,7,7,2014,5
Hamilton Island-Melbourne,Hamilton Island,Melbourne,All Airlines,May-14,32,31,1,26,29,5,2,2014,5
Hamilton Island-Sydney,Hamilton Island,Sydney,All Airlines,May-14,53,53,0,46,48,7,5,2014,5
Hobart-Brisbane,Hobart,Brisbane,All Airlines,May-14,54,54,0,41,39,13,15,2014,5
Hobart-Melbourne,Hobart,Melbourne,All Airlines,May-14,402,401,1,336,332,65,69,2014,5
Hobart-Sydney,Hobart,Sydney,All Airlines,May-14,138,137,1,111,109,26,28,2014,5
Kalgoorlie-Perth,Kalgoorlie,Perth,All Airlines,May-14,146,145,1,134,128,11,17,2014,5
Karratha-Perth,Karratha,Perth,All Airlines,May-14,320,313,7,277,263,36,50,2014,5
Launceston-Melbourne,Launceston,Melbourne,All Airlines,May-14,362,360,2,320,315,40,45,2014,5
Launceston-Sydney,Launceston,Sydney,All Airlines,May-14,71,71,0,56,62,15,9,2014,5
Mackay-Brisbane,Mackay,Brisbane,All Airlines,May-14,309,309,0,269,272,40,37,2014,5
Melbourne-Adelaide,Melbourne,Adelaide,All Airlines,May-14,759,751,8,676,671,75,80,2014,5
Melbourne-Alice Springs,Melbourne,Alice Springs,All Airlines,May-14,45,45,0,42,36,3,9,2014,5
Melbourne-Brisbane,Melbourne,Brisbane,All Airlines,May-14,1025,1009,16,825,782,184,227,2014,5
Melbourne-Cairns,Melbourne,Cairns,All Airlines,May-14,181,177,4,155,140,22,37,2014,5
Melbourne-Canberra,Melbourne,Canberra,All Airlines,May-14,474,470,4,422,404,48,66,2014,5
Melbourne-Darwin,Melbourne,Darwin,All Airlines,May-14,93,90,3,81,76,9,14,2014,5
Melbourne-Gold Coast,Melbourne,Gold Coast,All Airlines,May-14,418,415,3,346,335,69,80,2014,5
Melbourne-Hamilton Island,Melbourne,Hamilton Island,All Airlines,May-14,33,33,0,32,29,1,4,2014,5
Melbourne-Hobart,Melbourne,Hobart,All Airlines,May-14,403,401,2,342,335,59,66,2014,5
Melbourne-Launceston,Melbourne,Launceston,All Airlines,May-14,362,360,2,326,317,34,43,2014,5
Melbourne-Mildura,Melbourne,Mildura,All Airlines,May-14,207,206,1,194,190,12,16,2014,5
Melbourne-Newcastle,Melbourne,Newcastle,All Airlines,May-14,138,138,0,123,124,15,14,2014,5
Melbourne-Perth,Melbourne,Perth,All Airlines,May-14,489,483,6,398,381,85,102,2014,5
Melbourne-Sunshine Coast,Melbourne,Sunshine Coast,All Airlines,May-14,97,97,0,78,78,19,19,2014,5
Melbourne-Sydney,Melbourne,Sydney,All Airlines,May-14,2265,2193,72,1949,1944,244,249,2014,5
Mildura-Melbourne,Mildura,Melbourne,All Airlines,May-14,207,206,1,188,183,18,23,2014,5
Moranbah-Brisbane,Moranbah,Brisbane,All Airlines,May-14,225,221,4,196,194,25,27,2014,5
Mount Isa-Brisbane,Mount Isa,Brisbane,All Airlines,May-14,79,79,0,69,67,10,12,2014,5
Newcastle-Brisbane,Newcastle,Brisbane,All Airlines,May-14,250,249,1,213,211,36,38,2014,5
Newcastle-Melbourne,Newcastle,Melbourne,All Airlines,May-14,138,138,0,129,130,9,8,2014,5
Newman-Perth,Newman,Perth,All Airlines,May-14,205,201,4,186,179,15,22,2014,5
Perth-Adelaide,Perth,Adelaide,All Airlines,May-14,211,209,2,192,200,17,9,2014,5
Perth-Brisbane,Perth,Brisbane,All Airlines,May-14,235,235,0,213,198,22,37,2014,5
Perth-Broome,Perth,Broome,All Airlines,May-14,159,158,1,143,142,15,16,2014,5
Perth-Darwin,Perth,Darwin,All Airlines,May-14,62,61,1,55,54,6,7,2014,5
Perth-Geraldton,Perth,Geraldton,All Airlines,May-14,145,144,1,131,123,13,21,2014,5
Perth-Kalgoorlie,Perth,Kalgoorlie,All Airlines,May-14,148,147,1,135,137,12,10,2014,5
Perth-Karratha,Perth,Karratha,All Airlines,May-14,321,317,4,291,290,26,27,2014,5
Perth-Melbourne,Perth,Melbourne,All Airlines,May-14,490,483,7,404,406,79,77,2014,5
Perth-Newman,Perth,Newman,All Airlines,May-14,205,201,4,190,185,11,16,2014,5
Perth-Port Hedland,Perth,Port Hedland,All Airlines,May-14,208,208,0,193,191,15,17,2014,5
Perth-Sydney,Perth,Sydney,All Airlines,May-14,371,369,2,329,350,40,19,2014,5
Port Hedland-Perth,Port Hedland,Perth,All Airlines,May-14,208,206,2,181,169,25,37,2014,5
Port Lincoln-Adelaide,Port Lincoln,Adelaide,All Airlines,May-14,320,318,2,302,293,16,25,2014,5
Port Macquarie-Sydney,Port Macquarie,Sydney,All Airlines,May-14,200,198,2,169,163,29,35,2014,5
Proserpine-Brisbane,Proserpine,Brisbane,All Airlines,May-14,80,80,0,74,73,6,7,2014,5
Rockhampton-Brisbane,Rockhampton,Brisbane,All Airlines,May-14,422,418,4,351,345,67,73,2014,5
Sunshine Coast-Melbourne,Sunshine Coast,Melbourne,All Airlines,May-14,97,97,0,71,76,26,21,2014,5
Sunshine Coast-Sydney,Sunshine Coast,Sydney,All Airlines,May-14,123,121,2,108,111,13,10,2014,5
Sydney-Adelaide,Sydney,Adelaide,All Airlines,May-14,569,567,2,500,515,67,52,2014,5
Sydney-Albury,Sydney,Albury,All Airlines,May-14,292,288,4,249,239,39,49,2014,5
Sydney-Alice Springs,Sydney,Alice Springs,All Airlines,May-14,49,49,0,47,46,2,3,2014,5
Sydney-Ayers Rock,Sydney,Ayers Rock,All Airlines,May-14,49,49,0,48,45,1,4,2014,5
Sydney-Ballina,Sydney,Ballina,All Airlines,May-14,114,114,0,103,102,11,12,2014,5
Sydney-Brisbane,Sydney,Brisbane,All Airlines,May-14,1379,1345,34,1146,1079,199,266,2014,5
Sydney-Cairns,Sydney,Cairns,All Airlines,May-14,264,261,3,235,235,26,26,2014,5
Sydney-Canberra,Sydney,Canberra,All Airlines,May-14,868,842,26,749,745,93,97,2014,5
Sydney-Coffs Harbour,Sydney,Coffs Harbour,All Airlines,May-14,225,224,1,193,190,31,34,2014,5
Sydney-Darwin,Sydney,Darwin,All Airlines,May-14,114,111,3,105,95,6,16,2014,5
Sydney-Dubbo,Sydney,Dubbo,All Airlines,May-14,283,283,0,255,252,28,31,2014,5
Sydney-Gold Coast,Sydney,Gold Coast,All Airlines,May-14,716,709,7,639,635,70,74,2014,5
Sydney-Hamilton Island,Sydney,Hamilton Island,All Airlines,May-14,53,53,0,48,51,5,2,2014,5
Sydney-Hobart,Sydney,Hobart,All Airlines,May-14,136,136,0,120,116,16,20,2014,5
Sydney-Launceston,Sydney,Launceston,All Airlines,May-14,72,72,0,58,60,14,12,2014,5
Sydney-Melbourne,Sydney,Melbourne,All Airlines,May-14,2265,2194,71,1944,1914,250,280,2014,5
Sydney-Perth,Sydney,Perth,All Airlines,May-14,374,372,2,316,293,56,79,2014,5
Sydney-Port Macquarie,Sydney,Port Macquarie,All Airlines,May-14,199,197,2,175,166,22,31,2014,5
Sydney-Sunshine Coast,Sydney,Sunshine Coast,All Airlines,May-14,123,123,0,115,116,8,7,2014,5
Sydney-Townsville,Sydney,Townsville,All Airlines,May-14,51,51,0,48,44,3,7,2014,5
Sydney-Wagga Wagga,Sydney,Wagga Wagga,All Airlines,May-14,253,253,0,233,222,20,31,2014,5
Townsville-Brisbane,Townsville,Brisbane,All Airlines,May-14,363,361,2,316,319,45,42,2014,5
Townsville-Sydney,Townsville,Sydney,All Airlines,May-14,52,52,0,42,46,10,6,2014,5
Wagga Wagga-Sydney,Wagga Wagga,Sydney,All Airlines,May-14,256,256,0,229,229,27,27,2014,5
Adelaide-Brisbane,Adelaide,Brisbane,All Airlines,Jun-14,258,255,3,237,231,18,24,2014,6
Adelaide-Canberra,Adelaide,Canberra,All Airlines,Jun-14,91,91,0,80,80,11,11,2014,6
Adelaide-Gold Coast,Adelaide,Gold Coast,All Airlines,Jun-14,59,59,0,55,55,4,4,2014,6
Adelaide-Melbourne,Adelaide,Melbourne,All Airlines,Jun-14,732,723,9,612,598,111,125,2014,6
Adelaide-Perth,Adelaide,Perth,All Airlines,Jun-14,197,196,1,163,176,33,20,2014,6
Adelaide-Port Lincoln,Adelaide,Port Lincoln,All Airlines,Jun-14,300,298,2,279,272,19,26,2014,6
Adelaide-Sydney,Adelaide,Sydney,All Airlines,Jun-14,568,558,10,476,490,82,68,2014,6
Albury-Sydney,Albury,Sydney,All Airlines,Jun-14,278,274,4,224,219,50,55,2014,6
Alice Springs-Melbourne,Alice Springs,Melbourne,All Airlines,Jun-14,46,46,0,31,33,15,13,2014,6
Alice Springs-Sydney,Alice Springs,Sydney,All Airlines,Jun-14,47,47,0,28,34,19,13,2014,6
Ayers Rock-Sydney,Ayers Rock,Sydney,All Airlines,Jun-14,50,49,1,43,43,6,6,2014,6
Ballina-Sydney,Ballina,Sydney,All Airlines,Jun-14,109,108,1,80,83,28,25,2014,6
Brisbane-Adelaide,Brisbane,Adelaide,All Airlines,Jun-14,256,255,1,225,221,30,34,2014,6
Brisbane-Bundaberg,Brisbane,Bundaberg,All Airlines,Jun-14,158,158,0,138,137,20,21,2014,6
Brisbane-Cairns,Brisbane,Cairns,All Airlines,Jun-14,367,366,1,294,282,72,84,2014,6
Brisbane-Canberra,Brisbane,Canberra,All Airlines,Jun-14,254,253,1,205,205,48,48,2014,6
Brisbane-Darwin,Brisbane,Darwin,All Airlines,Jun-14,136,135,1,113,90,22,45,2014,6
Brisbane-Emerald,Brisbane,Emerald,All Airlines,Jun-14,229,229,0,205,172,24,57,2014,6
Brisbane-Gladstone,Brisbane,Gladstone,All Airlines,Jun-14,355,354,1,303,290,51,64,2014,6
Brisbane-Hamilton Island,Brisbane,Hamilton Island,All Airlines,Jun-14,46,46,0,44,43,2,3,2014,6
Brisbane-Hobart,Brisbane,Hobart,All Airlines,Jun-14,59,59,0,51,49,8,10,2014,6
Brisbane-Mackay,Brisbane,Mackay,All Airlines,Jun-14,303,301,2,269,261,32,40,2014,6
Brisbane-Melbourne,Brisbane,Melbourne,All Airlines,Jun-14,969,956,13,750,710,206,246,2014,6
Brisbane-Moranbah,Brisbane,Moranbah,All Airlines,Jun-14,222,215,7,186,183,29,32,2014,6
Brisbane-Mount Isa,Brisbane,Mount Isa,All Airlines,Jun-14,77,77,0,72,72,5,5,2014,6
Brisbane-Newcastle,Brisbane,Newcastle,All Airlines,Jun-14,241,240,1,207,196,33,44,2014,6
Brisbane-Perth,Brisbane,Perth,All Airlines,Jun-14,227,227,0,186,197,41,30,2014,6
Brisbane-Proserpine,Brisbane,Proserpine,All Airlines,Jun-14,77,77,0,71,70,6,7,2014,6
Brisbane-Rockhampton,Brisbane,Rockhampton,All Airlines,Jun-14,426,416,10,333,327,83,89,2014,6
Brisbane-Sydney,Brisbane,Sydney,All Airlines,Jun-14,1359,1318,41,1093,1107,225,211,2014,6
Brisbane-Townsville,Brisbane,Townsville,All Airlines,Jun-14,353,352,1,308,301,44,51,2014,6
Broome-Perth,Broome,Perth,All Airlines,Jun-14,160,156,4,131,126,25,30,2014,6
Bundaberg-Brisbane,Bundaberg,Brisbane,All Airlines,Jun-14,158,158,0,131,132,27,26,2014,6
Cairns-Brisbane,Cairns,Brisbane,All Airlines,Jun-14,369,367,2,284,287,83,80,2014,6
Cairns-Melbourne,Cairns,Melbourne,All Airlines,Jun-14,185,185,0,122,127,63,58,2014,6
Cairns-Sydney,Cairns,Sydney,All Airlines,Jun-14,288,286,2,225,258,61,28,2014,6
Canberra-Adelaide,Canberra,Adelaide,All Airlines,Jun-14,91,91,0,76,74,15,17,2014,6
Canberra-Brisbane,Canberra,Brisbane,All Airlines,Jun-14,255,252,3,203,200,49,52,2014,6
Canberra-Melbourne,Canberra,Melbourne,All Airlines,Jun-14,457,448,9,345,338,103,110,2014,6
Canberra-Sydney,Canberra,Sydney,All Airlines,Jun-14,829,785,44,652,660,133,125,2014,6
Coffs Harbour-Sydney,Coffs Harbour,Sydney,All Airlines,Jun-14,220,217,3,171,178,46,39,2014,6
Darwin-Brisbane,Darwin,Brisbane,All Airlines,Jun-14,136,134,2,88,90,46,44,2014,6
Darwin-Melbourne,Darwin,Melbourne,All Airlines,Jun-14,90,90,0,61,65,29,25,2014,6
Darwin-Perth,Darwin,Perth,All Airlines,Jun-14,60,60,0,52,50,8,10,2014,6
Darwin-Sydney,Darwin,Sydney,All Airlines,Jun-14,119,119,0,82,102,37,17,2014,6
Dubbo-Sydney,Dubbo,Sydney,All Airlines,Jun-14,274,273,1,224,221,49,52,2014,6
Emerald-Brisbane,Emerald,Brisbane,All Airlines,Jun-14,228,226,2,175,173,51,53,2014,6
Geraldton-Perth,Geraldton,Perth,All Airlines,Jun-14,145,144,1,125,120,19,24,2014,6
Gladstone-Brisbane,Gladstone,Brisbane,All Airlines,Jun-14,371,370,1,295,274,75,96,2014,6
Gold Coast-Adelaide,Gold Coast,Adelaide,All Airlines,Jun-14,58,58,0,55,56,3,2,2014,6
Gold Coast-Melbourne,Gold Coast,Melbourne,All Airlines,Jun-14,452,447,5,343,346,104,101,2014,6
Gold Coast-Sydney,Gold Coast,Sydney,All Airlines,Jun-14,697,676,21,576,596,100,80,2014,6
Hamilton Island-Brisbane,Hamilton Island,Brisbane,All Airlines,Jun-14,48,46,2,41,39,5,7,2014,6
Hamilton Island-Melbourne,Hamilton Island,Melbourne,All Airlines,Jun-14,33,32,1,28,29,4,3,2014,6
Hamilton Island-Sydney,Hamilton Island,Sydney,All Airlines,Jun-14,57,55,2,42,43,13,12,2014,6
Hobart-Brisbane,Hobart,Brisbane,All Airlines,Jun-14,60,60,0,36,41,24,19,2014,6
Hobart-Melbourne,Hobart,Melbourne,All Airlines,Jun-14,420,415,5,287,284,128,131,2014,6
Hobart-Sydney,Hobart,Sydney,All Airlines,Jun-14,144,142,2,116,107,26,35,2014,6
Kalgoorlie-Perth,Kalgoorlie,Perth,All Airlines,Jun-14,138,136,2,121,121,15,15,2014,6
Karratha-Perth,Karratha,Perth,All Airlines,Jun-14,296,285,11,260,257,25,28,2014,6
Launceston-Melbourne,Launceston,Melbourne,All Airlines,Jun-14,366,358,8,285,280,73,78,2014,6
Launceston-Sydney,Launceston,Sydney,All Airlines,Jun-14,78,78,0,59,61,19,17,2014,6
Mackay-Brisbane,Mackay,Brisbane,All Airlines,Jun-14,302,300,2,250,252,50,48,2014,6
Melbourne-Adelaide,Melbourne,Adelaide,All Airlines,Jun-14,735,728,7,611,608,117,120,2014,6
Melbourne-Alice Springs,Melbourne,Alice Springs,All Airlines,Jun-14,46,46,0,40,34,6,12,2014,6
Melbourne-Brisbane,Melbourne,Brisbane,All Airlines,Jun-14,971,958,13,734,692,224,266,2014,6
Melbourne-Cairns,Melbourne,Cairns,All Airlines,Jun-14,184,184,0,150,125,34,59,2014,6
Melbourne-Canberra,Melbourne,Canberra,All Airlines,Jun-14,459,451,8,354,345,97,106,2014,6
Melbourne-Darwin,Melbourne,Darwin,All Airlines,Jun-14,90,90,0,77,70,13,20,2014,6
Melbourne-Gold Coast,Melbourne,Gold Coast,All Airlines,Jun-14,451,446,5,343,326,103,120,2014,6
Melbourne-Hamilton Island,Melbourne,Hamilton Island,All Airlines,Jun-14,31,31,0,30,28,1,3,2014,6
Melbourne-Hobart,Melbourne,Hobart,All Airlines,Jun-14,419,414,5,291,280,123,134,2014,6
Melbourne-Launceston,Melbourne,Launceston,All Airlines,Jun-14,364,356,8,294,271,62,85,2014,6
Melbourne-Mildura,Melbourne,Mildura,All Airlines,Jun-14,198,198,0,166,149,32,49,2014,6
Melbourne-Newcastle,Melbourne,Newcastle,All Airlines,Jun-14,132,131,1,104,107,27,24,2014,6
Melbourne-Perth,Melbourne,Perth,All Airlines,Jun-14,473,464,9,368,387,96,77,2014,6
Melbourne-Sunshine Coast,Melbourne,Sunshine Coast,All Airlines,Jun-14,104,104,0,77,67,27,37,2014,6
Melbourne-Sydney,Melbourne,Sydney,All Airlines,Jun-14,2174,2070,104,1698,1702,372,368,2014,6
Mildura-Melbourne,Mildura,Melbourne,All Airlines,Jun-14,199,199,0,148,136,51,63,2014,6
Moranbah-Brisbane,Moranbah,Brisbane,All Airlines,Jun-14,218,208,10,167,169,41,39,2014,6
Mount Isa-Brisbane,Mount Isa,Brisbane,All Airlines,Jun-14,77,77,0,68,69,9,8,2014,6
Newcastle-Brisbane,Newcastle,Brisbane,All Airlines,Jun-14,239,238,1,190,183,48,55,2014,6
Newcastle-Melbourne,Newcastle,Melbourne,All Airlines,Jun-14,131,129,2,104,110,25,19,2014,6
Newman-Perth,Newman,Perth,All Airlines,Jun-14,191,189,2,180,179,9,10,2014,6
Perth-Adelaide,Perth,Adelaide,All Airlines,Jun-14,200,199,1,187,187,12,12,2014,6
Perth-Brisbane,Perth,Brisbane,All Airlines,Jun-14,224,224,0,197,180,27,44,2014,6
Perth-Broome,Perth,Broome,All Airlines,Jun-14,157,154,3,136,138,18,16,2014,6
Perth-Darwin,Perth,Darwin,All Airlines,Jun-14,60,60,0,57,57,3,3,2014,6
Perth-Geraldton,Perth,Geraldton,All Airlines,Jun-14,141,140,1,127,124,13,16,2014,6
Perth-Kalgoorlie,Perth,Kalgoorlie,All Airlines,Jun-14,136,135,1,124,127,11,8,2014,6
Perth-Karratha,Perth,Karratha,All Airlines,Jun-14,295,287,8,267,269,20,18,2014,6
Perth-Melbourne,Perth,Melbourne,All Airlines,Jun-14,471,462,9,383,370,79,92,2014,6
Perth-Newman,Perth,Newman,All Airlines,Jun-14,190,188,2,174,178,14,10,2014,6
Perth-Port Hedland,Perth,Port Hedland,All Airlines,Jun-14,198,197,1,191,190,6,7,2014,6
Perth-Sydney,Perth,Sydney,All Airlines,Jun-14,350,342,8,299,301,43,41,2014,6
Port Hedland-Perth,Port Hedland,Perth,All Airlines,Jun-14,199,198,1,182,181,16,17,2014,6
Port Lincoln-Adelaide,Port Lincoln,Adelaide,All Airlines,Jun-14,299,297,2,273,269,24,28,2014,6
Port Macquarie-Sydney,Port Macquarie,Sydney,All Airlines,Jun-14,192,191,1,143,126,48,65,2014,6
Proserpine-Brisbane,Proserpine,Brisbane,All Airlines,Jun-14,77,77,0,66,69,11,8,2014,6
Rockhampton-Brisbane,Rockhampton,Brisbane,All Airlines,Jun-14,401,391,10,309,303,82,88,2014,6
Sunshine Coast-Melbourne,Sunshine Coast,Melbourne,All Airlines,Jun-14,104,104,0,68,71,36,33,2014,6
Sunshine Coast-Sydney,Sunshine Coast,Sydney,All Airlines,Jun-14,120,119,1,103,107,16,12,2014,6
Sydney-Adelaide,Sydney,Adelaide,All Airlines,Jun-14,563,554,9,482,475,72,79,2014,6
Sydney-Albury,Sydney,Albury,All Airlines,Jun-14,278,274,4,227,223,47,51,2014,6
Sydney-Alice Springs,Sydney,Alice Springs,All Airlines,Jun-14,47,47,0,39,38,8,9,2014,6
Sydney-Ayers Rock,Sydney,Ayers Rock,All Airlines,Jun-14,49,48,1,44,45,4,3,2014,6
Sydney-Ballina,Sydney,Ballina,All Airlines,Jun-14,113,112,1,91,90,21,22,2014,6
Sydney-Brisbane,Sydney,Brisbane,All Airlines,Jun-14,1326,1287,39,1072,998,215,289,2014,6
Sydney-Cairns,Sydney,Cairns,All Airlines,Jun-14,287,286,1,260,231,26,55,2014,6
Sydney-Canberra,Sydney,Canberra,All Airlines,Jun-14,832,789,43,652,628,137,161,2014,6
Sydney-Coffs Harbour,Sydney,Coffs Harbour,All Airlines,Jun-14,220,217,3,190,197,27,20,2014,6
Sydney-Darwin,Sydney,Darwin,All Airlines,Jun-14,120,120,0,103,89,17,31,2014,6
Sydney-Dubbo,Sydney,Dubbo,All Airlines,Jun-14,270,270,0,216,221,54,49,2014,6
Sydney-Gold Coast,Sydney,Gold Coast,All Airlines,Jun-14,696,677,19,596,586,81,91,2014,6
Sydney-Hamilton Island,Sydney,Hamilton Island,All Airlines,Jun-14,57,56,1,47,45,9,11,2014,6
Sydney-Hobart,Sydney,Hobart,All Airlines,Jun-14,143,142,1,127,128,15,14,2014,6
Sydney-Launceston,Sydney,Launceston,All Airlines,Jun-14,77,77,0,66,62,11,15,2014,6
Sydney-Melbourne,Sydney,Melbourne,All Airlines,Jun-14,2174,2067,107,1749,1641,318,426,2014,6
Sydney-Perth,Sydney,Perth,All Airlines,Jun-14,354,348,6,296,298,52,50,2014,6
Sydney-Port Macquarie,Sydney,Port Macquarie,All Airlines,Jun-14,192,191,1,162,148,29,43,2014,6
Sydney-Sunshine Coast,Sydney,Sunshine Coast,All Airlines,Jun-14,120,119,1,114,113,5,6,2014,6
Sydney-Townsville,Sydney,Townsville,All Airlines,Jun-14,49,47,2,40,32,7,15,2014,6
Sydney-Wagga Wagga,Sydney,Wagga Wagga,All Airlines,Jun-14,245,243,2,207,201,36,42,2014,6
Townsville-Brisbane,Townsville,Brisbane,All Airlines,Jun-14,353,352,1,292,289,60,63,2014,6
Townsville-Sydney,Townsville,Sydney,All Airlines,Jun-14,49,47,2,23,35,24,12,2014,6
Wagga Wagga-Sydney,Wagga Wagga,Sydney,All Airlines,Jun-14,241,239,2,195,198,44,41,2014,6
Adelaide-Brisbane,Adelaide,Brisbane,All Airlines,Jul-14,275,274,1,241,251,33,23,2014,7
Adelaide-Canberra,Adelaide,Canberra,All Airlines,Jul-14,94,90,4,81,84,9,6,2014,7
Adelaide-Gold Coast,Adelaide,Gold Coast,All Airlines,Jul-14,67,67,0,58,61,9,6,2014,7
Adelaide-Melbourne,Adelaide,Melbourne,All Airlines,Jul-14,774,758,16,608,597,150,161,2014,7
Adelaide-Perth,Adelaide,Perth,All Airlines,Jul-14,217,217,0,188,182,29,35,2014,7
Adelaide-Port Lincoln,Adelaide,Port Lincoln,All Airlines,Jul-14,316,314,2,290,282,24,32,2014,7
Adelaide-Sydney,Adelaide,Sydney,All Airlines,Jul-14,584,581,3,457,500,124,81,2014,7
Albury-Sydney,Albury,Sydney,All Airlines,Jul-14,297,294,3,227,229,67,65,2014,7
Alice Springs-Melbourne,Alice Springs,Melbourne,All Airlines,Jul-14,43,43,0,21,22,22,21,2014,7
Alice Springs-Sydney,Alice Springs,Sydney,All Airlines,Jul-14,43,43,0,29,38,14,5,2014,7
Armidale-Sydney,Armidale,Sydney,All Airlines,Jul-14,218,217,1,174,170,43,47,2014,7
Ayers Rock-Sydney,Ayers Rock,Sydney,All Airlines,Jul-14,61,61,0,46,51,15,10,2014,7
Ballina-Sydney,Ballina,Sydney,All Airlines,Jul-14,127,126,1,109,108,17,18,2014,7
Brisbane-Adelaide,Brisbane,Adelaide,All Airlines,Jul-14,273,273,0,230,205,43,68,2014,7
Brisbane-Bundaberg,Brisbane,Bundaberg,All Airlines,Jul-14,161,160,1,148,149,12,11,2014,7
Brisbane-Cairns,Brisbane,Cairns,All Airlines,Jul-14,413,412,1,338,350,74,62,2014,7
Brisbane-Canberra,Brisbane,Canberra,All Airlines,Jul-14,264,264,0,221,210,43,54,2014,7
Brisbane-Darwin,Brisbane,Darwin,All Airlines,Jul-14,136,136,0,120,116,16,20,2014,7
Brisbane-Emerald,Brisbane,Emerald,All Airlines,Jul-14,241,239,2,219,185,20,54,2014,7
Brisbane-Gladstone,Brisbane,Gladstone,All Airlines,Jul-14,374,371,3,325,319,46,52,2014,7
Brisbane-Hamilton Island,Brisbane,Hamilton Island,All Airlines,Jul-14,47,47,0,45,46,2,1,2014,7
Brisbane-Hobart,Brisbane,Hobart,All Airlines,Jul-14,60,60,0,55,48,5,12,2014,7
Brisbane-Mackay,Brisbane,Mackay,All Airlines,Jul-14,325,319,6,281,286,38,33,2014,7
Brisbane-Melbourne,Brisbane,Melbourne,All Airlines,Jul-14,1051,1035,16,829,689,206,346,2014,7
Brisbane-Moranbah,Brisbane,Moranbah,All Airlines,Jul-14,229,223,6,206,207,17,16,2014,7
Brisbane-Mount Isa,Brisbane,Mount Isa,All Airlines,Jul-14,81,81,0,78,72,3,9,2014,7
Brisbane-Newcastle,Brisbane,Newcastle,All Airlines,Jul-14,266,264,2,240,224,24,40,2014,7
Brisbane-Perth,Brisbane,Perth,All Airlines,Jul-14,216,213,3,156,157,57,56,2014,7
Brisbane-Proserpine,Brisbane,Proserpine,All Airlines,Jul-14,84,83,1,76,77,7,6,2014,7
Brisbane-Rockhampton,Brisbane,Rockhampton,All Airlines,Jul-14,450,443,7,376,367,67,76,2014,7
Brisbane-Sydney,Brisbane,Sydney,All Airlines,Jul-14,1450,1413,37,1199,1183,214,230,2014,7
Brisbane-Townsville,Brisbane,Townsville,All Airlines,Jul-14,371,368,3,310,326,58,42,2014,7
Broome-Perth,Broome,Perth,All Airlines,Jul-14,158,157,1,101,96,56,61,2014,7
Bundaberg-Brisbane,Bundaberg,Brisbane,All Airlines,Jul-14,162,161,1,143,138,18,23,2014,7
Cairns-Brisbane,Cairns,Brisbane,All Airlines,Jul-14,412,411,1,344,340,67,71,2014,7
Cairns-Melbourne,Cairns,Melbourne,All Airlines,Jul-14,228,227,1,154,158,73,69,2014,7
Cairns-Sydney,Cairns,Sydney,All Airlines,Jul-14,310,308,2,249,275,59,33,2014,7
Canberra-Adelaide,Canberra,Adelaide,All Airlines,Jul-14,94,90,4,78,75,12,15,2014,7
Canberra-Brisbane,Canberra,Brisbane,All Airlines,Jul-14,264,264,0,214,215,50,49,2014,7
Canberra-Melbourne,Canberra,Melbourne,All Airlines,Jul-14,489,478,11,398,369,80,109,2014,7
Canberra-Sydney,Canberra,Sydney,All Airlines,Jul-14,862,816,46,683,689,133,127,2014,7
Coffs Harbour-Sydney,Coffs Harbour,Sydney,All Airlines,Jul-14,230,225,5,196,199,29,26,2014,7
Darwin-Brisbane,Darwin,Brisbane,All Airlines,Jul-14,137,136,1,104,95,32,41,2014,7
Darwin-Melbourne,Darwin,Melbourne,All Airlines,Jul-14,92,92,0,49,68,43,24,2014,7
Darwin-Perth,Darwin,Perth,All Airlines,Jul-14,63,63,0,48,50,15,13,2014,7
Darwin-Sydney,Darwin,Sydney,All Airlines,Jul-14,125,123,2,70,90,53,33,2014,7
Dubbo-Sydney,Dubbo,Sydney,All Airlines,Jul-14,292,291,1,255,250,36,41,2014,7
Emerald-Brisbane,Emerald,Brisbane,All Airlines,Jul-14,241,239,2,199,210,40,29,2014,7
Geraldton-Perth,Geraldton,Perth,All Airlines,Jul-14,151,150,1,130,122,20,28,2014,7
Gladstone-Brisbane,Gladstone,Brisbane,All Airlines,Jul-14,392,390,2,331,316,59,74,2014,7
Gold Coast-Adelaide,Gold Coast,Adelaide,All Airlines,Jul-14,67,67,0,62,57,5,10,2014,7
Gold Coast-Melbourne,Gold Coast,Melbourne,All Airlines,Jul-14,476,467,9,379,342,88,125,2014,7
Gold Coast-Sydney,Gold Coast,Sydney,All Airlines,Jul-14,783,771,12,693,685,78,86,2014,7
Hamilton Island-Brisbane,Hamilton Island,Brisbane,All Airlines,Jul-14,47,47,0,46,46,1,1,2014,7
Hamilton Island-Melbourne,Hamilton Island,Melbourne,All Airlines,Jul-14,42,42,0,32,37,10,5,2014,7
Hamilton Island-Sydney,Hamilton Island,Sydney,All Airlines,Jul-14,61,61,0,50,50,11,11,2014,7
Hobart-Brisbane,Hobart,Brisbane,All Airlines,Jul-14,61,61,0,36,43,25,18,2014,7
Hobart-Melbourne,Hobart,Melbourne,All Airlines,Jul-14,465,458,7,350,340,108,118,2014,7
Hobart-Sydney,Hobart,Sydney,All Airlines,Jul-14,160,160,0,136,131,24,29,2014,7
Kalgoorlie-Perth,Kalgoorlie,Perth,All Airlines,Jul-14,140,136,4,108,106,28,30,2014,7
Karratha-Perth,Karratha,Perth,All Airlines,Jul-14,306,297,9,248,255,49,42,2014,7
Launceston-Melbourne,Launceston,Melbourne,All Airlines,Jul-14,344,336,8,265,253,71,83,2014,7
Launceston-Sydney,Launceston,Sydney,All Airlines,Jul-14,83,83,0,70,74,13,9,2014,7
Mackay-Brisbane,Mackay,Brisbane,All Airlines,Jul-14,326,319,7,274,275,45,44,2014,7
Melbourne-Adelaide,Melbourne,Adelaide,All Airlines,Jul-14,772,760,12,619,599,141,161,2014,7
Melbourne-Alice Springs,Melbourne,Alice Springs,All Airlines,Jul-14,43,43,0,28,27,15,16,2014,7
Melbourne-Brisbane,Melbourne,Brisbane,All Airlines,Jul-14,1051,1036,15,755,787,281,249,2014,7
Melbourne-Cairns,Melbourne,Cairns,All Airlines,Jul-14,225,224,1,187,172,37,52,2014,7
Melbourne-Canberra,Melbourne,Canberra,All Airlines,Jul-14,488,477,11,390,379,87,98,2014,7
Melbourne-Darwin,Melbourne,Darwin,All Airlines,Jul-14,93,93,0,72,58,21,35,2014,7
Melbourne-Gold Coast,Melbourne,Gold Coast,All Airlines,Jul-14,479,473,6,354,367,119,106,2014,7
Melbourne-Hamilton Island,Melbourne,Hamilton Island,All Airlines,Jul-14,43,43,0,38,37,5,6,2014,7
Melbourne-Hobart,Melbourne,Hobart,All Airlines,Jul-14,464,457,7,360,353,97,104,2014,7
Melbourne-Launceston,Melbourne,Launceston,All Airlines,Jul-14,345,337,8,276,264,61,73,2014,7
Melbourne-Mildura,Melbourne,Mildura,All Airlines,Jul-14,209,208,1,177,157,31,51,2014,7
Melbourne-Newcastle,Melbourne,Newcastle,All Airlines,Jul-14,135,135,0,114,120,21,15,2014,7
Melbourne-Perth,Melbourne,Perth,All Airlines,Jul-14,501,496,5,387,373,109,123,2014,7
Melbourne-Sunshine Coast,Melbourne,Sunshine Coast,All Airlines,Jul-14,123,122,1,96,93,26,29,2014,7
Melbourne-Sydney,Melbourne,Sydney,All Airlines,Jul-14,2233,2109,124,1722,1733,387,376,2014,7
Mildura-Melbourne,Mildura,Melbourne,All Airlines,Jul-14,209,208,1,172,171,36,37,2014,7
Moranbah-Brisbane,Moranbah,Brisbane,All Airlines,Jul-14,224,217,7,193,194,24,23,2014,7
Mount Isa-Brisbane,Mount Isa,Brisbane,All Airlines,Jul-14,81,81,0,66,74,15,7,2014,7
Newcastle-Brisbane,Newcastle,Brisbane,All Airlines,Jul-14,265,262,3,206,214,56,48,2014,7
Newcastle-Melbourne,Newcastle,Melbourne,All Airlines,Jul-14,135,135,0,114,107,21,28,2014,7
Newman-Perth,Newman,Perth,All Airlines,Jul-14,200,196,4,178,174,18,22,2014,7
Perth-Adelaide,Perth,Adelaide,All Airlines,Jul-14,223,223,0,193,208,30,15,2014,7
Perth-Brisbane,Perth,Brisbane,All Airlines,Jul-14,217,217,0,176,182,41,35,2014,7
Perth-Broome,Perth,Broome,All Airlines,Jul-14,154,153,1,123,127,30,26,2014,7
Perth-Darwin,Perth,Darwin,All Airlines,Jul-14,64,64,0,54,57,10,7,2014,7
Perth-Geraldton,Perth,Geraldton,All Airlines,Jul-14,147,146,1,128,120,18,26,2014,7
Perth-Kalgoorlie,Perth,Kalgoorlie,All Airlines,Jul-14,139,137,2,105,108,32,29,2014,7
Perth-Karratha,Perth,Karratha,All Airlines,Jul-14,306,298,8,261,265,37,33,2014,7
Perth-Melbourne,Perth,Melbourne,All Airlines,Jul-14,500,492,8,375,416,117,76,2014,7
Perth-Newman,Perth,Newman,All Airlines,Jul-14,200,197,3,171,173,26,24,2014,7
Perth-Port Hedland,Perth,Port Hedland,All Airlines,Jul-14,213,212,1,200,202,12,10,2014,7
Perth-Sydney,Perth,Sydney,All Airlines,Jul-14,377,372,5,284,326,88,46,2014,7
Port Hedland-Perth,Port Hedland,Perth,All Airlines,Jul-14,213,211,2,192,193,19,18,2014,7
Port Lincoln-Adelaide,Port Lincoln,Adelaide,All Airlines,Jul-14,316,310,6,282,275,28,35,2014,7
Port Macquarie-Sydney,Port Macquarie,Sydney,All Airlines,Jul-14,201,199,2,151,132,48,67,2014,7
Proserpine-Brisbane,Proserpine,Brisbane,All Airlines,Jul-14,84,83,1,75,78,8,5,2014,7
Rockhampton-Brisbane,Rockhampton,Brisbane,All Airlines,Jul-14,427,419,8,335,342,84,77,2014,7
Sunshine Coast-Melbourne,Sunshine Coast,Melbourne,All Airlines,Jul-14,123,122,1,88,82,34,40,2014,7
Sunshine Coast-Sydney,Sunshine Coast,Sydney,All Airlines,Jul-14,126,125,1,110,113,15,12,2014,7
Sydney-Adelaide,Sydney,Adelaide,All Airlines,Jul-14,579,577,2,480,450,97,127,2014,7
Sydney-Albury,Sydney,Albury,All Airlines,Jul-14,296,294,2,226,221,68,73,2014,7
Sydney-Alice Springs,Sydney,Alice Springs,All Airlines,Jul-14,43,43,0,40,37,3,6,2014,7
Sydney-Armidale,Sydney,Armidale,All Airlines,Jul-14,218,217,1,180,178,37,39,2014,7
Sydney-Ayers Rock,Sydney,Ayers Rock,All Airlines,Jul-14,61,61,0,54,47,7,14,2014,7
Sydney-Ballina,Sydney,Ballina,All Airlines,Jul-14,135,133,2,119,119,14,14,2014,7
Sydney-Brisbane,Sydney,Brisbane,All Airlines,Jul-14,1417,1383,34,1150,1124,233,259,2014,7
Sydney-Cairns,Sydney,Cairns,All Airlines,Jul-14,309,307,2,270,260,37,47,2014,7
Sydney-Canberra,Sydney,Canberra,All Airlines,Jul-14,863,825,38,689,674,136,151,2014,7
Sydney-Coffs Harbour,Sydney,Coffs Harbour,All Airlines,Jul-14,230,225,5,200,202,25,23,2014,7
Sydney-Darwin,Sydney,Darwin,All Airlines,Jul-14,120,120,0,102,86,18,34,2014,7
Sydney-Dubbo,Sydney,Dubbo,All Airlines,Jul-14,289,289,0,236,240,53,49,2014,7
Sydney-Gold Coast,Sydney,Gold Coast,All Airlines,Jul-14,786,775,11,668,679,107,96,2014,7
Sydney-Hamilton Island,Sydney,Hamilton Island,All Airlines,Jul-14,61,61,0,55,51,6,10,2014,7
Sydney-Hobart,Sydney,Hobart,All Airlines,Jul-14,160,160,0,148,148,12,12,2014,7
Sydney-Launceston,Sydney,Launceston,All Airlines,Jul-14,83,83,0,72,73,11,10,2014,7
Sydney-Melbourne,Sydney,Melbourne,All Airlines,Jul-14,2230,2109,121,1744,1598,365,511,2014,7
Sydney-Perth,Sydney,Perth,All Airlines,Jul-14,378,377,1,320,284,57,93,2014,7
Sydney-Port Macquarie,Sydney,Port Macquarie,All Airlines,Jul-14,201,200,1,170,153,30,47,2014,7
Sydney-Sunshine Coast,Sydney,Sunshine Coast,All Airlines,Jul-14,125,124,1,113,116,11,8,2014,7
Sydney-Townsville,Sydney,Townsville,All Airlines,Jul-14,55,55,0,51,47,4,8,2014,7
Sydney-Wagga Wagga,Sydney,Wagga Wagga,All Airlines,Jul-14,260,255,5,211,217,44,38,2014,7
Townsville-Brisbane,Townsville,Brisbane,All Airlines,Jul-14,371,368,3,325,332,43,36,2014,7
Townsville-Sydney,Townsville,Sydney,All Airlines,Jul-14,55,55,0,38,42,17,13,2014,7
Wagga Wagga-Sydney,Wagga Wagga,Sydney,All Airlines,Jul-14,259,255,4,206,210,49,45,2014,7
Adelaide-Brisbane,Adelaide,Brisbane,All Airlines,Aug-14,272,270,2,248,242,22,28,2014,8
Adelaide-Canberra,Adelaide,Canberra,All Airlines,Aug-14,92,90,2,86,87,4,3,2014,8
Adelaide-Gold Coast,Adelaide,Gold Coast,All Airlines,Aug-14,61,61,0,58,58,3,3,2014,8
Adelaide-Melbourne,Adelaide,Melbourne,All Airlines,Aug-14,753,747,6,646,638,101,109,2014,8
Adelaide-Perth,Adelaide,Perth,All Airlines,Aug-14,211,210,1,189,200,21,10,2014,8
Adelaide-Port Lincoln,Adelaide,Port Lincoln,All Airlines,Aug-14,312,311,1,302,301,9,10,2014,8
Adelaide-Sydney,Adelaide,Sydney,All Airlines,Aug-14,573,568,5,510,475,58,93,2014,8
Albury-Sydney,Albury,Sydney,All Airlines,Aug-14,287,287,0,236,219,51,68,2014,8
Armidale-Sydney,Armidale,Sydney,All Airlines,Aug-14,213,207,6,167,155,40,52,2014,8
Ayers Rock-Sydney,Ayers Rock,Sydney,All Airlines,Aug-14,62,60,2,53,50,7,10,2014,8
Ballina-Sydney,Ballina,Sydney,All Airlines,Aug-14,120,118,2,93,95,25,23,2014,8
Brisbane-Adelaide,Brisbane,Adelaide,All Airlines,Aug-14,271,271,0,228,249,43,22,2014,8
Brisbane-Bundaberg,Brisbane,Bundaberg,All Airlines,Aug-14,161,160,1,148,141,12,19,2014,8
Brisbane-Cairns,Brisbane,Cairns,All Airlines,Aug-14,402,401,1,335,324,66,77,2014,8
Brisbane-Canberra,Brisbane,Canberra,All Airlines,Aug-14,263,262,1,215,227,47,35,2014,8
Brisbane-Darwin,Brisbane,Darwin,All Airlines,Aug-14,126,126,0,116,94,10,32,2014,8
Brisbane-Emerald,Brisbane,Emerald,All Airlines,Aug-14,230,230,0,215,197,15,33,2014,8
Brisbane-Gladstone,Brisbane,Gladstone,All Airlines,Aug-14,368,361,7,329,305,32,56,2014,8
Brisbane-Hamilton Island,Brisbane,Hamilton Island,All Airlines,Aug-14,48,48,0,45,44,3,4,2014,8
Brisbane-Hobart,Brisbane,Hobart,All Airlines,Aug-14,62,62,0,58,58,4,4,2014,8
Brisbane-Mackay,Brisbane,Mackay,All Airlines,Aug-14,327,322,5,272,268,50,54,2014,8
Brisbane-Melbourne,Brisbane,Melbourne,All Airlines,Aug-14,1044,1015,29,781,811,234,204,2014,8
Brisbane-Moranbah,Brisbane,Moranbah,All Airlines,Aug-14,209,201,8,185,178,16,23,2014,8
Brisbane-Mount Isa,Brisbane,Mount Isa,All Airlines,Aug-14,78,78,0,76,72,2,6,2014,8
Brisbane-Newcastle,Brisbane,Newcastle,All Airlines,Aug-14,256,256,0,205,205,51,51,2014,8
Brisbane-Perth,Brisbane,Perth,All Airlines,Aug-14,216,214,2,160,189,54,25,2014,8
Brisbane-Proserpine,Brisbane,Proserpine,All Airlines,Aug-14,84,83,1,71,71,12,12,2014,8
Brisbane-Rockhampton,Brisbane,Rockhampton,All Airlines,Aug-14,435,431,4,372,359,59,72,2014,8
Brisbane-Sydney,Brisbane,Sydney,All Airlines,Aug-14,1453,1405,48,1172,1181,233,224,2014,8
Brisbane-Townsville,Brisbane,Townsville,All Airlines,Aug-14,356,353,3,295,287,58,66,2014,8
Broome-Perth,Broome,Perth,All Airlines,Aug-14,161,156,5,127,119,29,37,2014,8
Bundaberg-Brisbane,Bundaberg,Brisbane,All Airlines,Aug-14,160,159,1,134,127,25,32,2014,8
Cairns-Brisbane,Cairns,Brisbane,All Airlines,Aug-14,402,400,2,321,334,79,66,2014,8
Cairns-Melbourne,Cairns,Melbourne,All Airlines,Aug-14,206,206,0,159,171,47,35,2014,8
Cairns-Sydney,Cairns,Sydney,All Airlines,Aug-14,308,307,1,236,272,71,35,2014,8
Canberra-Adelaide,Canberra,Adelaide,All Airlines,Aug-14,92,90,2,85,86,5,4,2014,8
Canberra-Brisbane,Canberra,Brisbane,All Airlines,Aug-14,264,263,1,221,207,42,56,2014,8
Canberra-Melbourne,Canberra,Melbourne,All Airlines,Aug-14,478,468,10,389,393,79,75,2014,8
Canberra-Sydney,Canberra,Sydney,All Airlines,Aug-14,854,818,36,715,664,103,154,2014,8
Coffs Harbour-Sydney,Coffs Harbour,Sydney,All Airlines,Aug-14,230,226,4,192,194,34,32,2014,8
Darwin-Brisbane,Darwin,Brisbane,All Airlines,Aug-14,125,124,1,77,79,47,45,2014,8
Darwin-Melbourne,Darwin,Melbourne,All Airlines,Aug-14,93,93,0,62,62,31,31,2014,8
Darwin-Perth,Darwin,Perth,All Airlines,Aug-14,61,61,0,50,41,11,20,2014,8
Darwin-Sydney,Darwin,Sydney,All Airlines,Aug-14,123,122,1,65,81,57,41,2014,8
Dubbo-Sydney,Dubbo,Sydney,All Airlines,Aug-14,284,283,1,249,232,34,51,2014,8
Emerald-Brisbane,Emerald,Brisbane,All Airlines,Aug-14,230,228,2,181,190,47,38,2014,8
Geraldton-Perth,Geraldton,Perth,All Airlines,Aug-14,148,147,1,136,128,11,19,2014,8
Gladstone-Brisbane,Gladstone,Brisbane,All Airlines,Aug-14,385,377,8,313,303,64,74,2014,8
Gold Coast-Adelaide,Gold Coast,Adelaide,All Airlines,Aug-14,61,61,0,56,59,5,2,2014,8
Gold Coast-Melbourne,Gold Coast,Melbourne,All Airlines,Aug-14,466,456,10,362,391,94,65,2014,8
Gold Coast-Sydney,Gold Coast,Sydney,All Airlines,Aug-14,745,726,19,601,618,125,108,2014,8
Hamilton Island-Brisbane,Hamilton Island,Brisbane,All Airlines,Aug-14,49,48,1,37,38,11,10,2014,8
Hamilton Island-Melbourne,Hamilton Island,Melbourne,All Airlines,Aug-14,44,43,1,40,40,3,3,2014,8
Hamilton Island-Sydney,Hamilton Island,Sydney,All Airlines,Aug-14,62,61,1,43,49,18,12,2014,8
Hobart-Brisbane,Hobart,Brisbane,All Airlines,Aug-14,62,61,1,54,48,7,13,2014,8
Hobart-Melbourne,Hobart,Melbourne,All Airlines,Aug-14,464,458,6,357,363,101,95,2014,8
Hobart-Sydney,Hobart,Sydney,All Airlines,Aug-14,147,146,1,119,114,27,32,2014,8
Kalgoorlie-Perth,Kalgoorlie,Perth,All Airlines,Aug-14,144,143,1,126,125,17,18,2014,8
Karratha-Perth,Karratha,Perth,All Airlines,Aug-14,293,288,5,251,245,37,43,2014,8
Launceston-Melbourne,Launceston,Melbourne,All Airlines,Aug-14,341,340,1,283,286,57,54,2014,8
Launceston-Sydney,Launceston,Sydney,All Airlines,Aug-14,67,67,0,56,55,11,12,2014,8
Mackay-Brisbane,Mackay,Brisbane,All Airlines,Aug-14,326,320,6,250,257,70,63,2014,8
Melbourne-Adelaide,Melbourne,Adelaide,All Airlines,Aug-14,750,742,8,642,668,100,74,2014,8
Melbourne-Brisbane,Melbourne,Brisbane,All Airlines,Aug-14,1042,1009,33,800,730,209,279,2014,8
Melbourne-Cairns,Melbourne,Cairns,All Airlines,Aug-14,207,207,0,173,179,34,28,2014,8
Melbourne-Canberra,Melbourne,Canberra,All Airlines,Aug-14,475,465,10,404,398,61,67,2014,8
Melbourne-Darwin,Melbourne,Darwin,All Airlines,Aug-14,93,93,0,77,78,16,15,2014,8
Melbourne-Gold Coast,Melbourne,Gold Coast,All Airlines,Aug-14,466,453,13,372,368,81,85,2014,8
Melbourne-Hamilton Island,Melbourne,Hamilton Island,All Airlines,Aug-14,45,45,0,42,41,3,4,2014,8
Melbourne-Hobart,Melbourne,Hobart,All Airlines,Aug-14,465,459,6,365,356,94,103,2014,8
Melbourne-Launceston,Melbourne,Launceston,All Airlines,Aug-14,340,339,1,287,287,52,52,2014,8
Melbourne-Mildura,Melbourne,Mildura,All Airlines,Aug-14,207,207,0,180,177,27,30,2014,8
Melbourne-Newcastle,Melbourne,Newcastle,All Airlines,Aug-14,134,134,0,107,117,27,17,2014,8
Melbourne-Perth,Melbourne,Perth,All Airlines,Aug-14,464,460,4,366,396,94,64,2014,8
Melbourne-Sunshine Coast,Melbourne,Sunshine Coast,All Airlines,Aug-14,97,96,1,70,67,26,29,2014,8
Melbourne-Sydney,Melbourne,Sydney,All Airlines,Aug-14,2242,2133,109,1777,1638,356,495,2014,8
Mildura-Melbourne,Mildura,Melbourne,All Airlines,Aug-14,207,207,0,174,166,33,41,2014,8
Moranbah-Brisbane,Moranbah,Brisbane,All Airlines,Aug-14,196,196,0,165,171,31,25,2014,8
Mount Isa-Brisbane,Mount Isa,Brisbane,All Airlines,Aug-14,78,78,0,65,70,13,8,2014,8
Newcastle-Brisbane,Newcastle,Brisbane,All Airlines,Aug-14,257,256,1,200,186,56,70,2014,8
Newcastle-Melbourne,Newcastle,Melbourne,All Airlines,Aug-14,136,135,1,104,106,31,29,2014,8
Newman-Perth,Newman,Perth,All Airlines,Aug-14,175,171,4,164,164,7,7,2014,8
Perth-Adelaide,Perth,Adelaide,All Airlines,Aug-14,214,211,3,185,192,26,19,2014,8
Perth-Brisbane,Perth,Brisbane,All Airlines,Aug-14,217,217,0,195,176,22,41,2014,8
Perth-Broome,Perth,Broome,All Airlines,Aug-14,155,151,4,141,141,10,10,2014,8
Perth-Darwin,Perth,Darwin,All Airlines,Aug-14,60,60,0,51,48,9,12,2014,8
Perth-Geraldton,Perth,Geraldton,All Airlines,Aug-14,143,143,0,138,131,5,12,2014,8
Perth-Kalgoorlie,Perth,Kalgoorlie,All Airlines,Aug-14,143,141,2,126,129,15,12,2014,8
Perth-Karratha,Perth,Karratha,All Airlines,Aug-14,293,290,3,257,266,33,24,2014,8
Perth-Melbourne,Perth,Melbourne,All Airlines,Aug-14,464,457,7,392,369,65,88,2014,8
Perth-Newman,Perth,Newman,All Airlines,Aug-14,175,173,2,163,167,10,6,2014,8
Perth-Port Hedland,Perth,Port Hedland,All Airlines,Aug-14,200,194,6,184,186,10,8,2014,8
Perth-Sydney,Perth,Sydney,All Airlines,Aug-14,359,354,5,305,288,49,66,2014,8
Port Hedland-Perth,Port Hedland,Perth,All Airlines,Aug-14,200,195,5,179,168,16,27,2014,8
Port Lincoln-Adelaide,Port Lincoln,Adelaide,All Airlines,Aug-14,312,311,1,303,298,8,13,2014,8
Port Macquarie-Sydney,Port Macquarie,Sydney,All Airlines,Aug-14,196,195,1,145,133,50,62,2014,8
Proserpine-Brisbane,Proserpine,Brisbane,All Airlines,Aug-14,84,83,1,68,70,15,13,2014,8
Rockhampton-Brisbane,Rockhampton,Brisbane,All Airlines,Aug-14,413,411,2,337,333,74,78,2014,8
Sunshine Coast-Melbourne,Sunshine Coast,Melbourne,All Airlines,Aug-14,98,97,1,56,68,41,29,2014,8
Sunshine Coast-Sydney,Sunshine Coast,Sydney,All Airlines,Aug-14,123,121,2,98,103,23,18,2014,8
Sydney-Adelaide,Sydney,Adelaide,All Airlines,Aug-14,572,566,6,462,499,104,67,2014,8
Sydney-Albury,Sydney,Albury,All Airlines,Aug-14,287,286,1,237,229,49,57,2014,8
Sydney-Armidale,Sydney,Armidale,All Airlines,Aug-14,213,209,4,177,171,32,38,2014,8
Sydney-Ayers Rock,Sydney,Ayers Rock,All Airlines,Aug-14,62,61,1,55,57,6,4,2014,8
Sydney-Ballina,Sydney,Ballina,All Airlines,Aug-14,126,124,2,106,104,18,20,2014,8
Sydney-Brisbane,Sydney,Brisbane,All Airlines,Aug-14,1418,1371,47,1115,1020,256,351,2014,8
Sydney-Cairns,Sydney,Cairns,All Airlines,Aug-14,308,307,1,262,252,45,55,2014,8
Sydney-Canberra,Sydney,Canberra,All Airlines,Aug-14,855,823,32,715,725,108,98,2014,8
Sydney-Coffs Harbour,Sydney,Coffs Harbour,All Airlines,Aug-14,230,225,5,193,189,32,36,2014,8
Sydney-Darwin,Sydney,Darwin,All Airlines,Aug-14,123,123,0,94,87,29,36,2014,8
Sydney-Dubbo,Sydney,Dubbo,All Airlines,Aug-14,278,278,0,237,243,41,35,2014,8
Sydney-Gold Coast,Sydney,Gold Coast,All Airlines,Aug-14,743,728,15,628,607,100,121,2014,8
Sydney-Hamilton Island,Sydney,Hamilton Island,All Airlines,Aug-14,62,62,0,51,51,11,11,2014,8
Sydney-Hobart,Sydney,Hobart,All Airlines,Aug-14,147,146,1,122,128,24,18,2014,8
Sydney-Launceston,Sydney,Launceston,All Airlines,Aug-14,66,66,0,56,57,10,9,2014,8
Sydney-Melbourne,Sydney,Melbourne,All Airlines,Aug-14,2243,2137,106,1648,1700,489,437,2014,8
Sydney-Perth,Sydney,Perth,All Airlines,Aug-14,367,363,4,265,326,98,37,2014,8
Sydney-Port Macquarie,Sydney,Port Macquarie,All Airlines,Aug-14,196,195,1,159,140,36,55,2014,8
Sydney-Sunshine Coast,Sydney,Sunshine Coast,All Airlines,Aug-14,123,122,1,102,102,20,20,2014,8
Sydney-Townsville,Sydney,Townsville,All Airlines,Aug-14,54,54,0,45,40,9,14,2014,8
Sydney-Wagga Wagga,Sydney,Wagga Wagga,All Airlines,Aug-14,256,255,1,225,221,30,34,2014,8
Townsville-Brisbane,Townsville,Brisbane,All Airlines,Aug-14,357,353,4,297,297,56,56,2014,8
Townsville-Sydney,Townsville,Sydney,All Airlines,Aug-14,54,54,0,30,39,24,15,2014,8
Wagga Wagga-Sydney,Wagga Wagga,Sydney,All Airlines,Aug-14,254,254,0,227,207,27,47,2014,8
Adelaide-Brisbane,Adelaide,Brisbane,All Airlines,Sep-14,270,269,1,249,255,20,14,2014,9
Adelaide-Canberra,Adelaide,Canberra,All Airlines,Sep-14,91,91,0,85,85,6,6,2014,9
Adelaide-Gold Coast,Adelaide,Gold Coast,All Airlines,Sep-14,67,67,0,62,60,5,7,2014,9
Adelaide-Melbourne,Adelaide,Melbourne,All Airlines,Sep-14,750,738,12,639,640,99,98,2014,9
Adelaide-Perth,Adelaide,Perth,All Airlines,Sep-14,213,212,1,196,194,16,18,2014,9
Adelaide-Port Lincoln,Adelaide,Port Lincoln,All Airlines,Sep-14,308,308,0,301,291,7,17,2014,9
Adelaide-Sydney,Adelaide,Sydney,All Airlines,Sep-14,590,588,2,511,534,77,54,2014,9
Albury-Sydney,Albury,Sydney,All Airlines,Sep-14,268,268,0,236,222,32,46,2014,9
Armidale-Sydney,Armidale,Sydney,All Airlines,Sep-14,212,212,0,177,179,35,33,2014,9
Ayers Rock-Sydney,Ayers Rock,Sydney,All Airlines,Sep-14,60,60,0,51,50,9,10,2014,9
Ballina-Sydney,Ballina,Sydney,All Airlines,Sep-14,131,131,0,110,109,21,22,2014,9
Brisbane-Adelaide,Brisbane,Adelaide,All Airlines,Sep-14,270,270,0,244,244,26,26,2014,9
Brisbane-Bundaberg,Brisbane,Bundaberg,All Airlines,Sep-14,155,155,0,140,142,15,13,2014,9
Brisbane-Cairns,Brisbane,Cairns,All Airlines,Sep-14,402,401,1,347,342,54,59,2014,9
Brisbane-Canberra,Brisbane,Canberra,All Airlines,Sep-14,259,259,0,228,230,31,29,2014,9
Brisbane-Darwin,Brisbane,Darwin,All Airlines,Sep-14,129,129,0,121,116,8,13,2014,9
Brisbane-Emerald,Brisbane,Emerald,All Airlines,Sep-14,233,233,0,220,192,13,41,2014,9
Brisbane-Gladstone,Brisbane,Gladstone,All Airlines,Sep-14,368,363,5,341,330,22,33,2014,9
Brisbane-Hamilton Island,Brisbane,Hamilton Island,All Airlines,Sep-14,47,47,0,41,41,6,6,2014,9
Brisbane-Hobart,Brisbane,Hobart,All Airlines,Sep-14,60,60,0,56,54,4,6,2014,9
Brisbane-Mackay,Brisbane,Mackay,All Airlines,Sep-14,315,313,2,270,281,43,32,2014,9
Brisbane-Melbourne,Brisbane,Melbourne,All Airlines,Sep-14,1020,998,22,825,801,173,197,2014,9
Brisbane-Moranbah,Brisbane,Moranbah,All Airlines,Sep-14,218,213,5,198,197,15,16,2014,9
Brisbane-Mount Isa,Brisbane,Mount Isa,All Airlines,Sep-14,78,78,0,75,75,3,3,2014,9
Brisbane-Newcastle,Brisbane,Newcastle,All Airlines,Sep-14,252,251,1,227,201,24,50,2014,9
Brisbane-Perth,Brisbane,Perth,All Airlines,Sep-14,220,220,0,179,187,41,33,2014,9
Brisbane-Proserpine,Brisbane,Proserpine,All Airlines,Sep-14,82,81,1,71,73,10,8,2014,9
Brisbane-Rockhampton,Brisbane,Rockhampton,All Airlines,Sep-14,428,424,4,376,366,48,58,2014,9
Brisbane-Sydney,Brisbane,Sydney,All Airlines,Sep-14,1426,1383,43,1206,1208,177,175,2014,9
Brisbane-Townsville,Brisbane,Townsville,All Airlines,Sep-14,363,361,2,304,309,57,52,2014,9
Broome-Perth,Broome,Perth,All Airlines,Sep-14,153,151,2,128,134,23,17,2014,9
Bundaberg-Brisbane,Bundaberg,Brisbane,All Airlines,Sep-14,156,155,1,137,136,18,19,2014,9
Cairns-Brisbane,Cairns,Brisbane,All Airlines,Sep-14,402,401,1,331,339,70,62,2014,9
Cairns-Melbourne,Cairns,Melbourne,All Airlines,Sep-14,221,220,1,172,173,48,47,2014,9
Cairns-Sydney,Cairns,Sydney,All Airlines,Sep-14,307,306,1,257,275,49,31,2014,9
Canberra-Adelaide,Canberra,Adelaide,All Airlines,Sep-14,91,91,0,83,85,8,6,2014,9
Canberra-Brisbane,Canberra,Brisbane,All Airlines,Sep-14,259,259,0,241,242,18,17,2014,9
Canberra-Melbourne,Canberra,Melbourne,All Airlines,Sep-14,458,457,1,420,413,37,44,2014,9
Canberra-Sydney,Canberra,Sydney,All Airlines,Sep-14,832,811,21,763,756,48,55,2014,9
Coffs Harbour-Sydney,Coffs Harbour,Sydney,All Airlines,Sep-14,224,222,2,181,188,41,34,2014,9
Darwin-Brisbane,Darwin,Brisbane,All Airlines,Sep-14,130,130,0,102,81,28,49,2014,9
Darwin-Melbourne,Darwin,Melbourne,All Airlines,Sep-14,90,90,0,75,68,15,22,2014,9
Darwin-Perth,Darwin,Perth,All Airlines,Sep-14,60,60,0,52,55,8,5,2014,9
Darwin-Sydney,Darwin,Sydney,All Airlines,Sep-14,113,113,0,91,81,22,32,2014,9
Dubbo-Sydney,Dubbo,Sydney,All Airlines,Sep-14,283,282,1,253,246,29,36,2014,9
Emerald-Brisbane,Emerald,Brisbane,All Airlines,Sep-14,233,233,0,192,198,41,35,2014,9
Geraldton-Perth,Geraldton,Perth,All Airlines,Sep-14,147,146,1,133,134,13,12,2014,9
Gladstone-Brisbane,Gladstone,Brisbane,All Airlines,Sep-14,384,380,4,333,324,47,56,2014,9
Gold Coast-Adelaide,Gold Coast,Adelaide,All Airlines,Sep-14,67,67,0,60,61,7,6,2014,9
Gold Coast-Melbourne,Gold Coast,Melbourne,All Airlines,Sep-14,474,472,2,386,392,86,80,2014,9
Gold Coast-Sydney,Gold Coast,Sydney,All Airlines,Sep-14,787,770,17,659,674,111,96,2014,9
Hamilton Island-Brisbane,Hamilton Island,Brisbane,All Airlines,Sep-14,47,46,1,39,39,7,7,2014,9
Hamilton Island-Melbourne,Hamilton Island,Melbourne,All Airlines,Sep-14,43,43,0,37,36,6,7,2014,9
Hamilton Island-Sydney,Hamilton Island,Sydney,All Airlines,Sep-14,60,60,0,51,48,9,12,2014,9
Hobart-Brisbane,Hobart,Brisbane,All Airlines,Sep-14,60,60,0,53,54,7,6,2014,9
Hobart-Melbourne,Hobart,Melbourne,All Airlines,Sep-14,451,445,6,360,343,85,102,2014,9
Hobart-Sydney,Hobart,Sydney,All Airlines,Sep-14,168,168,0,152,151,16,17,2014,9
Kalgoorlie-Perth,Kalgoorlie,Perth,All Airlines,Sep-14,139,137,2,129,128,8,9,2014,9
Karratha-Perth,Karratha,Perth,All Airlines,Sep-14,294,292,2,273,272,19,20,2014,9
Launceston-Melbourne,Launceston,Melbourne,All Airlines,Sep-14,338,335,3,295,280,40,55,2014,9
Launceston-Sydney,Launceston,Sydney,All Airlines,Sep-14,78,78,0,59,60,19,18,2014,9
Mackay-Brisbane,Mackay,Brisbane,All Airlines,Sep-14,315,311,4,263,270,48,41,2014,9
Melbourne-Adelaide,Melbourne,Adelaide,All Airlines,Sep-14,750,742,8,654,657,88,85,2014,9
Melbourne-Brisbane,Melbourne,Brisbane,All Airlines,Sep-14,1017,995,22,814,810,181,185,2014,9
Melbourne-Cairns,Melbourne,Cairns,All Airlines,Sep-14,221,220,1,183,182,37,38,2014,9
Melbourne-Canberra,Melbourne,Canberra,All Airlines,Sep-14,458,455,3,416,407,39,48,2014,9
Melbourne-Darwin,Melbourne,Darwin,All Airlines,Sep-14,90,90,0,77,74,13,16,2014,9
Melbourne-Gold Coast,Melbourne,Gold Coast,All Airlines,Sep-14,474,472,2,378,379,94,93,2014,9
Melbourne-Hamilton Island,Melbourne,Hamilton Island,All Airlines,Sep-14,42,42,0,38,39,4,3,2014,9
Melbourne-Hobart,Melbourne,Hobart,All Airlines,Sep-14,451,445,6,354,354,91,91,2014,9
Melbourne-Launceston,Melbourne,Launceston,All Airlines,Sep-14,338,335,3,299,292,36,43,2014,9
Melbourne-Mildura,Melbourne,Mildura,All Airlines,Sep-14,201,201,0,182,173,19,28,2014,9
Melbourne-Newcastle,Melbourne,Newcastle,All Airlines,Sep-14,130,130,0,109,111,21,19,2014,9
Melbourne-Perth,Melbourne,Perth,All Airlines,Sep-14,505,497,8,408,408,89,89,2014,9
Melbourne-Sunshine Coast,Melbourne,Sunshine Coast,All Airlines,Sep-14,117,116,1,90,95,26,21,2014,9
Melbourne-Sydney,Melbourne,Sydney,All Airlines,Sep-14,2251,2170,81,1880,1876,290,294,2014,9
Mildura-Melbourne,Mildura,Melbourne,All Airlines,Sep-14,202,201,1,174,171,27,30,2014,9
Moranbah-Brisbane,Moranbah,Brisbane,All Airlines,Sep-14,213,206,7,187,176,19,30,2014,9
Mount Isa-Brisbane,Mount Isa,Brisbane,All Airlines,Sep-14,78,77,1,69,71,8,6,2014,9
Newcastle-Brisbane,Newcastle,Brisbane,All Airlines,Sep-14,251,250,1,195,194,55,56,2014,9
Newcastle-Melbourne,Newcastle,Melbourne,All Airlines,Sep-14,130,130,0,110,109,20,21,2014,9
Newman-Perth,Newman,Perth,All Airlines,Sep-14,183,181,2,172,174,9,7,2014,9
Perth-Adelaide,Perth,Adelaide,All Airlines,Sep-14,216,215,1,198,204,17,11,2014,9
Perth-Brisbane,Perth,Brisbane,All Airlines,Sep-14,219,219,0,196,198,23,21,2014,9
Perth-Broome,Perth,Broome,All Airlines,Sep-14,150,148,2,134,133,14,15,2014,9
Perth-Darwin,Perth,Darwin,All Airlines,Sep-14,61,61,0,58,57,3,4,2014,9
Perth-Geraldton,Perth,Geraldton,All Airlines,Sep-14,142,142,0,130,123,12,19,2014,9
Perth-Kalgoorlie,Perth,Kalgoorlie,All Airlines,Sep-14,139,138,1,130,134,8,4,2014,9
Perth-Karratha,Perth,Karratha,All Airlines,Sep-14,295,293,2,282,283,11,10,2014,9
Perth-Melbourne,Perth,Melbourne,All Airlines,Sep-14,509,496,13,409,418,87,78,2014,9
Perth-Newman,Perth,Newman,All Airlines,Sep-14,183,181,2,174,175,7,6,2014,9
Perth-Port Hedland,Perth,Port Hedland,All Airlines,Sep-14,204,200,4,194,195,6,5,2014,9
Perth-Sydney,Perth,Sydney,All Airlines,Sep-14,363,362,1,311,320,51,42,2014,9
Port Hedland-Perth,Port Hedland,Perth,All Airlines,Sep-14,205,202,3,188,190,14,12,2014,9
Port Lincoln-Adelaide,Port Lincoln,Adelaide,All Airlines,Sep-14,308,308,0,296,292,12,16,2014,9
Port Macquarie-Sydney,Port Macquarie,Sydney,All Airlines,Sep-14,194,194,0,149,136,45,58,2014,9
Proserpine-Brisbane,Proserpine,Brisbane,All Airlines,Sep-14,82,81,1,69,69,12,12,2014,9
Rockhampton-Brisbane,Rockhampton,Brisbane,All Airlines,Sep-14,406,399,7,349,333,50,66,2014,9
Sunshine Coast-Melbourne,Sunshine Coast,Melbourne,All Airlines,Sep-14,117,116,1,84,88,32,28,2014,9
Sunshine Coast-Sydney,Sunshine Coast,Sydney,All Airlines,Sep-14,132,132,0,119,118,13,14,2014,9
Sydney-Adelaide,Sydney,Adelaide,All Airlines,Sep-14,587,584,3,527,517,57,67,2014,9
Sydney-Albury,Sydney,Albury,All Airlines,Sep-14,268,268,0,219,221,49,47,2014,9
Sydney-Armidale,Sydney,Armidale,All Airlines,Sep-14,212,212,0,186,181,26,31,2014,9
Sydney-Ayers Rock,Sydney,Ayers Rock,All Airlines,Sep-14,60,60,0,55,53,5,7,2014,9
Sydney-Ballina,Sydney,Ballina,All Airlines,Sep-14,136,136,0,118,119,18,17,2014,9
Sydney-Brisbane,Sydney,Brisbane,All Airlines,Sep-14,1394,1356,38,1176,1136,180,220,2014,9
Sydney-Cairns,Sydney,Cairns,All Airlines,Sep-14,307,307,0,267,263,40,44,2014,9
Sydney-Canberra,Sydney,Canberra,All Airlines,Sep-14,832,817,15,745,749,72,68,2014,9
Sydney-Coffs Harbour,Sydney,Coffs Harbour,All Airlines,Sep-14,224,222,2,182,185,40,37,2014,9
Sydney-Darwin,Sydney,Darwin,All Airlines,Sep-14,113,113,0,100,101,13,12,2014,9
Sydney-Dubbo,Sydney,Dubbo,All Airlines,Sep-14,279,278,1,249,247,29,31,2014,9
Sydney-Gold Coast,Sydney,Gold Coast,All Airlines,Sep-14,786,773,13,688,683,85,90,2014,9
Sydney-Hamilton Island,Sydney,Hamilton Island,All Airlines,Sep-14,60,60,0,57,55,3,5,2014,9
Sydney-Hobart,Sydney,Hobart,All Airlines,Sep-14,168,168,0,157,159,11,9,2014,9
Sydney-Launceston,Sydney,Launceston,All Airlines,Sep-14,78,78,0,61,65,17,13,2014,9
Sydney-Melbourne,Sydney,Melbourne,All Airlines,Sep-14,2250,2169,81,1847,1785,322,384,2014,9
Sydney-Perth,Sydney,Perth,All Airlines,Sep-14,367,365,2,320,312,45,53,2014,9
Sydney-Port Macquarie,Sydney,Port Macquarie,All Airlines,Sep-14,195,195,0,171,153,24,42,2014,9
Sydney-Sunshine Coast,Sydney,Sunshine Coast,All Airlines,Sep-14,132,132,0,124,125,8,7,2014,9
Sydney-Townsville,Sydney,Townsville,All Airlines,Sep-14,55,55,0,48,44,7,11,2014,9
Sydney-Wagga Wagga,Sydney,Wagga Wagga,All Airlines,Sep-14,250,250,0,224,221,26,29,2014,9
Townsville-Brisbane,Townsville,Brisbane,All Airlines,Sep-14,363,360,3,314,315,46,45,2014,9
Townsville-Sydney,Townsville,Sydney,All Airlines,Sep-14,55,55,0,41,43,14,12,2014,9
Wagga Wagga-Sydney,Wagga Wagga,Sydney,All Airlines,Sep-14,251,251,0,217,209,34,42,2014,9
Adelaide-Brisbane,Adelaide,Brisbane,All Airlines,Oct-14,283,283,0,260,258,23,25,2014,10
Adelaide-Canberra,Adelaide,Canberra,All Airlines,Oct-14,93,93,0,86,90,7,3,2014,10
Adelaide-Gold Coast,Adelaide,Gold Coast,All Airlines,Oct-14,69,68,1,66,66,2,2,2014,10
Adelaide-Melbourne,Adelaide,Melbourne,All Airlines,Oct-14,770,766,4,667,671,99,95,2014,10
Adelaide-Perth,Adelaide,Perth,All Airlines,Oct-14,214,213,1,192,201,21,12,2014,10
Adelaide-Port Lincoln,Adelaide,Port Lincoln,All Airlines,Oct-14,317,317,0,302,299,15,18,2014,10
Adelaide-Sydney,Adelaide,Sydney,All Airlines,Oct-14,615,612,3,527,534,85,78,2014,10
Albury-Sydney,Albury,Sydney,All Airlines,Oct-14,272,271,1,246,232,25,39,2014,10
Armidale-Sydney,Armidale,Sydney,All Airlines,Oct-14,219,219,0,189,176,30,43,2014,10
Ayers Rock-Sydney,Ayers Rock,Sydney,All Airlines,Oct-14,62,62,0,56,53,6,9,2014,10
Ballina-Sydney,Ballina,Sydney,All Airlines,Oct-14,128,128,0,92,93,36,35,2014,10
Brisbane-Adelaide,Brisbane,Adelaide,All Airlines,Oct-14,283,283,0,258,261,25,22,2014,10
Brisbane-Bundaberg,Brisbane,Bundaberg,All Airlines,Oct-14,162,162,0,142,146,20,16,2014,10
Brisbane-Cairns,Brisbane,Cairns,All Airlines,Oct-14,402,400,2,360,359,40,41,2014,10
Brisbane-Canberra,Brisbane,Canberra,All Airlines,Oct-14,262,261,1,236,237,25,24,2014,10
Brisbane-Darwin,Brisbane,Darwin,All Airlines,Oct-14,127,125,2,115,115,10,10,2014,10
Brisbane-Emerald,Brisbane,Emerald,All Airlines,Oct-14,242,242,0,226,211,16,31,2014,10
Brisbane-Gladstone,Brisbane,Gladstone,All Airlines,Oct-14,381,373,8,320,322,53,51,2014,10
Brisbane-Hamilton Island,Brisbane,Hamilton Island,All Airlines,Oct-14,43,43,0,41,40,2,3,2014,10
Brisbane-Hobart,Brisbane,Hobart,All Airlines,Oct-14,61,61,0,54,52,7,9,2014,10
Brisbane-Mackay,Brisbane,Mackay,All Airlines,Oct-14,333,333,0,291,306,42,27,2014,10
Brisbane-Melbourne,Brisbane,Melbourne,All Airlines,Oct-14,1099,1093,6,938,916,155,177,2014,10
Brisbane-Moranbah,Brisbane,Moranbah,All Airlines,Oct-14,225,220,5,206,212,14,8,2014,10
Brisbane-Mount Isa,Brisbane,Mount Isa,All Airlines,Oct-14,81,81,0,76,76,5,5,2014,10
Brisbane-Newcastle,Brisbane,Newcastle,All Airlines,Oct-14,249,248,1,227,218,21,30,2014,10
Brisbane-Perth,Brisbane,Perth,All Airlines,Oct-14,232,232,0,184,192,48,40,2014,10
Brisbane-Proserpine,Brisbane,Proserpine,All Airlines,Oct-14,85,85,0,78,77,7,8,2014,10
Brisbane-Rockhampton,Brisbane,Rockhampton,All Airlines,Oct-14,449,443,6,381,381,62,62,2014,10
Brisbane-Sydney,Brisbane,Sydney,All Airlines,Oct-14,1429,1396,33,1238,1222,158,174,2014,10
Brisbane-Townsville,Brisbane,Townsville,All Airlines,Oct-14,366,366,0,332,334,34,32,2014,10
Broome-Perth,Broome,Perth,All Airlines,Oct-14,136,136,0,123,124,13,12,2014,10
Bundaberg-Brisbane,Bundaberg,Brisbane,All Airlines,Oct-14,162,162,0,145,140,17,22,2014,10
Cairns-Brisbane,Cairns,Brisbane,All Airlines,Oct-14,400,399,1,356,357,43,42,2014,10
Cairns-Melbourne,Cairns,Melbourne,All Airlines,Oct-14,225,223,2,179,181,44,42,2014,10
Cairns-Sydney,Cairns,Sydney,All Airlines,Oct-14,308,307,1,269,268,38,39,2014,10
Canberra-Adelaide,Canberra,Adelaide,All Airlines,Oct-14,93,93,0,88,87,5,6,2014,10
Canberra-Brisbane,Canberra,Brisbane,All Airlines,Oct-14,262,260,2,235,234,25,26,2014,10
Canberra-Melbourne,Canberra,Melbourne,All Airlines,Oct-14,474,470,4,425,418,45,52,2014,10
Canberra-Sydney,Canberra,Sydney,All Airlines,Oct-14,873,839,34,750,756,89,83,2014,10
Coffs Harbour-Sydney,Coffs Harbour,Sydney,All Airlines,Oct-14,234,232,2,201,200,31,32,2014,10
Darwin-Brisbane,Darwin,Brisbane,All Airlines,Oct-14,127,125,2,104,99,21,26,2014,10
Darwin-Melbourne,Darwin,Melbourne,All Airlines,Oct-14,92,91,1,74,71,17,20,2014,10
Darwin-Perth,Darwin,Perth,All Airlines,Oct-14,68,68,0,65,65,3,3,2014,10
Darwin-Sydney,Darwin,Sydney,All Airlines,Oct-14,118,116,2,94,88,22,28,2014,10
Dubbo-Sydney,Dubbo,Sydney,All Airlines,Oct-14,291,289,2,254,244,35,45,2014,10
Emerald-Brisbane,Emerald,Brisbane,All Airlines,Oct-14,242,242,0,212,201,30,41,2014,10
Geraldton-Perth,Geraldton,Perth,All Airlines,Oct-14,152,151,1,139,136,12,15,2014,10
Gladstone-Brisbane,Gladstone,Brisbane,All Airlines,Oct-14,396,387,9,333,310,54,77,2014,10
Gold Coast-Adelaide,Gold Coast,Adelaide,All Airlines,Oct-14,70,70,0,66,67,4,3,2014,10
Gold Coast-Melbourne,Gold Coast,Melbourne,All Airlines,Oct-14,501,500,1,421,424,79,76,2014,10
Gold Coast-Sydney,Gold Coast,Sydney,All Airlines,Oct-14,828,815,13,688,695,127,120,2014,10
Hamilton Island-Brisbane,Hamilton Island,Brisbane,All Airlines,Oct-14,43,43,0,39,40,4,3,2014,10
Hamilton Island-Melbourne,Hamilton Island,Melbourne,All Airlines,Oct-14,39,39,0,29,28,10,11,2014,10
Hamilton Island-Sydney,Hamilton Island,Sydney,All Airlines,Oct-14,75,75,0,58,62,17,13,2014,10
Hobart-Brisbane,Hobart,Brisbane,All Airlines,Oct-14,62,62,0,43,48,19,14,2014,10
Hobart-Melbourne,Hobart,Melbourne,All Airlines,Oct-14,480,478,2,366,353,112,125,2014,10
Hobart-Sydney,Hobart,Sydney,All Airlines,Oct-14,171,170,1,135,133,35,37,2014,10
Kalgoorlie-Perth,Kalgoorlie,Perth,All Airlines,Oct-14,143,143,0,132,129,11,14,2014,10
Karratha-Perth,Karratha,Perth,All Airlines,Oct-14,309,306,3,284,287,22,19,2014,10
Launceston-Melbourne,Launceston,Melbourne,All Airlines,Oct-14,356,354,2,296,285,58,69,2014,10
Launceston-Sydney,Launceston,Sydney,All Airlines,Oct-14,87,87,0,56,64,31,23,2014,10
Mackay-Brisbane,Mackay,Brisbane,All Airlines,Oct-14,335,332,3,298,297,34,35,2014,10
Melbourne-Adelaide,Melbourne,Adelaide,All Airlines,Oct-14,770,768,2,684,671,84,97,2014,10
Melbourne-Brisbane,Melbourne,Brisbane,All Airlines,Oct-14,1096,1089,7,927,921,162,168,2014,10
Melbourne-Cairns,Melbourne,Cairns,All Airlines,Oct-14,222,220,2,191,197,29,23,2014,10
Melbourne-Canberra,Melbourne,Canberra,All Airlines,Oct-14,474,469,5,423,418,46,51,2014,10
Melbourne-Darwin,Melbourne,Darwin,All Airlines,Oct-14,92,91,1,79,79,12,12,2014,10
Melbourne-Gold Coast,Melbourne,Gold Coast,All Airlines,Oct-14,501,500,1,426,429,74,71,2014,10
Melbourne-Hamilton Island,Melbourne,Hamilton Island,All Airlines,Oct-14,40,40,0,34,36,6,4,2014,10
Melbourne-Hobart,Melbourne,Hobart,All Airlines,Oct-14,479,477,2,353,349,124,128,2014,10
Melbourne-Launceston,Melbourne,Launceston,All Airlines,Oct-14,356,355,1,305,293,50,62,2014,10
Melbourne-Mildura,Melbourne,Mildura,All Airlines,Oct-14,208,208,0,178,176,30,32,2014,10
Melbourne-Newcastle,Melbourne,Newcastle,All Airlines,Oct-14,139,139,0,115,120,24,19,2014,10
Melbourne-Perth,Melbourne,Perth,All Airlines,Oct-14,519,514,5,428,430,86,84,2014,10
Melbourne-Sunshine Coast,Melbourne,Sunshine Coast,All Airlines,Oct-14,119,119,0,100,101,19,18,2014,10
Melbourne-Sydney,Melbourne,Sydney,All Airlines,Oct-14,2330,2260,70,1924,1878,336,382,2014,10
Mildura-Melbourne,Mildura,Melbourne,All Airlines,Oct-14,209,209,0,186,179,23,30,2014,10
Moranbah-Brisbane,Moranbah,Brisbane,All Airlines,Oct-14,219,215,4,190,186,25,29,2014,10
Mount Isa-Brisbane,Mount Isa,Brisbane,All Airlines,Oct-14,81,80,1,77,75,3,5,2014,10
Newcastle-Brisbane,Newcastle,Brisbane,All Airlines,Oct-14,249,248,1,201,201,47,47,2014,10
Newcastle-Melbourne,Newcastle,Melbourne,All Airlines,Oct-14,139,136,3,123,121,13,15,2014,10
Newman-Perth,Newman,Perth,All Airlines,Oct-14,198,191,7,182,188,9,3,2014,10
Perth-Adelaide,Perth,Adelaide,All Airlines,Oct-14,221,220,1,197,203,23,17,2014,10
Perth-Brisbane,Perth,Brisbane,All Airlines,Oct-14,233,233,0,202,185,31,48,2014,10
Perth-Broome,Perth,Broome,All Airlines,Oct-14,132,132,0,127,127,5,5,2014,10
Perth-Darwin,Perth,Darwin,All Airlines,Oct-14,67,67,0,64,63,3,4,2014,10
Perth-Geraldton,Perth,Geraldton,All Airlines,Oct-14,148,148,0,130,132,18,16,2014,10
Perth-Kalgoorlie,Perth,Kalgoorlie,All Airlines,Oct-14,144,144,0,132,133,12,11,2014,10
Perth-Karratha,Perth,Karratha,All Airlines,Oct-14,308,307,1,288,290,19,17,2014,10
Perth-Melbourne,Perth,Melbourne,All Airlines,Oct-14,521,513,8,430,438,83,75,2014,10
Perth-Newman,Perth,Newman,All Airlines,Oct-14,198,191,7,183,183,8,8,2014,10
Perth-Port Hedland,Perth,Port Hedland,All Airlines,Oct-14,213,208,5,200,199,8,9,2014,10
Perth-Sydney,Perth,Sydney,All Airlines,Oct-14,385,383,2,327,340,56,43,2014,10
Port Hedland-Perth,Port Hedland,Perth,All Airlines,Oct-14,213,208,5,183,194,25,14,2014,10
Port Lincoln-Adelaide,Port Lincoln,Adelaide,All Airlines,Oct-14,317,317,0,299,299,18,18,2014,10
Port Macquarie-Sydney,Port Macquarie,Sydney,All Airlines,Oct-14,202,201,1,153,133,48,68,2014,10
Proserpine-Brisbane,Proserpine,Brisbane,All Airlines,Oct-14,85,85,0,76,75,9,10,2014,10
Rockhampton-Brisbane,Rockhampton,Brisbane,All Airlines,Oct-14,421,418,3,364,352,54,66,2014,10
Sunshine Coast-Melbourne,Sunshine Coast,Melbourne,All Airlines,Oct-14,118,116,2,90,96,26,20,2014,10
Sunshine Coast-Sydney,Sunshine Coast,Sydney,All Airlines,Oct-14,142,142,0,120,119,22,23,2014,10
Sydney-Adelaide,Sydney,Adelaide,All Airlines,Oct-14,609,608,1,540,540,68,68,2014,10
Sydney-Albury,Sydney,Albury,All Airlines,Oct-14,273,272,1,235,227,37,45,2014,10
Sydney-Armidale,Sydney,Armidale,All Airlines,Oct-14,219,219,0,190,187,29,32,2014,10
Sydney-Ayers Rock,Sydney,Ayers Rock,All Airlines,Oct-14,63,63,0,54,56,9,7,2014,10
Sydney-Ballina,Sydney,Ballina,All Airlines,Oct-14,133,133,0,105,106,28,27,2014,10
Sydney-Brisbane,Sydney,Brisbane,All Airlines,Oct-14,1432,1398,34,1208,1156,190,242,2014,10
Sydney-Cairns,Sydney,Cairns,All Airlines,Oct-14,309,307,2,270,279,37,28,2014,10
Sydney-Canberra,Sydney,Canberra,All Airlines,Oct-14,870,843,27,747,732,96,111,2014,10
Sydney-Coffs Harbour,Sydney,Coffs Harbour,All Airlines,Oct-14,234,233,1,206,211,27,22,2014,10
Sydney-Darwin,Sydney,Darwin,All Airlines,Oct-14,119,117,2,95,104,22,13,2014,10
Sydney-Dubbo,Sydney,Dubbo,All Airlines,Oct-14,285,285,0,248,246,37,39,2014,10
Sydney-Gold Coast,Sydney,Gold Coast,All Airlines,Oct-14,827,814,13,703,702,111,112,2014,10
Sydney-Hamilton Island,Sydney,Hamilton Island,All Airlines,Oct-14,75,75,0,59,64,16,11,2014,10
Sydney-Hobart,Sydney,Hobart,All Airlines,Oct-14,170,170,0,144,149,26,21,2014,10
Sydney-Launceston,Sydney,Launceston,All Airlines,Oct-14,87,87,0,69,71,18,16,2014,10
Sydney-Melbourne,Sydney,Melbourne,All Airlines,Oct-14,2333,2262,71,1914,1834,348,428,2014,10
Sydney-Perth,Sydney,Perth,All Airlines,Oct-14,390,387,3,310,334,77,53,2014,10
Sydney-Port Macquarie,Sydney,Port Macquarie,All Airlines,Oct-14,201,201,0,175,160,26,41,2014,10
Sydney-Sunshine Coast,Sydney,Sunshine Coast,All Airlines,Oct-14,142,142,0,124,126,18,16,2014,10
Sydney-Townsville,Sydney,Townsville,All Airlines,Oct-14,56,56,0,50,52,6,4,2014,10
Sydney-Wagga Wagga,Sydney,Wagga Wagga,All Airlines,Oct-14,254,254,0,223,220,31,34,2014,10
Townsville-Brisbane,Townsville,Brisbane,All Airlines,Oct-14,366,366,0,333,325,33,41,2014,10
Townsville-Sydney,Townsville,Sydney,All Airlines,Oct-14,56,56,0,52,51,4,5,2014,10
Wagga Wagga-Sydney,Wagga Wagga,Sydney,All Airlines,Oct-14,255,254,1,225,224,29,30,2014,10
Adelaide-Brisbane,Adelaide,Brisbane,All Airlines,Nov-14,263,263,0,238,244,25,19,2014,11
Adelaide-Canberra,Adelaide,Canberra,All Airlines,Nov-14,87,87,0,79,78,8,9,2014,11
Adelaide-Gold Coast,Adelaide,Gold Coast,All Airlines,Nov-14,59,59,0,59,58,0,1,2014,11
Adelaide-Melbourne,Adelaide,Melbourne,All Airlines,Nov-14,705,703,2,609,619,94,84,2014,11
Adelaide-Perth,Adelaide,Perth,All Airlines,Nov-14,204,203,1,174,170,29,33,2014,11
Adelaide-Port Lincoln,Adelaide,Port Lincoln,All Airlines,Nov-14,303,302,1,280,277,22,25,2014,11
Adelaide-Sydney,Adelaide,Sydney,All Airlines,Nov-14,551,547,4,459,473,88,74,2014,11
Albury-Sydney,Albury,Sydney,All Airlines,Nov-14,254,254,0,227,217,27,37,2014,11
Armidale-Sydney,Armidale,Sydney,All Airlines,Nov-14,201,194,7,157,153,37,41,2014,11
Ayers Rock-Sydney,Ayers Rock,Sydney,All Airlines,Nov-14,60,60,0,55,54,5,6,2014,11
Ballina-Sydney,Ballina,Sydney,All Airlines,Nov-14,115,115,0,93,93,22,22,2014,11
Brisbane-Adelaide,Brisbane,Adelaide,All Airlines,Nov-14,264,264,0,238,235,26,29,2014,11
Brisbane-Bundaberg,Brisbane,Bundaberg,All Airlines,Nov-14,152,151,1,136,137,15,14,2014,11
Brisbane-Cairns,Brisbane,Cairns,All Airlines,Nov-14,365,365,0,315,321,50,44,2014,11
Brisbane-Canberra,Brisbane,Canberra,All Airlines,Nov-14,245,244,1,220,218,24,26,2014,11
Brisbane-Darwin,Brisbane,Darwin,All Airlines,Nov-14,108,108,0,99,96,9,12,2014,11
Brisbane-Emerald,Brisbane,Emerald,All Airlines,Nov-14,222,219,3,203,195,16,24,2014,11
Brisbane-Gladstone,Brisbane,Gladstone,All Airlines,Nov-14,354,346,8,312,311,34,35,2014,11
Brisbane-Hamilton Island,Brisbane,Hamilton Island,All Airlines,Nov-14,33,33,0,30,32,3,1,2014,11
Brisbane-Hobart,Brisbane,Hobart,All Airlines,Nov-14,60,60,0,55,49,5,11,2014,11
Brisbane-Mackay,Brisbane,Mackay,All Airlines,Nov-14,314,311,3,270,279,41,32,2014,11
Brisbane-Melbourne,Brisbane,Melbourne,All Airlines,Nov-14,1042,1030,12,891,824,139,206,2014,11
Brisbane-Moranbah,Brisbane,Moranbah,All Airlines,Nov-14,191,183,8,163,168,20,15,2014,11
Brisbane-Mount Isa,Brisbane,Mount Isa,All Airlines,Nov-14,75,75,0,73,73,2,2,2014,11
Brisbane-Newcastle,Brisbane,Newcastle,All Airlines,Nov-14,233,232,1,201,196,31,36,2014,11
Brisbane-Perth,Brisbane,Perth,All Airlines,Nov-14,213,213,0,162,154,51,59,2014,11
Brisbane-Proserpine,Brisbane,Proserpine,All Airlines,Nov-14,80,80,0,72,74,8,6,2014,11
Brisbane-Rockhampton,Brisbane,Rockhampton,All Airlines,Nov-14,415,406,9,361,366,45,40,2014,11
Brisbane-Sydney,Brisbane,Sydney,All Airlines,Nov-14,1311,1286,25,1100,1063,186,223,2014,11
Brisbane-Townsville,Brisbane,Townsville,All Airlines,Nov-14,332,329,3,290,287,39,42,2014,11
Broome-Perth,Broome,Perth,All Airlines,Nov-14,126,124,2,111,108,13,16,2014,11
Bundaberg-Brisbane,Bundaberg,Brisbane,All Airlines,Nov-14,151,151,0,132,123,19,28,2014,11
Cairns-Brisbane,Cairns,Brisbane,All Airlines,Nov-14,365,365,0,324,310,41,55,2014,11
Cairns-Melbourne,Cairns,Melbourne,All Airlines,Nov-14,163,163,0,127,127,36,36,2014,11
Cairns-Sydney,Cairns,Sydney,All Airlines,Nov-14,248,246,2,206,197,40,49,2014,11
Canberra-Adelaide,Canberra,Adelaide,All Airlines,Nov-14,87,87,0,80,81,7,6,2014,11
Canberra-Brisbane,Canberra,Brisbane,All Airlines,Nov-14,245,244,1,217,213,27,31,2014,11
Canberra-Melbourne,Canberra,Melbourne,All Airlines,Nov-14,433,431,2,394,386,37,45,2014,11
Canberra-Sydney,Canberra,Sydney,All Airlines,Nov-14,799,772,27,695,696,77,76,2014,11
Coffs Harbour-Sydney,Coffs Harbour,Sydney,All Airlines,Nov-14,221,218,3,189,189,29,29,2014,11
Darwin-Brisbane,Darwin,Brisbane,All Airlines,Nov-14,108,107,1,90,85,17,22,2014,11
Darwin-Melbourne,Darwin,Melbourne,All Airlines,Nov-14,85,85,0,67,64,18,21,2014,11
Darwin-Perth,Darwin,Perth,All Airlines,Nov-14,63,62,1,54,52,8,10,2014,11
Darwin-Sydney,Darwin,Sydney,All Airlines,Nov-14,106,106,0,87,91,19,15,2014,11
Dubbo-Sydney,Dubbo,Sydney,All Airlines,Nov-14,258,253,5,228,212,25,41,2014,11
Emerald-Brisbane,Emerald,Brisbane,All Airlines,Nov-14,222,216,6,183,181,33,35,2014,11
Geraldton-Perth,Geraldton,Perth,All Airlines,Nov-14,135,133,2,123,123,10,10,2014,11
Gladstone-Brisbane,Gladstone,Brisbane,All Airlines,Nov-14,369,363,6,315,286,48,77,2014,11
Gold Coast-Adelaide,Gold Coast,Adelaide,All Airlines,Nov-14,59,59,0,56,55,3,4,2014,11
Gold Coast-Melbourne,Gold Coast,Melbourne,All Airlines,Nov-14,452,452,0,392,386,60,66,2014,11
Gold Coast-Sydney,Gold Coast,Sydney,All Airlines,Nov-14,723,716,7,614,618,102,98,2014,11
Hamilton Island-Brisbane,Hamilton Island,Brisbane,All Airlines,Nov-14,32,32,0,30,29,2,3,2014,11
Hamilton Island-Melbourne,Hamilton Island,Melbourne,All Airlines,Nov-14,39,39,0,31,31,8,8,2014,11
Hamilton Island-Sydney,Hamilton Island,Sydney,All Airlines,Nov-14,74,74,0,62,62,12,12,2014,11
Hobart-Brisbane,Hobart,Brisbane,All Airlines,Nov-14,60,60,0,38,39,22,21,2014,11
Hobart-Melbourne,Hobart,Melbourne,All Airlines,Nov-14,463,458,5,350,343,108,115,2014,11
Hobart-Sydney,Hobart,Sydney,All Airlines,Nov-14,161,161,0,132,127,29,34,2014,11
Kalgoorlie-Perth,Kalgoorlie,Perth,All Airlines,Nov-14,133,129,4,108,104,21,25,2014,11
Karratha-Perth,Karratha,Perth,All Airlines,Nov-14,282,271,11,251,252,20,19,2014,11
Launceston-Melbourne,Launceston,Melbourne,All Airlines,Nov-14,362,354,8,305,281,49,73,2014,11
Launceston-Sydney,Launceston,Sydney,All Airlines,Nov-14,90,89,1,64,68,25,21,2014,11
Mackay-Brisbane,Mackay,Brisbane,All Airlines,Nov-14,313,311,2,275,267,36,44,2014,11
Melbourne-Adelaide,Melbourne,Adelaide,All Airlines,Nov-14,706,703,3,632,596,71,107,2014,11
Melbourne-Brisbane,Melbourne,Brisbane,All Airlines,Nov-14,1040,1027,13,885,827,142,200,2014,11
Melbourne-Cairns,Melbourne,Cairns,All Airlines,Nov-14,163,163,0,139,136,24,27,2014,11
Melbourne-Canberra,Melbourne,Canberra,All Airlines,Nov-14,431,427,4,384,374,43,53,2014,11
Melbourne-Darwin,Melbourne,Darwin,All Airlines,Nov-14,83,83,0,75,68,8,15,2014,11
Melbourne-Gold Coast,Melbourne,Gold Coast,All Airlines,Nov-14,452,452,0,395,396,57,56,2014,11
Melbourne-Hamilton Island,Melbourne,Hamilton Island,All Airlines,Nov-14,39,39,0,37,37,2,2,2014,11
Melbourne-Hobart,Melbourne,Hobart,All Airlines,Nov-14,463,459,4,346,341,113,118,2014,11
Melbourne-Launceston,Melbourne,Launceston,All Airlines,Nov-14,362,355,7,312,292,43,63,2014,11
Melbourne-Mildura,Melbourne,Mildura,All Airlines,Nov-14,197,197,0,182,172,15,25,2014,11
Melbourne-Newcastle,Melbourne,Newcastle,All Airlines,Nov-14,125,124,1,108,100,16,24,2014,11
Melbourne-Perth,Melbourne,Perth,All Airlines,Nov-14,478,476,2,411,370,65,106,2014,11
Melbourne-Sunshine Coast,Melbourne,Sunshine Coast,All Airlines,Nov-14,106,105,1,97,98,8,7,2014,11
Melbourne-Sydney,Melbourne,Sydney,All Airlines,Nov-14,2187,2148,39,1852,1788,296,360,2014,11
Mildura-Melbourne,Mildura,Melbourne,All Airlines,Nov-14,197,197,0,185,182,12,15,2014,11
Moranbah-Brisbane,Moranbah,Brisbane,All Airlines,Nov-14,188,179,9,155,143,24,36,2014,11
Mount Isa-Brisbane,Mount Isa,Brisbane,All Airlines,Nov-14,75,74,1,71,70,3,4,2014,11
Newcastle-Brisbane,Newcastle,Brisbane,All Airlines,Nov-14,233,231,2,175,170,56,61,2014,11
Newcastle-Melbourne,Newcastle,Melbourne,All Airlines,Nov-14,126,125,1,106,98,19,27,2014,11
Newman-Perth,Newman,Perth,All Airlines,Nov-14,173,167,6,155,156,12,11,2014,11
Perth-Adelaide,Perth,Adelaide,All Airlines,Nov-14,207,205,2,180,183,25,22,2014,11
Perth-Brisbane,Perth,Brisbane,All Airlines,Nov-14,213,213,0,181,178,32,35,2014,11
Perth-Broome,Perth,Broome,All Airlines,Nov-14,121,118,3,109,106,9,12,2014,11
Perth-Darwin,Perth,Darwin,All Airlines,Nov-14,63,63,0,60,61,3,2,2014,11
Perth-Geraldton,Perth,Geraldton,All Airlines,Nov-14,132,130,2,119,116,11,14,2014,11
Perth-Kalgoorlie,Perth,Kalgoorlie,All Airlines,Nov-14,133,130,3,112,109,18,21,2014,11
Perth-Karratha,Perth,Karratha,All Airlines,Nov-14,282,271,11,248,249,23,22,2014,11
Perth-Melbourne,Perth,Melbourne,All Airlines,Nov-14,477,476,1,402,418,74,58,2014,11
Perth-Newman,Perth,Newman,All Airlines,Nov-14,174,168,6,156,154,12,14,2014,11
Perth-Port Hedland,Perth,Port Hedland,All Airlines,Nov-14,193,185,8,170,168,15,17,2014,11
Perth-Sydney,Perth,Sydney,All Airlines,Nov-14,365,363,2,318,334,45,29,2014,11
Port Hedland-Perth,Port Hedland,Perth,All Airlines,Nov-14,193,185,8,164,167,21,18,2014,11
Port Lincoln-Adelaide,Port Lincoln,Adelaide,All Airlines,Nov-14,302,301,1,279,274,22,27,2014,11
Port Macquarie-Sydney,Port Macquarie,Sydney,All Airlines,Nov-14,189,186,3,139,127,47,59,2014,11
Proserpine-Brisbane,Proserpine,Brisbane,All Airlines,Nov-14,80,80,0,71,68,9,12,2014,11
Rockhampton-Brisbane,Rockhampton,Brisbane,All Airlines,Nov-14,396,386,10,347,321,39,65,2014,11
Sunshine Coast-Melbourne,Sunshine Coast,Melbourne,All Airlines,Nov-14,106,104,2,89,87,15,17,2014,11
Sunshine Coast-Sydney,Sunshine Coast,Sydney,All Airlines,Nov-14,133,132,1,111,107,21,25,2014,11
Sydney-Adelaide,Sydney,Adelaide,All Airlines,Nov-14,547,542,5,455,432,87,110,2014,11
Sydney-Albury,Sydney,Albury,All Airlines,Nov-14,254,254,0,220,221,34,33,2014,11
Sydney-Armidale,Sydney,Armidale,All Airlines,Nov-14,201,197,4,167,161,30,36,2014,11
Sydney-Ayers Rock,Sydney,Ayers Rock,All Airlines,Nov-14,60,60,0,56,57,4,3,2014,11
Sydney-Ballina,Sydney,Ballina,All Airlines,Nov-14,114,114,0,106,102,8,12,2014,11
Sydney-Brisbane,Sydney,Brisbane,All Airlines,Nov-14,1314,1287,27,1047,1018,240,269,2014,11
Sydney-Cairns,Sydney,Cairns,All Airlines,Nov-14,248,247,1,218,212,29,35,2014,11
Sydney-Canberra,Sydney,Canberra,All Airlines,Nov-14,798,776,22,685,669,91,107,2014,11
Sydney-Coffs Harbour,Sydney,Coffs Harbour,All Airlines,Nov-14,221,219,2,190,198,29,21,2014,11
Sydney-Darwin,Sydney,Darwin,All Airlines,Nov-14,107,107,0,86,88,21,19,2014,11
Sydney-Dubbo,Sydney,Dubbo,All Airlines,Nov-14,261,256,5,221,224,35,32,2014,11
Sydney-Gold Coast,Sydney,Gold Coast,All Airlines,Nov-14,724,718,6,639,633,79,85,2014,11
Sydney-Hamilton Island,Sydney,Hamilton Island,All Airlines,Nov-14,73,73,0,69,69,4,4,2014,11
Sydney-Hobart,Sydney,Hobart,All Airlines,Nov-14,162,162,0,150,144,12,18,2014,11
Sydney-Launceston,Sydney,Launceston,All Airlines,Nov-14,90,90,0,80,80,10,10,2014,11
Sydney-Melbourne,Sydney,Melbourne,All Airlines,Nov-14,2180,2141,39,1829,1793,312,348,2014,11
Sydney-Perth,Sydney,Perth,All Airlines,Nov-14,371,370,1,309,291,61,79,2014,11
Sydney-Port Macquarie,Sydney,Port Macquarie,All Airlines,Nov-14,190,187,3,156,142,31,45,2014,11
Sydney-Sunshine Coast,Sydney,Sunshine Coast,All Airlines,Nov-14,133,133,0,114,115,19,18,2014,11
Sydney-Townsville,Sydney,Townsville,All Airlines,Nov-14,48,48,0,41,41,7,7,2014,11
Sydney-Wagga Wagga,Sydney,Wagga Wagga,All Airlines,Nov-14,241,240,1,207,208,33,32,2014,11
Townsville-Brisbane,Townsville,Brisbane,All Airlines,Nov-14,332,329,3,302,293,27,36,2014,11
Townsville-Sydney,Townsville,Sydney,All Airlines,Nov-14,48,48,0,38,38,10,10,2014,11
Wagga Wagga-Sydney,Wagga Wagga,Sydney,All Airlines,Nov-14,242,241,1,203,200,38,41,2014,11
Adelaide-Brisbane,Adelaide,Brisbane,All Airlines,Dec-14,281,278,3,254,250,24,28,2014,12
Adelaide-Canberra,Adelaide,Canberra,All Airlines,Dec-14,84,84,0,77,75,7,9,2014,12
Adelaide-Gold Coast,Adelaide,Gold Coast,All Airlines,Dec-14,73,73,0,70,67,3,6,2014,12
Adelaide-Melbourne,Adelaide,Melbourne,All Airlines,Dec-14,746,741,5,638,658,103,83,2014,12
Adelaide-Perth,Adelaide,Perth,All Airlines,Dec-14,219,218,1,187,186,31,32,2014,12
Adelaide-Port Lincoln,Adelaide,Port Lincoln,All Airlines,Dec-14,281,281,0,245,244,36,37,2014,12
Adelaide-Sydney,Adelaide,Sydney,All Airlines,Dec-14,607,606,1,499,517,107,89,2014,12
Albury-Sydney,Albury,Sydney,All Airlines,Dec-14,242,240,2,209,193,31,47,2014,12
Armidale-Sydney,Armidale,Sydney,All Airlines,Dec-14,193,187,6,135,126,52,61,2014,12
Ayers Rock-Sydney,Ayers Rock,Sydney,All Airlines,Dec-14,57,57,0,50,47,7,10,2014,12
Ballina-Sydney,Ballina,Sydney,All Airlines,Dec-14,133,127,6,88,84,39,43,2014,12
Brisbane-Adelaide,Brisbane,Adelaide,All Airlines,Dec-14,281,279,2,249,236,30,43,2014,12
Brisbane-Bundaberg,Brisbane,Bundaberg,All Airlines,Dec-14,161,159,2,132,129,27,30,2014,12
Brisbane-Cairns,Brisbane,Cairns,All Airlines,Dec-14,408,406,2,318,342,88,64,2014,12
Brisbane-Canberra,Brisbane,Canberra,All Airlines,Dec-14,255,253,2,219,218,34,35,2014,12
Brisbane-Darwin,Brisbane,Darwin,All Airlines,Dec-14,128,127,1,110,113,17,14,2014,12
Brisbane-Emerald,Brisbane,Emerald,All Airlines,Dec-14,221,217,4,180,164,37,53,2014,12
Brisbane-Gladstone,Brisbane,Gladstone,All Airlines,Dec-14,354,342,12,290,286,52,56,2014,12
Brisbane-Hamilton Island,Brisbane,Hamilton Island,All Airlines,Dec-14,48,48,0,41,44,7,4,2014,12
Brisbane-Hobart,Brisbane,Hobart,All Airlines,Dec-14,62,62,0,55,46,7,16,2014,12
Brisbane-Mackay,Brisbane,Mackay,All Airlines,Dec-14,320,317,3,251,262,66,55,2014,12
Brisbane-Melbourne,Brisbane,Melbourne,All Airlines,Dec-14,1101,1081,20,886,834,195,247,2014,12
Brisbane-Moranbah,Brisbane,Moranbah,All Airlines,Dec-14,190,180,10,169,161,11,19,2014,12
Brisbane-Mount Isa,Brisbane,Mount Isa,All Airlines,Dec-14,75,75,0,71,70,4,5,2014,12
Brisbane-Newcastle,Brisbane,Newcastle,All Airlines,Dec-14,246,242,4,201,187,41,55,2014,12
Brisbane-Perth,Brisbane,Perth,All Airlines,Dec-14,231,229,2,169,135,60,94,2014,12
Brisbane-Proserpine,Brisbane,Proserpine,All Airlines,Dec-14,85,85,0,68,76,17,9,2014,12
Brisbane-Rockhampton,Brisbane,Rockhampton,All Airlines,Dec-14,425,414,11,328,325,86,89,2014,12
Brisbane-Sydney,Brisbane,Sydney,All Airlines,Dec-14,1399,1350,49,1129,1067,221,283,2014,12
Brisbane-Townsville,Brisbane,Townsville,All Airlines,Dec-14,361,358,3,290,291,68,67,2014,12
Broome-Perth,Broome,Perth,All Airlines,Dec-14,127,126,1,114,114,12,12,2014,12
Bundaberg-Brisbane,Bundaberg,Brisbane,All Airlines,Dec-14,160,159,1,132,129,27,30,2014,12
Cairns-Brisbane,Cairns,Brisbane,All Airlines,Dec-14,408,408,0,354,336,54,72,2014,12
Cairns-Melbourne,Cairns,Melbourne,All Airlines,Dec-14,181,179,2,151,150,28,29,2014,12
Cairns-Sydney,Cairns,Sydney,All Airlines,Dec-14,283,281,2,251,238,30,43,2014,12
Canberra-Adelaide,Canberra,Adelaide,All Airlines,Dec-14,84,84,0,74,74,10,10,2014,12
Canberra-Brisbane,Canberra,Brisbane,All Airlines,Dec-14,256,253,3,220,215,33,38,2014,12
Canberra-Melbourne,Canberra,Melbourne,All Airlines,Dec-14,435,426,9,356,362,70,64,2014,12
Canberra-Sydney,Canberra,Sydney,All Airlines,Dec-14,780,726,54,603,618,123,108,2014,12
Coffs Harbour-Sydney,Coffs Harbour,Sydney,All Airlines,Dec-14,230,222,8,176,168,46,54,2014,12
Darwin-Brisbane,Darwin,Brisbane,All Airlines,Dec-14,128,127,1,107,91,20,36,2014,12
Darwin-Melbourne,Darwin,Melbourne,All Airlines,Dec-14,93,93,0,74,70,19,23,2014,12
Darwin-Perth,Darwin,Perth,All Airlines,Dec-14,65,65,0,62,62,3,3,2014,12
Darwin-Sydney,Darwin,Sydney,All Airlines,Dec-14,108,107,1,85,85,22,22,2014,12
Dubbo-Sydney,Dubbo,Sydney,All Airlines,Dec-14,230,227,3,179,169,48,58,2014,12
Emerald-Brisbane,Emerald,Brisbane,All Airlines,Dec-14,219,217,2,165,164,52,53,2014,12
Geraldton-Perth,Geraldton,Perth,All Airlines,Dec-14,147,144,3,135,137,9,7,2014,12
Gladstone-Brisbane,Gladstone,Brisbane,All Airlines,Dec-14,374,359,15,280,259,79,100,2014,12
Gold Coast-Adelaide,Gold Coast,Adelaide,All Airlines,Dec-14,73,73,0,65,62,8,11,2014,12
Gold Coast-Melbourne,Gold Coast,Melbourne,All Airlines,Dec-14,538,532,6,431,442,101,90,2014,12
Gold Coast-Sydney,Gold Coast,Sydney,All Airlines,Dec-14,830,799,31,618,617,181,182,2014,12
Hamilton Island-Brisbane,Hamilton Island,Brisbane,All Airlines,Dec-14,48,48,0,40,37,8,11,2014,12
Hamilton Island-Melbourne,Hamilton Island,Melbourne,All Airlines,Dec-14,39,39,0,36,36,3,3,2014,12
Hamilton Island-Sydney,Hamilton Island,Sydney,All Airlines,Dec-14,75,74,1,59,60,15,14,2014,12
Hobart-Brisbane,Hobart,Brisbane,All Airlines,Dec-14,62,62,0,30,32,32,30,2014,12
Hobart-Melbourne,Hobart,Melbourne,All Airlines,Dec-14,533,526,7,381,376,145,150,2014,12
Hobart-Sydney,Hobart,Sydney,All Airlines,Dec-14,217,216,1,165,151,51,65,2014,12
Kalgoorlie-Perth,Kalgoorlie,Perth,All Airlines,Dec-14,139,135,4,119,119,16,16,2014,12
Karratha-Perth,Karratha,Perth,All Airlines,Dec-14,288,283,5,268,269,15,14,2014,12
Launceston-Melbourne,Launceston,Melbourne,All Airlines,Dec-14,384,377,7,291,275,86,102,2014,12
Launceston-Sydney,Launceston,Sydney,All Airlines,Dec-14,114,114,0,82,77,32,37,2014,12
Mackay-Brisbane,Mackay,Brisbane,All Airlines,Dec-14,321,318,3,267,257,51,61,2014,12
Melbourne-Adelaide,Melbourne,Adelaide,All Airlines,Dec-14,745,742,3,645,638,97,104,2014,12
Melbourne-Brisbane,Melbourne,Brisbane,All Airlines,Dec-14,1097,1082,15,886,840,196,242,2014,12
Melbourne-Cairns,Melbourne,Cairns,All Airlines,Dec-14,181,180,1,154,160,26,20,2014,12
Melbourne-Canberra,Melbourne,Canberra,All Airlines,Dec-14,435,428,7,378,367,50,61,2014,12
Melbourne-Darwin,Melbourne,Darwin,All Airlines,Dec-14,93,93,0,83,78,10,15,2014,12
Melbourne-Gold Coast,Melbourne,Gold Coast,All Airlines,Dec-14,538,534,4,447,439,87,95,2014,12
Melbourne-Hamilton Island,Melbourne,Hamilton Island,All Airlines,Dec-14,39,39,0,34,36,5,3,2014,12
Melbourne-Hobart,Melbourne,Hobart,All Airlines,Dec-14,533,527,6,391,382,136,145,2014,12
Melbourne-Launceston,Melbourne,Launceston,All Airlines,Dec-14,385,377,8,297,292,80,85,2014,12
Melbourne-Mildura,Melbourne,Mildura,All Airlines,Dec-14,189,189,0,165,153,24,36,2014,12
Melbourne-Newcastle,Melbourne,Newcastle,All Airlines,Dec-14,125,125,0,90,88,35,37,2014,12
Melbourne-Perth,Melbourne,Perth,All Airlines,Dec-14,524,519,5,426,410,93,109,2014,12
Melbourne-Sunshine Coast,Melbourne,Sunshine Coast,All Airlines,Dec-14,120,119,1,97,99,22,20,2014,12
Melbourne-Sydney,Melbourne,Sydney,All Airlines,Dec-14,2188,2113,75,1737,1666,376,447,2014,12
Mildura-Melbourne,Mildura,Melbourne,All Airlines,Dec-14,191,190,1,155,152,35,38,2014,12
Moranbah-Brisbane,Moranbah,Brisbane,All Airlines,Dec-14,185,174,11,148,147,26,27,2014,12
Mount Isa-Brisbane,Mount Isa,Brisbane,All Airlines,Dec-14,75,75,0,67,68,8,7,2014,12
Newcastle-Brisbane,Newcastle,Brisbane,All Airlines,Dec-14,246,242,4,178,156,64,86,2014,12
Newcastle-Melbourne,Newcastle,Melbourne,All Airlines,Dec-14,125,123,2,88,88,35,35,2014,12
Newman-Perth,Newman,Perth,All Airlines,Dec-14,175,172,3,161,165,11,7,2014,12
Perth-Adelaide,Perth,Adelaide,All Airlines,Dec-14,222,221,1,198,206,23,15,2014,12
Perth-Brisbane,Perth,Brisbane,All Airlines,Dec-14,230,229,1,188,207,41,22,2014,12
Perth-Broome,Perth,Broome,All Airlines,Dec-14,122,121,1,112,111,9,10,2014,12
Perth-Darwin,Perth,Darwin,All Airlines,Dec-14,65,65,0,63,63,2,2,2014,12
Perth-Geraldton,Perth,Geraldton,All Airlines,Dec-14,144,144,0,134,130,10,14,2014,12
Perth-Kalgoorlie,Perth,Kalgoorlie,All Airlines,Dec-14,139,136,3,125,125,11,11,2014,12
Perth-Karratha,Perth,Karratha,All Airlines,Dec-14,286,284,2,268,264,16,20,2014,12
Perth-Melbourne,Perth,Melbourne,All Airlines,Dec-14,520,513,7,422,445,91,68,2014,12
Perth-Newman,Perth,Newman,All Airlines,Dec-14,175,173,2,166,165,7,8,2014,12
Perth-Port Hedland,Perth,Port Hedland,All Airlines,Dec-14,192,191,1,184,184,7,7,2014,12
Perth-Sydney,Perth,Sydney,All Airlines,Dec-14,385,383,2,308,337,75,46,2014,12
Port Hedland-Perth,Port Hedland,Perth,All Airlines,Dec-14,192,189,3,165,175,24,14,2014,12
Port Lincoln-Adelaide,Port Lincoln,Adelaide,All Airlines,Dec-14,282,282,0,246,239,36,43,2014,12
Port Macquarie-Sydney,Port Macquarie,Sydney,All Airlines,Dec-14,194,194,0,119,101,75,93,2014,12
Proserpine-Brisbane,Proserpine,Brisbane,All Airlines,Dec-14,85,85,0,82,76,3,9,2014,12
Rockhampton-Brisbane,Rockhampton,Brisbane,All Airlines,Dec-14,401,392,9,304,290,88,102,2014,12
Sunshine Coast-Melbourne,Sunshine Coast,Melbourne,All Airlines,Dec-14,120,119,1,86,81,33,38,2014,12
Sunshine Coast-Sydney,Sunshine Coast,Sydney,All Airlines,Dec-14,147,143,4,100,99,43,44,2014,12
Sydney-Adelaide,Sydney,Adelaide,All Airlines,Dec-14,606,604,2,477,481,127,123,2014,12
Sydney-Albury,Sydney,Albury,All Airlines,Dec-14,241,239,2,196,193,43,46,2014,12
Sydney-Armidale,Sydney,Armidale,All Airlines,Dec-14,191,187,4,138,128,49,59,2014,12
Sydney-Ayers Rock,Sydney,Ayers Rock,All Airlines,Dec-14,57,57,0,50,46,7,11,2014,12
Sydney-Ballina,Sydney,Ballina,All Airlines,Dec-14,134,131,3,107,98,24,33,2014,12
Sydney-Brisbane,Sydney,Brisbane,All Airlines,Dec-14,1403,1356,47,1098,1043,258,313,2014,12
Sydney-Cairns,Sydney,Cairns,All Airlines,Dec-14,281,279,2,246,249,33,30,2014,12
Sydney-Canberra,Sydney,Canberra,All Airlines,Dec-14,779,728,51,596,593,132,135,2014,12
Sydney-Coffs Harbour,Sydney,Coffs Harbour,All Airlines,Dec-14,229,222,7,174,177,48,45,2014,12
Sydney-Darwin,Sydney,Darwin,All Airlines,Dec-14,109,108,1,86,89,22,19,2014,12
Sydney-Dubbo,Sydney,Dubbo,All Airlines,Dec-14,232,228,4,173,173,55,55,2014,12
Sydney-Gold Coast,Sydney,Gold Coast,All Airlines,Dec-14,827,802,25,653,634,149,168,2014,12
Sydney-Hamilton Island,Sydney,Hamilton Island,All Airlines,Dec-14,75,74,1,65,64,9,10,2014,12
Sydney-Hobart,Sydney,Hobart,All Airlines,Dec-14,216,216,0,174,179,42,37,2014,12
Sydney-Launceston,Sydney,Launceston,All Airlines,Dec-14,115,115,0,86,86,29,29,2014,12
Sydney-Melbourne,Sydney,Melbourne,All Airlines,Dec-14,2180,2105,75,1636,1603,469,502,2014,12
Sydney-Perth,Sydney,Perth,All Airlines,Dec-14,389,388,1,294,284,94,104,2014,12
Sydney-Port Macquarie,Sydney,Port Macquarie,All Airlines,Dec-14,192,191,1,119,103,72,88,2014,12
Sydney-Sunshine Coast,Sydney,Sunshine Coast,All Airlines,Dec-14,148,144,4,108,107,36,37,2014,12
Sydney-Townsville,Sydney,Townsville,All Airlines,Dec-14,60,60,0,50,46,10,14,2014,12
Sydney-Wagga Wagga,Sydney,Wagga Wagga,All Airlines,Dec-14,220,220,0,186,179,34,41,2014,12
Townsville-Brisbane,Townsville,Brisbane,All Airlines,Dec-14,361,358,3,299,296,59,62,2014,12
Townsville-Sydney,Townsville,Sydney,All Airlines,Dec-14,60,59,1,44,41,15,18,2014,12
Wagga Wagga-Sydney,Wagga Wagga,Sydney,All Airlines,Dec-14,215,215,0,176,167,39,48,2014,12
Adelaide-Brisbane,Adelaide,Brisbane,All Airlines,Jan-15,275,275,0,254,257,21,18,2015,1
Adelaide-Canberra,Adelaide,Canberra,All Airlines,Jan-15,70,70,0,63,63,7,7,2015,1
Adelaide-Gold Coast,Adelaide,Gold Coast,All Airlines,Jan-15,78,77,1,73,72,4,5,2015,1
Adelaide-Melbourne,Adelaide,Melbourne,All Airlines,Jan-15,732,719,13,652,652,67,67,2015,1
Adelaide-Perth,Adelaide,Perth,All Airlines,Jan-15,221,221,0,201,208,20,13,2015,1
Adelaide-Port Lincoln,Adelaide,Port Lincoln,All Airlines,Jan-15,239,239,0,221,219,18,20,2015,1
Adelaide-Sydney,Adelaide,Sydney,All Airlines,Jan-15,590,583,7,524,535,59,48,2015,1
Albury-Sydney,Albury,Sydney,All Airlines,Jan-15,202,202,0,182,170,20,32,2015,1
Armidale-Sydney,Armidale,Sydney,All Airlines,Jan-15,168,163,5,136,137,27,26,2015,1
Ayers Rock-Sydney,Ayers Rock,Sydney,All Airlines,Jan-15,56,56,0,53,51,3,5,2015,1
Ballina-Sydney,Ballina,Sydney,All Airlines,Jan-15,133,132,1,104,110,28,22,2015,1
Brisbane-Adelaide,Brisbane,Adelaide,All Airlines,Jan-15,275,275,0,251,249,24,26,2015,1
Brisbane-Bundaberg,Brisbane,Bundaberg,All Airlines,Jan-15,157,157,0,144,146,13,11,2015,1
Brisbane-Cairns,Brisbane,Cairns,All Airlines,Jan-15,407,405,2,366,370,39,35,2015,1
Brisbane-Canberra,Brisbane,Canberra,All Airlines,Jan-15,250,250,0,229,223,21,27,2015,1
Brisbane-Darwin,Brisbane,Darwin,All Airlines,Jan-15,119,119,0,106,114,13,5,2015,1
Brisbane-Emerald,Brisbane,Emerald,All Airlines,Jan-15,214,212,2,181,170,31,42,2015,1
Brisbane-Gladstone,Brisbane,Gladstone,All Airlines,Jan-15,365,358,7,320,298,38,60,2015,1
Brisbane-Hamilton Island,Brisbane,Hamilton Island,All Airlines,Jan-15,49,49,0,46,44,3,5,2015,1
Brisbane-Hobart,Brisbane,Hobart,All Airlines,Jan-15,63,63,0,59,56,4,7,2015,1
Brisbane-Mackay,Brisbane,Mackay,All Airlines,Jan-15,310,308,2,273,273,35,35,2015,1
Brisbane-Melbourne,Brisbane,Melbourne,All Airlines,Jan-15,1065,1049,16,924,909,125,140,2015,1
Brisbane-Moranbah,Brisbane,Moranbah,All Airlines,Jan-15,192,183,9,166,163,17,20,2015,1
Brisbane-Mount Isa,Brisbane,Mount Isa,All Airlines,Jan-15,72,72,0,70,68,2,4,2015,1
Brisbane-Newcastle,Brisbane,Newcastle,All Airlines,Jan-15,243,241,2,210,194,31,47,2015,1
Brisbane-Perth,Brisbane,Perth,All Airlines,Jan-15,233,233,0,198,205,35,28,2015,1
Brisbane-Proserpine,Brisbane,Proserpine,All Airlines,Jan-15,85,84,1,71,65,13,19,2015,1
Brisbane-Rockhampton,Brisbane,Rockhampton,All Airlines,Jan-15,421,418,3,368,359,50,59,2015,1
Brisbane-Sydney,Brisbane,Sydney,All Airlines,Jan-15,1363,1325,38,1192,1177,133,148,2015,1
Brisbane-Townsville,Brisbane,Townsville,All Airlines,Jan-15,361,358,3,315,306,43,52,2015,1
Broome-Perth,Broome,Perth,All Airlines,Jan-15,126,126,0,111,114,15,12,2015,1
Bundaberg-Brisbane,Bundaberg,Brisbane,All Airlines,Jan-15,157,157,0,149,139,8,18,2015,1
Cairns-Brisbane,Cairns,Brisbane,All Airlines,Jan-15,407,404,3,370,364,34,40,2015,1
Cairns-Melbourne,Cairns,Melbourne,All Airlines,Jan-15,187,187,0,153,151,34,36,2015,1
Cairns-Sydney,Cairns,Sydney,All Airlines,Jan-15,292,291,1,253,256,38,35,2015,1
Canberra-Adelaide,Canberra,Adelaide,All Airlines,Jan-15,70,70,0,58,58,12,12,2015,1
Canberra-Brisbane,Canberra,Brisbane,All Airlines,Jan-15,250,247,3,217,219,30,28,2015,1
Canberra-Melbourne,Canberra,Melbourne,All Airlines,Jan-15,389,385,4,356,352,29,33,2015,1
Canberra-Sydney,Canberra,Sydney,All Airlines,Jan-15,630,595,35,551,555,44,40,2015,1
Coffs Harbour-Sydney,Coffs Harbour,Sydney,All Airlines,Jan-15,221,218,3,194,193,24,25,2015,1
Darwin-Brisbane,Darwin,Brisbane,All Airlines,Jan-15,117,117,0,111,100,6,17,2015,1
Darwin-Melbourne,Darwin,Melbourne,All Airlines,Jan-15,83,82,1,72,64,10,18,2015,1
Darwin-Perth,Darwin,Perth,All Airlines,Jan-15,58,58,0,53,54,5,4,2015,1
Darwin-Sydney,Darwin,Sydney,All Airlines,Jan-15,96,96,0,82,83,14,13,2015,1
Dubbo-Sydney,Dubbo,Sydney,All Airlines,Jan-15,163,162,1,131,128,31,34,2015,1
Emerald-Brisbane,Emerald,Brisbane,All Airlines,Jan-15,214,211,3,177,174,34,37,2015,1
Geraldton-Perth,Geraldton,Perth,All Airlines,Jan-15,125,125,0,113,114,12,11,2015,1
Gladstone-Brisbane,Gladstone,Brisbane,All Airlines,Jan-15,384,374,10,297,294,77,80,2015,1
Gold Coast-Adelaide,Gold Coast,Adelaide,All Airlines,Jan-15,78,77,1,67,67,10,10,2015,1
Gold Coast-Melbourne,Gold Coast,Melbourne,All Airlines,Jan-15,548,536,12,447,465,89,71,2015,1
Gold Coast-Sydney,Gold Coast,Sydney,All Airlines,Jan-15,845,817,28,690,711,127,106,2015,1
Hamilton Island-Brisbane,Hamilton Island,Brisbane,All Airlines,Jan-15,49,49,0,41,41,8,8,2015,1
Hamilton Island-Melbourne,Hamilton Island,Melbourne,All Airlines,Jan-15,42,42,0,37,37,5,5,2015,1
Hamilton Island-Sydney,Hamilton Island,Sydney,All Airlines,Jan-15,75,74,1,67,68,7,6,2015,1
Hobart-Brisbane,Hobart,Brisbane,All Airlines,Jan-15,62,62,0,39,44,23,18,2015,1
Hobart-Melbourne,Hobart,Melbourne,All Airlines,Jan-15,570,562,8,416,417,146,145,2015,1
Hobart-Sydney,Hobart,Sydney,All Airlines,Jan-15,213,211,2,169,164,42,47,2015,1
Kalgoorlie-Perth,Kalgoorlie,Perth,All Airlines,Jan-15,136,134,2,118,122,16,12,2015,1
Karratha-Perth,Karratha,Perth,All Airlines,Jan-15,288,282,6,257,258,25,24,2015,1
Launceston-Melbourne,Launceston,Melbourne,All Airlines,Jan-15,390,385,5,327,315,58,70,2015,1
Launceston-Sydney,Launceston,Sydney,All Airlines,Jan-15,122,122,0,110,107,12,15,2015,1
Mackay-Brisbane,Mackay,Brisbane,All Airlines,Jan-15,310,306,4,259,264,47,42,2015,1
Melbourne-Adelaide,Melbourne,Adelaide,All Airlines,Jan-15,731,721,10,656,639,65,82,2015,1
Melbourne-Brisbane,Melbourne,Brisbane,All Airlines,Jan-15,1064,1047,17,916,897,131,150,2015,1
Melbourne-Cairns,Melbourne,Cairns,All Airlines,Jan-15,187,187,0,157,168,30,19,2015,1
Melbourne-Canberra,Melbourne,Canberra,All Airlines,Jan-15,388,384,4,343,335,41,49,2015,1
Melbourne-Darwin,Melbourne,Darwin,All Airlines,Jan-15,83,83,0,66,69,17,14,2015,1
Melbourne-Gold Coast,Melbourne,Gold Coast,All Airlines,Jan-15,549,541,8,470,457,71,84,2015,1
Melbourne-Hamilton Island,Melbourne,Hamilton Island,All Airlines,Jan-15,42,42,0,37,39,5,3,2015,1
Melbourne-Hobart,Melbourne,Hobart,All Airlines,Jan-15,568,560,8,443,434,117,126,2015,1
Melbourne-Launceston,Melbourne,Launceston,All Airlines,Jan-15,389,384,5,337,332,47,52,2015,1
Melbourne-Mildura,Melbourne,Mildura,All Airlines,Jan-15,170,169,1,157,149,12,20,2015,1
Melbourne-Newcastle,Melbourne,Newcastle,All Airlines,Jan-15,128,126,2,102,99,24,27,2015,1
Melbourne-Perth,Melbourne,Perth,All Airlines,Jan-15,502,493,9,406,410,87,83,2015,1
Melbourne-Sunshine Coast,Melbourne,Sunshine Coast,All Airlines,Jan-15,121,121,0,110,112,11,9,2015,1
Melbourne-Sydney,Melbourne,Sydney,All Airlines,Jan-15,2171,2110,61,1868,1807,242,303,2015,1
Mildura-Melbourne,Mildura,Melbourne,All Airlines,Jan-15,169,168,1,155,151,13,17,2015,1
Moranbah-Brisbane,Moranbah,Brisbane,All Airlines,Jan-15,188,180,8,160,160,20,20,2015,1
Mount Isa-Brisbane,Mount Isa,Brisbane,All Airlines,Jan-15,72,70,2,65,63,5,7,2015,1
Newcastle-Brisbane,Newcastle,Brisbane,All Airlines,Jan-15,244,242,2,194,182,48,60,2015,1
Newcastle-Melbourne,Newcastle,Melbourne,All Airlines,Jan-15,128,126,2,103,105,23,21,2015,1
Newman-Perth,Newman,Perth,All Airlines,Jan-15,172,171,1,152,154,19,17,2015,1
Perth-Adelaide,Perth,Adelaide,All Airlines,Jan-15,228,228,0,210,214,18,14,2015,1
Perth-Brisbane,Perth,Brisbane,All Airlines,Jan-15,234,234,0,207,213,27,21,2015,1
Perth-Broome,Perth,Broome,All Airlines,Jan-15,122,122,0,108,110,14,12,2015,1
Perth-Darwin,Perth,Darwin,All Airlines,Jan-15,58,58,0,54,55,4,3,2015,1
Perth-Geraldton,Perth,Geraldton,All Airlines,Jan-15,117,117,0,100,101,17,16,2015,1
Perth-Kalgoorlie,Perth,Kalgoorlie,All Airlines,Jan-15,138,136,2,121,122,15,14,2015,1
Perth-Karratha,Perth,Karratha,All Airlines,Jan-15,288,283,5,254,248,29,35,2015,1
Perth-Melbourne,Perth,Melbourne,All Airlines,Jan-15,506,497,9,418,425,79,72,2015,1
Perth-Newman,Perth,Newman,All Airlines,Jan-15,172,171,1,151,149,20,22,2015,1
Perth-Port Hedland,Perth,Port Hedland,All Airlines,Jan-15,203,197,6,176,178,21,19,2015,1
Perth-Sydney,Perth,Sydney,All Airlines,Jan-15,375,375,0,325,334,50,41,2015,1
Port Hedland-Perth,Port Hedland,Perth,All Airlines,Jan-15,203,197,6,172,175,25,22,2015,1
Port Lincoln-Adelaide,Port Lincoln,Adelaide,All Airlines,Jan-15,240,240,0,216,208,24,32,2015,1
Port Macquarie-Sydney,Port Macquarie,Sydney,All Airlines,Jan-15,187,183,4,143,141,40,42,2015,1
Proserpine-Brisbane,Proserpine,Brisbane,All Airlines,Jan-15,84,83,1,66,66,17,17,2015,1
Rockhampton-Brisbane,Rockhampton,Brisbane,All Airlines,Jan-15,398,392,6,339,326,53,66,2015,1
Sunshine Coast-Melbourne,Sunshine Coast,Melbourne,All Airlines,Jan-15,121,121,0,105,106,16,15,2015,1
Sunshine Coast-Sydney,Sunshine Coast,Sydney,All Airlines,Jan-15,152,150,2,126,125,24,25,2015,1
Sydney-Adelaide,Sydney,Adelaide,All Airlines,Jan-15,583,579,4,507,516,72,63,2015,1
Sydney-Albury,Sydney,Albury,All Airlines,Jan-15,203,203,0,177,178,26,25,2015,1
Sydney-Armidale,Sydney,Armidale,All Airlines,Jan-15,167,164,3,135,130,29,34,2015,1
Sydney-Ayers Rock,Sydney,Ayers Rock,All Airlines,Jan-15,56,56,0,51,51,5,5,2015,1
Sydney-Ballina,Sydney,Ballina,All Airlines,Jan-15,132,132,0,112,112,20,20,2015,1
Sydney-Brisbane,Sydney,Brisbane,All Airlines,Jan-15,1367,1333,34,1181,1150,152,183,2015,1
Sydney-Cairns,Sydney,Cairns,All Airlines,Jan-15,291,290,1,258,263,32,27,2015,1
Sydney-Canberra,Sydney,Canberra,All Airlines,Jan-15,630,593,37,523,537,70,56,2015,1
Sydney-Coffs Harbour,Sydney,Coffs Harbour,All Airlines,Jan-15,222,219,3,185,195,34,24,2015,1
Sydney-Darwin,Sydney,Darwin,All Airlines,Jan-15,96,96,0,77,85,19,11,2015,1
Sydney-Dubbo,Sydney,Dubbo,All Airlines,Jan-15,165,163,2,129,130,34,33,2015,1
Sydney-Gold Coast,Sydney,Gold Coast,All Airlines,Jan-15,843,827,16,737,715,90,112,2015,1
Sydney-Hamilton Island,Sydney,Hamilton Island,All Airlines,Jan-15,75,75,0,71,67,4,8,2015,1
Sydney-Hobart,Sydney,Hobart,All Airlines,Jan-15,212,211,1,190,193,21,18,2015,1
Sydney-Launceston,Sydney,Launceston,All Airlines,Jan-15,121,121,0,110,112,11,9,2015,1
Sydney-Melbourne,Sydney,Melbourne,All Airlines,Jan-15,2169,2115,54,1868,1864,247,251,2015,1
Sydney-Perth,Sydney,Perth,All Airlines,Jan-15,376,376,0,319,332,57,44,2015,1
Sydney-Port Macquarie,Sydney,Port Macquarie,All Airlines,Jan-15,188,185,3,155,146,30,39,2015,1
Sydney-Sunshine Coast,Sydney,Sunshine Coast,All Airlines,Jan-15,152,151,1,138,137,13,14,2015,1
Sydney-Townsville,Sydney,Townsville,All Airlines,Jan-15,61,61,0,52,53,9,8,2015,1
Sydney-Wagga Wagga,Sydney,Wagga Wagga,All Airlines,Jan-15,169,168,1,145,151,23,17,2015,1
Townsville-Brisbane,Townsville,Brisbane,All Airlines,Jan-15,361,357,4,322,325,35,32,2015,1
Townsville-Sydney,Townsville,Sydney,All Airlines,Jan-15,61,61,0,50,49,11,12,2015,1
Wagga Wagga-Sydney,Wagga Wagga,Sydney,All Airlines,Jan-15,169,166,3,151,142,15,24,2015,1
Adelaide-Brisbane,Adelaide,Brisbane,All Airlines,Feb-15,249,248,1,238,224,10,24,2015,2
Adelaide-Canberra,Adelaide,Canberra,All Airlines,Feb-15,84,84,0,77,76,7,8,2015,2
Adelaide-Gold Coast,Adelaide,Gold Coast,All Airlines,Feb-15,56,55,1,52,51,3,4,2015,2
Adelaide-Melbourne,Adelaide,Melbourne,All Airlines,Feb-15,673,672,1,599,611,73,61,2015,2
Adelaide-Perth,Adelaide,Perth,All Airlines,Feb-15,192,191,1,167,180,24,11,2015,2
Adelaide-Port Lincoln,Adelaide,Port Lincoln,All Airlines,Feb-15,254,254,0,240,241,14,13,2015,2
Adelaide-Sydney,Adelaide,Sydney,All Airlines,Feb-15,518,516,2,473,466,43,50,2015,2
Albury-Sydney,Albury,Sydney,All Airlines,Feb-15,228,228,0,213,198,15,30,2015,2
Armidale-Sydney,Armidale,Sydney,All Airlines,Feb-15,189,189,0,167,159,22,30,2015,2
Ayers Rock-Sydney,Ayers Rock,Sydney,All Airlines,Feb-15,50,50,0,47,44,3,6,2015,2
Ballina-Sydney,Ballina,Sydney,All Airlines,Feb-15,103,102,1,83,85,19,17,2015,2
Brisbane-Adelaide,Brisbane,Adelaide,All Airlines,Feb-15,249,249,0,233,235,16,14,2015,2
Brisbane-Bundaberg,Brisbane,Bundaberg,All Airlines,Feb-15,144,133,11,121,123,12,10,2015,2
Brisbane-Cairns,Brisbane,Cairns,All Airlines,Feb-15,353,353,0,323,310,30,43,2015,2
Brisbane-Canberra,Brisbane,Canberra,All Airlines,Feb-15,236,236,0,218,220,18,16,2015,2
Brisbane-Darwin,Brisbane,Darwin,All Airlines,Feb-15,102,102,0,94,97,8,5,2015,2
Brisbane-Emerald,Brisbane,Emerald,All Airlines,Feb-15,204,203,1,187,176,16,27,2015,2
Brisbane-Gladstone,Brisbane,Gladstone,All Airlines,Feb-15,326,308,18,276,263,32,45,2015,2
Brisbane-Hamilton Island,Brisbane,Hamilton Island,All Airlines,Feb-15,44,42,2,37,36,5,6,2015,2
Brisbane-Hobart,Brisbane,Hobart,All Airlines,Feb-15,52,52,0,47,45,5,7,2015,2
Brisbane-Mackay,Brisbane,Mackay,All Airlines,Feb-15,293,284,9,250,256,34,28,2015,2
Brisbane-Melbourne,Brisbane,Melbourne,All Airlines,Feb-15,940,927,13,824,798,103,129,2015,2
Brisbane-Moranbah,Brisbane,Moranbah,All Airlines,Feb-15,177,176,1,158,158,18,18,2015,2
Brisbane-Mount Isa,Brisbane,Mount Isa,All Airlines,Feb-15,69,69,0,64,68,5,1,2015,2
Brisbane-Newcastle,Brisbane,Newcastle,All Airlines,Feb-15,208,207,1,182,177,25,30,2015,2
Brisbane-Perth,Brisbane,Perth,All Airlines,Feb-15,204,204,0,178,185,26,19,2015,2
Brisbane-Proserpine,Brisbane,Proserpine,All Airlines,Feb-15,72,72,0,67,67,5,5,2015,2
Brisbane-Rockhampton,Brisbane,Rockhampton,All Airlines,Feb-15,380,339,41,303,295,36,44,2015,2
Brisbane-Sydney,Brisbane,Sydney,All Airlines,Feb-15,1253,1236,17,1130,1106,106,130,2015,2
Brisbane-Townsville,Brisbane,Townsville,All Airlines,Feb-15,311,310,1,283,283,27,27,2015,2
Broome-Perth,Broome,Perth,All Airlines,Feb-15,114,113,1,103,102,10,11,2015,2
Bundaberg-Brisbane,Bundaberg,Brisbane,All Airlines,Feb-15,144,133,11,117,112,16,21,2015,2
Cairns-Brisbane,Cairns,Brisbane,All Airlines,Feb-15,353,353,0,312,313,41,40,2015,2
Cairns-Melbourne,Cairns,Melbourne,All Airlines,Feb-15,147,147,0,111,112,36,35,2015,2
Cairns-Sydney,Cairns,Sydney,All Airlines,Feb-15,251,250,1,209,203,41,47,2015,2
Canberra-Adelaide,Canberra,Adelaide,All Airlines,Feb-15,84,84,0,74,75,10,9,2015,2
Canberra-Brisbane,Canberra,Brisbane,All Airlines,Feb-15,236,236,0,214,213,22,23,2015,2
Canberra-Melbourne,Canberra,Melbourne,All Airlines,Feb-15,414,412,2,384,378,28,34,2015,2
Canberra-Sydney,Canberra,Sydney,All Airlines,Feb-15,740,729,11,686,673,43,56,2015,2
Coffs Harbour-Sydney,Coffs Harbour,Sydney,All Airlines,Feb-15,201,200,1,182,180,18,20,2015,2
Darwin-Brisbane,Darwin,Brisbane,All Airlines,Feb-15,103,103,0,94,88,9,15,2015,2
Darwin-Melbourne,Darwin,Melbourne,All Airlines,Feb-15,68,68,0,60,50,8,18,2015,2
Darwin-Perth,Darwin,Perth,All Airlines,Feb-15,62,62,0,57,57,5,5,2015,2
Darwin-Sydney,Darwin,Sydney,All Airlines,Feb-15,76,76,0,65,60,11,16,2015,2
Dubbo-Sydney,Dubbo,Sydney,All Airlines,Feb-15,248,248,0,231,216,17,32,2015,2
Emerald-Brisbane,Emerald,Brisbane,All Airlines,Feb-15,205,202,3,181,173,21,29,2015,2
Geraldton-Perth,Geraldton,Perth,All Airlines,Feb-15,136,136,0,125,123,11,13,2015,2
Gladstone-Brisbane,Gladstone,Brisbane,All Airlines,Feb-15,336,320,16,267,262,53,58,2015,2
Gold Coast-Adelaide,Gold Coast,Adelaide,All Airlines,Feb-15,56,55,1,49,51,6,4,2015,2
Gold Coast-Melbourne,Gold Coast,Melbourne,All Airlines,Feb-15,377,369,8,305,313,64,56,2015,2
Gold Coast-Sydney,Gold Coast,Sydney,All Airlines,Feb-15,649,630,19,557,576,73,54,2015,2
Hamilton Island-Brisbane,Hamilton Island,Brisbane,All Airlines,Feb-15,44,42,2,36,34,6,8,2015,2
Hamilton Island-Melbourne,Hamilton Island,Melbourne,All Airlines,Feb-15,29,28,1,23,25,5,3,2015,2
Hamilton Island-Sydney,Hamilton Island,Sydney,All Airlines,Feb-15,52,52,0,46,48,6,4,2015,2
Hobart-Brisbane,Hobart,Brisbane,All Airlines,Feb-15,52,52,0,32,32,20,20,2015,2
Hobart-Melbourne,Hobart,Melbourne,All Airlines,Feb-15,443,443,0,327,336,116,107,2015,2
Hobart-Sydney,Hobart,Sydney,All Airlines,Feb-15,142,142,0,122,123,20,19,2015,2
Kalgoorlie-Perth,Kalgoorlie,Perth,All Airlines,Feb-15,124,124,0,113,115,11,9,2015,2
Karratha-Perth,Karratha,Perth,All Airlines,Feb-15,278,272,6,261,258,11,14,2015,2
Launceston-Melbourne,Launceston,Melbourne,All Airlines,Feb-15,311,307,4,254,232,53,75,2015,2
Launceston-Sydney,Launceston,Sydney,All Airlines,Feb-15,83,83,0,69,65,14,18,2015,2
Mackay-Brisbane,Mackay,Brisbane,All Airlines,Feb-15,293,282,11,252,253,30,29,2015,2
Melbourne-Adelaide,Melbourne,Adelaide,All Airlines,Feb-15,672,671,1,595,591,76,80,2015,2
Melbourne-Brisbane,Melbourne,Brisbane,All Airlines,Feb-15,935,922,13,818,731,104,191,2015,2
Melbourne-Cairns,Melbourne,Cairns,All Airlines,Feb-15,148,148,0,120,120,28,28,2015,2
Melbourne-Canberra,Melbourne,Canberra,All Airlines,Feb-15,414,413,1,364,356,49,57,2015,2
Melbourne-Darwin,Melbourne,Darwin,All Airlines,Feb-15,68,68,0,57,60,11,8,2015,2
Melbourne-Gold Coast,Melbourne,Gold Coast,All Airlines,Feb-15,377,369,8,319,300,50,69,2015,2
Melbourne-Hamilton Island,Melbourne,Hamilton Island,All Airlines,Feb-15,29,28,1,26,24,2,4,2015,2
Melbourne-Hobart,Melbourne,Hobart,All Airlines,Feb-15,446,445,1,356,347,89,98,2015,2
Melbourne-Launceston,Melbourne,Launceston,All Airlines,Feb-15,311,308,3,266,255,42,53,2015,2
Melbourne-Mildura,Melbourne,Mildura,All Airlines,Feb-15,178,178,0,159,156,19,22,2015,2
Melbourne-Newcastle,Melbourne,Newcastle,All Airlines,Feb-15,109,108,1,91,85,17,23,2015,2
Melbourne-Perth,Melbourne,Perth,All Airlines,Feb-15,438,435,3,363,357,72,78,2015,2
Melbourne-Sunshine Coast,Melbourne,Sunshine Coast,All Airlines,Feb-15,80,79,1,66,67,13,12,2015,2
Melbourne-Sydney,Melbourne,Sydney,All Airlines,Feb-15,2193,2150,43,1889,1775,261,375,2015,2
Mildura-Melbourne,Mildura,Melbourne,All Airlines,Feb-15,177,177,0,158,151,19,26,2015,2
Moranbah-Brisbane,Moranbah,Brisbane,All Airlines,Feb-15,173,172,1,152,153,20,19,2015,2
Mount Isa-Brisbane,Mount Isa,Brisbane,All Airlines,Feb-15,69,69,0,68,68,1,1,2015,2
Newcastle-Brisbane,Newcastle,Brisbane,All Airlines,Feb-15,208,208,0,174,166,34,42,2015,2
Newcastle-Melbourne,Newcastle,Melbourne,All Airlines,Feb-15,108,107,1,90,89,17,18,2015,2
Newman-Perth,Newman,Perth,All Airlines,Feb-15,171,169,2,165,164,4,5,2015,2
Perth-Adelaide,Perth,Adelaide,All Airlines,Feb-15,196,194,2,180,181,14,13,2015,2
Perth-Brisbane,Perth,Brisbane,All Airlines,Feb-15,204,204,0,185,170,19,34,2015,2
Perth-Broome,Perth,Broome,All Airlines,Feb-15,109,109,0,102,102,7,7,2015,2
Perth-Darwin,Perth,Darwin,All Airlines,Feb-15,62,62,0,62,61,0,1,2015,2
Perth-Geraldton,Perth,Geraldton,All Airlines,Feb-15,132,132,0,124,117,8,15,2015,2
Perth-Kalgoorlie,Perth,Kalgoorlie,All Airlines,Feb-15,125,124,1,115,113,9,11,2015,2
Perth-Karratha,Perth,Karratha,All Airlines,Feb-15,278,273,5,266,255,7,18,2015,2
Perth-Melbourne,Perth,Melbourne,All Airlines,Feb-15,438,434,4,379,366,55,68,2015,2
Perth-Newman,Perth,Newman,All Airlines,Feb-15,171,168,3,164,163,4,5,2015,2
Perth-Port Hedland,Perth,Port Hedland,All Airlines,Feb-15,185,184,1,177,173,7,11,2015,2
Perth-Sydney,Perth,Sydney,All Airlines,Feb-15,336,335,1,312,292,23,43,2015,2
Port Hedland-Perth,Port Hedland,Perth,All Airlines,Feb-15,186,183,3,174,170,9,13,2015,2
Port Lincoln-Adelaide,Port Lincoln,Adelaide,All Airlines,Feb-15,253,253,0,239,240,14,13,2015,2
Port Macquarie-Sydney,Port Macquarie,Sydney,All Airlines,Feb-15,177,177,0,144,136,33,41,2015,2
Proserpine-Brisbane,Proserpine,Brisbane,All Airlines,Feb-15,72,72,0,64,66,8,6,2015,2
Rockhampton-Brisbane,Rockhampton,Brisbane,All Airlines,Feb-15,358,320,38,272,266,48,54,2015,2
Sunshine Coast-Melbourne,Sunshine Coast,Melbourne,All Airlines,Feb-15,80,78,2,59,66,19,12,2015,2
Sunshine Coast-Sydney,Sunshine Coast,Sydney,All Airlines,Feb-15,105,102,3,87,91,15,11,2015,2
Sydney-Adelaide,Sydney,Adelaide,All Airlines,Feb-15,514,512,2,440,460,72,52,2015,2
Sydney-Albury,Sydney,Albury,All Airlines,Feb-15,228,228,0,208,214,20,14,2015,2
Sydney-Armidale,Sydney,Armidale,All Airlines,Feb-15,191,191,0,171,166,20,25,2015,2
Sydney-Ayers Rock,Sydney,Ayers Rock,All Airlines,Feb-15,49,49,0,47,47,2,2,2015,2
Sydney-Ballina,Sydney,Ballina,All Airlines,Feb-15,104,103,1,97,94,6,9,2015,2
Sydney-Brisbane,Sydney,Brisbane,All Airlines,Feb-15,1255,1237,18,1115,1055,122,182,2015,2
Sydney-Cairns,Sydney,Cairns,All Airlines,Feb-15,250,250,0,225,222,25,28,2015,2
Sydney-Canberra,Sydney,Canberra,All Airlines,Feb-15,743,735,8,673,675,62,60,2015,2
Sydney-Coffs Harbour,Sydney,Coffs Harbour,All Airlines,Feb-15,202,201,1,187,184,14,17,2015,2
Sydney-Darwin,Sydney,Darwin,All Airlines,Feb-15,76,76,0,62,69,14,7,2015,2
Sydney-Dubbo,Sydney,Dubbo,All Airlines,Feb-15,251,251,0,231,236,20,15,2015,2
Sydney-Gold Coast,Sydney,Gold Coast,All Airlines,Feb-15,650,632,18,570,559,62,73,2015,2
Sydney-Hamilton Island,Sydney,Hamilton Island,All Airlines,Feb-15,52,52,0,48,48,4,4,2015,2
Sydney-Hobart,Sydney,Hobart,All Airlines,Feb-15,141,141,0,133,133,8,8,2015,2
Sydney-Launceston,Sydney,Launceston,All Airlines,Feb-15,84,84,0,74,77,10,7,2015,2
Sydney-Melbourne,Sydney,Melbourne,All Airlines,Feb-15,2187,2147,40,1861,1863,286,284,2015,2
Sydney-Perth,Sydney,Perth,All Airlines,Feb-15,342,340,2,307,317,33,23,2015,2
Sydney-Port Macquarie,Sydney,Port Macquarie,All Airlines,Feb-15,178,178,0,153,140,25,38,2015,2
Sydney-Sunshine Coast,Sydney,Sunshine Coast,All Airlines,Feb-15,106,103,3,95,94,8,9,2015,2
Sydney-Townsville,Sydney,Townsville,All Airlines,Feb-15,40,40,0,37,34,3,6,2015,2
Sydney-Wagga Wagga,Sydney,Wagga Wagga,All Airlines,Feb-15,204,204,0,185,181,19,23,2015,2
Townsville-Brisbane,Townsville,Brisbane,All Airlines,Feb-15,312,311,1,292,290,19,21,2015,2
Townsville-Sydney,Townsville,Sydney,All Airlines,Feb-15,40,40,0,32,34,8,6,2015,2
Wagga Wagga-Sydney,Wagga Wagga,Sydney,All Airlines,Feb-15,205,205,0,186,175,19,30,2015,2
Adelaide-Brisbane,Adelaide,Brisbane,All Airlines,Mar-15,279,279,0,261,266,18,13,2015,3
Adelaide-Canberra,Adelaide,Canberra,All Airlines,Mar-15,87,87,0,83,83,4,4,2015,3
Adelaide-Gold Coast,Adelaide,Gold Coast,All Airlines,Mar-15,64,64,0,59,62,5,2,2015,3
Adelaide-Melbourne,Adelaide,Melbourne,All Airlines,Mar-15,757,757,0,683,702,74,55,2015,3
Adelaide-Perth,Adelaide,Perth,All Airlines,Mar-15,221,221,0,203,202,18,19,2015,3
Adelaide-Port Lincoln,Adelaide,Port Lincoln,All Airlines,Mar-15,317,315,2,284,279,31,36,2015,3
Adelaide-Sydney,Adelaide,Sydney,All Airlines,Mar-15,590,588,2,527,528,61,60,2015,3
Albury-Sydney,Albury,Sydney,All Airlines,Mar-15,266,266,0,245,227,21,39,2015,3
Armidale-Sydney,Armidale,Sydney,All Airlines,Mar-15,216,214,2,176,163,38,51,2015,3
Ayers Rock-Sydney,Ayers Rock,Sydney,All Airlines,Mar-15,59,57,2,50,46,7,11,2015,3
Ballina-Sydney,Ballina,Sydney,All Airlines,Mar-15,121,120,1,97,89,23,31,2015,3
Brisbane-Adelaide,Brisbane,Adelaide,All Airlines,Mar-15,281,281,0,268,259,13,22,2015,3
Brisbane-Bundaberg,Brisbane,Bundaberg,All Airlines,Mar-15,166,166,0,144,143,22,23,2015,3
Brisbane-Cairns,Brisbane,Cairns,All Airlines,Mar-15,385,384,1,355,366,29,18,2015,3
Brisbane-Canberra,Brisbane,Canberra,All Airlines,Mar-15,261,256,5,237,236,19,20,2015,3
Brisbane-Darwin,Brisbane,Darwin,All Airlines,Mar-15,117,117,0,108,112,9,5,2015,3
Brisbane-Emerald,Brisbane,Emerald,All Airlines,Mar-15,231,230,1,215,207,15,23,2015,3
Brisbane-Gladstone,Brisbane,Gladstone,All Airlines,Mar-15,375,369,6,338,328,31,41,2015,3
Brisbane-Hamilton Island,Brisbane,Hamilton Island,All Airlines,Mar-15,49,49,0,46,46,3,3,2015,3
Brisbane-Hobart,Brisbane,Hobart,All Airlines,Mar-15,58,58,0,53,52,5,6,2015,3
Brisbane-Mackay,Brisbane,Mackay,All Airlines,Mar-15,330,330,0,298,310,32,20,2015,3
Brisbane-Melbourne,Brisbane,Melbourne,All Airlines,Mar-15,1077,1069,8,978,922,91,147,2015,3
Brisbane-Moranbah,Brisbane,Moranbah,All Airlines,Mar-15,206,201,5,182,192,19,9,2015,3
Brisbane-Mount Isa,Brisbane,Mount Isa,All Airlines,Mar-15,77,77,0,73,74,4,3,2015,3
Brisbane-Newcastle,Brisbane,Newcastle,All Airlines,Mar-15,235,235,0,212,202,23,33,2015,3
Brisbane-Perth,Brisbane,Perth,All Airlines,Mar-15,231,231,0,194,199,37,32,2015,3
Brisbane-Proserpine,Brisbane,Proserpine,All Airlines,Mar-15,80,80,0,76,75,4,5,2015,3
Brisbane-Rockhampton,Brisbane,Rockhampton,All Airlines,Mar-15,433,429,4,378,383,51,46,2015,3
Brisbane-Sydney,Brisbane,Sydney,All Airlines,Mar-15,1403,1384,19,1265,1213,119,171,2015,3
Brisbane-Townsville,Brisbane,Townsville,All Airlines,Mar-15,349,349,0,323,322,26,27,2015,3
Broome-Perth,Broome,Perth,All Airlines,Mar-15,131,130,1,106,111,24,19,2015,3
Bundaberg-Brisbane,Bundaberg,Brisbane,All Airlines,Mar-15,166,166,0,146,142,20,24,2015,3
Cairns-Brisbane,Cairns,Brisbane,All Airlines,Mar-15,385,383,2,363,351,20,32,2015,3
Cairns-Melbourne,Cairns,Melbourne,All Airlines,Mar-15,154,154,0,131,128,23,26,2015,3
Cairns-Sydney,Cairns,Sydney,All Airlines,Mar-15,273,273,0,247,240,26,33,2015,3
Canberra-Adelaide,Canberra,Adelaide,All Airlines,Mar-15,87,87,0,77,76,10,11,2015,3
Canberra-Brisbane,Canberra,Brisbane,All Airlines,Mar-15,261,253,8,231,230,22,23,2015,3
Canberra-Melbourne,Canberra,Melbourne,All Airlines,Mar-15,460,453,7,415,406,38,47,2015,3
Canberra-Sydney,Canberra,Sydney,All Airlines,Mar-15,837,803,34,727,722,76,81,2015,3
Coffs Harbour-Sydney,Coffs Harbour,Sydney,All Airlines,Mar-15,229,227,2,194,189,33,38,2015,3
Darwin-Brisbane,Darwin,Brisbane,All Airlines,Mar-15,118,118,0,110,103,8,15,2015,3
Darwin-Melbourne,Darwin,Melbourne,All Airlines,Mar-15,81,81,0,69,65,12,16,2015,3
Darwin-Perth,Darwin,Perth,All Airlines,Mar-15,67,67,0,65,66,2,1,2015,3
Darwin-Sydney,Darwin,Sydney,All Airlines,Mar-15,86,86,0,71,68,15,18,2015,3
Dubbo-Sydney,Dubbo,Sydney,All Airlines,Mar-15,288,285,3,248,235,37,50,2015,3
Emerald-Brisbane,Emerald,Brisbane,All Airlines,Mar-15,231,230,1,208,202,22,28,2015,3
Geraldton-Perth,Geraldton,Perth,All Airlines,Mar-15,149,147,2,134,136,13,11,2015,3
Gladstone-Brisbane,Gladstone,Brisbane,All Airlines,Mar-15,390,380,10,331,329,49,51,2015,3
Gold Coast-Adelaide,Gold Coast,Adelaide,All Airlines,Mar-15,63,63,0,60,57,3,6,2015,3
Gold Coast-Melbourne,Gold Coast,Melbourne,All Airlines,Mar-15,436,434,2,381,383,53,51,2015,3
Gold Coast-Sydney,Gold Coast,Sydney,All Airlines,Mar-15,755,743,12,646,646,97,97,2015,3
Hamilton Island-Brisbane,Hamilton Island,Brisbane,All Airlines,Mar-15,49,49,0,43,45,6,4,2015,3
Hamilton Island-Melbourne,Hamilton Island,Melbourne,All Airlines,Mar-15,34,34,0,28,29,6,5,2015,3
Hamilton Island-Sydney,Hamilton Island,Sydney,All Airlines,Mar-15,58,57,1,53,51,4,6,2015,3
Hobart-Brisbane,Hobart,Brisbane,All Airlines,Mar-15,58,58,0,38,43,20,15,2015,3
Hobart-Melbourne,Hobart,Melbourne,All Airlines,Mar-15,491,488,3,383,384,105,104,2015,3
Hobart-Sydney,Hobart,Sydney,All Airlines,Mar-15,162,161,1,131,130,30,31,2015,3
Kalgoorlie-Perth,Kalgoorlie,Perth,All Airlines,Mar-15,143,141,2,131,132,10,9,2015,3
Karratha-Perth,Karratha,Perth,All Airlines,Mar-15,304,292,12,274,269,18,23,2015,3
Launceston-Melbourne,Launceston,Melbourne,All Airlines,Mar-15,351,350,1,299,292,51,58,2015,3
Launceston-Sydney,Launceston,Sydney,All Airlines,Mar-15,91,91,0,75,74,16,17,2015,3
Mackay-Brisbane,Mackay,Brisbane,All Airlines,Mar-15,329,328,1,307,308,21,20,2015,3
Melbourne-Adelaide,Melbourne,Adelaide,All Airlines,Mar-15,760,759,1,692,672,67,87,2015,3
Melbourne-Brisbane,Melbourne,Brisbane,All Airlines,Mar-15,1073,1063,10,950,939,113,124,2015,3
Melbourne-Cairns,Melbourne,Cairns,All Airlines,Mar-15,154,154,0,132,137,22,17,2015,3
Melbourne-Canberra,Melbourne,Canberra,All Airlines,Mar-15,461,452,9,400,396,52,56,2015,3
Melbourne-Darwin,Melbourne,Darwin,All Airlines,Mar-15,81,81,0,72,75,9,6,2015,3
Melbourne-Gold Coast,Melbourne,Gold Coast,All Airlines,Mar-15,437,437,0,376,381,61,56,2015,3
Melbourne-Hamilton Island,Melbourne,Hamilton Island,All Airlines,Mar-15,34,34,0,32,30,2,4,2015,3
Melbourne-Hobart,Melbourne,Hobart,All Airlines,Mar-15,491,488,3,384,375,104,113,2015,3
Melbourne-Launceston,Melbourne,Launceston,All Airlines,Mar-15,351,350,1,309,290,41,60,2015,3
Melbourne-Mildura,Melbourne,Mildura,All Airlines,Mar-15,205,205,0,185,181,20,24,2015,3
Melbourne-Newcastle,Melbourne,Newcastle,All Airlines,Mar-15,125,125,0,110,110,15,15,2015,3
Melbourne-Perth,Melbourne,Perth,All Airlines,Mar-15,496,493,3,419,376,74,117,2015,3
Melbourne-Sunshine Coast,Melbourne,Sunshine Coast,All Airlines,Mar-15,92,91,1,79,85,12,6,2015,3
Melbourne-Sydney,Melbourne,Sydney,All Airlines,Mar-15,2458,2417,41,2097,2015,320,402,2015,3
Mildura-Melbourne,Mildura,Melbourne,All Airlines,Mar-15,205,205,0,189,186,16,19,2015,3
Moranbah-Brisbane,Moranbah,Brisbane,All Airlines,Mar-15,201,196,5,180,177,16,19,2015,3
Mount Isa-Brisbane,Mount Isa,Brisbane,All Airlines,Mar-15,77,76,1,73,73,3,3,2015,3
Newcastle-Brisbane,Newcastle,Brisbane,All Airlines,Mar-15,234,234,0,200,204,34,30,2015,3
Newcastle-Melbourne,Newcastle,Melbourne,All Airlines,Mar-15,125,125,0,115,111,10,14,2015,3
Newman-Perth,Newman,Perth,All Airlines,Mar-15,191,191,0,185,184,6,7,2015,3
Perth-Adelaide,Perth,Adelaide,All Airlines,Mar-15,223,223,0,207,211,16,12,2015,3
Perth-Brisbane,Perth,Brisbane,All Airlines,Mar-15,232,232,0,216,218,16,14,2015,3
Perth-Broome,Perth,Broome,All Airlines,Mar-15,124,123,1,112,104,11,19,2015,3
Perth-Darwin,Perth,Darwin,All Airlines,Mar-15,67,67,0,62,62,5,5,2015,3
Perth-Geraldton,Perth,Geraldton,All Airlines,Mar-15,145,143,2,129,127,14,16,2015,3
Perth-Kalgoorlie,Perth,Kalgoorlie,All Airlines,Mar-15,141,140,1,132,130,8,10,2015,3
Perth-Karratha,Perth,Karratha,All Airlines,Mar-15,305,294,11,279,270,15,24,2015,3
Perth-Melbourne,Perth,Melbourne,All Airlines,Mar-15,495,492,3,417,440,75,52,2015,3
Perth-Newman,Perth,Newman,All Airlines,Mar-15,191,191,0,181,179,10,12,2015,3
Perth-Port Hedland,Perth,Port Hedland,All Airlines,Mar-15,207,205,2,196,190,9,15,2015,3
Perth-Sydney,Perth,Sydney,All Airlines,Mar-15,381,380,1,335,348,45,32,2015,3
Port Hedland-Perth,Port Hedland,Perth,All Airlines,Mar-15,207,205,2,197,198,8,7,2015,3
Port Lincoln-Adelaide,Port Lincoln,Adelaide,All Airlines,Mar-15,314,311,3,283,275,28,36,2015,3
Port Macquarie-Sydney,Port Macquarie,Sydney,All Airlines,Mar-15,199,197,2,159,134,38,63,2015,3
Proserpine-Brisbane,Proserpine,Brisbane,All Airlines,Mar-15,80,80,0,78,77,2,3,2015,3
Rockhampton-Brisbane,Rockhampton,Brisbane,All Airlines,Mar-15,413,408,5,357,344,51,64,2015,3
Sunshine Coast-Melbourne,Sunshine Coast,Melbourne,All Airlines,Mar-15,92,91,1,80,80,11,11,2015,3
Sunshine Coast-Sydney,Sunshine Coast,Sydney,All Airlines,Mar-15,119,117,2,102,104,15,13,2015,3
Sydney-Adelaide,Sydney,Adelaide,All Airlines,Mar-15,589,587,2,512,504,75,83,2015,3
Sydney-Albury,Sydney,Albury,All Airlines,Mar-15,266,266,0,234,240,32,26,2015,3
Sydney-Armidale,Sydney,Armidale,All Airlines,Mar-15,218,216,2,177,173,39,43,2015,3
Sydney-Ayers Rock,Sydney,Ayers Rock,All Airlines,Mar-15,59,58,1,54,56,4,2,2015,3
Sydney-Ballina,Sydney,Ballina,All Airlines,Mar-15,123,122,1,110,109,12,13,2015,3
Sydney-Brisbane,Sydney,Brisbane,All Airlines,Mar-15,1412,1390,22,1201,1178,189,212,2015,3
Sydney-Cairns,Sydney,Cairns,All Airlines,Mar-15,274,274,0,250,245,24,29,2015,3
Sydney-Canberra,Sydney,Canberra,All Airlines,Mar-15,837,807,30,719,719,88,88,2015,3
Sydney-Coffs Harbour,Sydney,Coffs Harbour,All Airlines,Mar-15,231,228,3,188,194,40,34,2015,3
Sydney-Darwin,Sydney,Darwin,All Airlines,Mar-15,86,86,0,72,75,14,11,2015,3
Sydney-Dubbo,Sydney,Dubbo,All Airlines,Mar-15,289,286,3,247,242,39,44,2015,3
Sydney-Gold Coast,Sydney,Gold Coast,All Airlines,Mar-15,753,746,7,664,661,82,85,2015,3
Sydney-Hamilton Island,Sydney,Hamilton Island,All Airlines,Mar-15,59,58,1,57,54,1,4,2015,3
Sydney-Hobart,Sydney,Hobart,All Airlines,Mar-15,163,162,1,145,140,17,22,2015,3
Sydney-Launceston,Sydney,Launceston,All Airlines,Mar-15,91,91,0,83,82,8,9,2015,3
Sydney-Melbourne,Sydney,Melbourne,All Airlines,Mar-15,2452,2409,43,2104,2083,305,326,2015,3
Sydney-Perth,Sydney,Perth,All Airlines,Mar-15,391,390,1,335,328,55,62,2015,3
Sydney-Port Macquarie,Sydney,Port Macquarie,All Airlines,Mar-15,199,196,3,163,147,33,49,2015,3
Sydney-Sunshine Coast,Sydney,Sunshine Coast,All Airlines,Mar-15,120,118,2,106,107,12,11,2015,3
Sydney-Townsville,Sydney,Townsville,All Airlines,Mar-15,47,47,0,40,41,7,6,2015,3
Sydney-Wagga Wagga,Sydney,Wagga Wagga,All Airlines,Mar-15,258,258,0,230,228,28,30,2015,3
Townsville-Brisbane,Townsville,Brisbane,All Airlines,Mar-15,348,348,0,328,335,20,13,2015,3
Townsville-Sydney,Townsville,Sydney,All Airlines,Mar-15,47,47,0,41,39,6,8,2015,3
Wagga Wagga-Sydney,Wagga Wagga,Sydney,All Airlines,Mar-15,256,256,0,226,211,30,45,2015,3
Adelaide-Brisbane,Adelaide,Brisbane,All Airlines,Apr-15,269,269,0,249,235,20,34,2015,4
Adelaide-Canberra,Adelaide,Canberra,All Airlines,Apr-15,70,69,1,63,63,6,6,2015,4
Adelaide-Gold Coast,Adelaide,Gold Coast,All Airlines,Apr-15,71,71,0,62,60,9,11,2015,4
Adelaide-Melbourne,Adelaide,Melbourne,All Airlines,Apr-15,766,762,4,670,672,92,90,2015,4
Adelaide-Perth,Adelaide,Perth,All Airlines,Apr-15,221,221,0,205,210,16,11,2015,4
Adelaide-Port Lincoln,Adelaide,Port Lincoln,All Airlines,Apr-15,310,308,2,270,264,38,44,2015,4
Adelaide-Sydney,Adelaide,Sydney,All Airlines,Apr-15,592,586,6,501,445,85,141,2015,4
Albury-Sydney,Albury,Sydney,All Airlines,Apr-15,238,234,4,185,172,49,62,2015,4
Armidale-Sydney,Armidale,Sydney,All Airlines,Apr-15,206,200,6,140,132,60,68,2015,4
Ayers Rock-Sydney,Ayers Rock,Sydney,All Airlines,Apr-15,60,60,0,47,49,13,11,2015,4
Ballina-Sydney,Ballina,Sydney,All Airlines,Apr-15,132,131,1,88,92,43,39,2015,4
Brisbane-Adelaide,Brisbane,Adelaide,All Airlines,Apr-15,269,269,0,238,253,31,16,2015,4
Brisbane-Bundaberg,Brisbane,Bundaberg,All Airlines,Apr-15,163,163,0,138,132,25,31,2015,4
Brisbane-Cairns,Brisbane,Cairns,All Airlines,Apr-15,385,385,0,320,338,65,47,2015,4
Brisbane-Canberra,Brisbane,Canberra,All Airlines,Apr-15,244,244,0,215,219,29,25,2015,4
Brisbane-Darwin,Brisbane,Darwin,All Airlines,Apr-15,128,128,0,114,111,14,17,2015,4
Brisbane-Emerald,Brisbane,Emerald,All Airlines,Apr-15,221,218,3,192,171,26,47,2015,4
Brisbane-Gladstone,Brisbane,Gladstone,All Airlines,Apr-15,357,350,7,317,310,33,40,2015,4
Brisbane-Hamilton Island,Brisbane,Hamilton Island,All Airlines,Apr-15,46,46,0,43,41,3,5,2015,4
Brisbane-Hobart,Brisbane,Hobart,All Airlines,Apr-15,56,56,0,52,53,4,3,2015,4
Brisbane-Mackay,Brisbane,Mackay,All Airlines,Apr-15,321,319,2,288,285,31,34,2015,4
Brisbane-Melbourne,Brisbane,Melbourne,All Airlines,Apr-15,1067,1053,14,903,938,150,115,2015,4
Brisbane-Moranbah,Brisbane,Moranbah,All Airlines,Apr-15,196,186,10,165,155,21,31,2015,4
Brisbane-Mount Isa,Brisbane,Mount Isa,All Airlines,Apr-15,65,65,0,61,59,4,6,2015,4
Brisbane-Newcastle,Brisbane,Newcastle,All Airlines,Apr-15,241,234,7,204,202,30,32,2015,4
Brisbane-Perth,Brisbane,Perth,All Airlines,Apr-15,230,229,1,178,184,51,45,2015,4
Brisbane-Proserpine,Brisbane,Proserpine,All Airlines,Apr-15,80,80,0,74,74,6,6,2015,4
Brisbane-Rockhampton,Brisbane,Rockhampton,All Airlines,Apr-15,387,379,8,333,322,46,57,2015,4
Brisbane-Sydney,Brisbane,Sydney,All Airlines,Apr-15,1411,1375,36,1175,1156,200,219,2015,4
Brisbane-Townsville,Brisbane,Townsville,All Airlines,Apr-15,361,360,1,320,318,40,42,2015,4
Broome-Perth,Broome,Perth,All Airlines,Apr-15,126,126,0,101,104,25,22,2015,4
Bundaberg-Brisbane,Bundaberg,Brisbane,All Airlines,Apr-15,165,163,2,130,130,33,33,2015,4
Cairns-Brisbane,Cairns,Brisbane,All Airlines,Apr-15,385,385,0,336,337,49,48,2015,4
Cairns-Melbourne,Cairns,Melbourne,All Airlines,Apr-15,197,195,2,160,175,35,20,2015,4
Cairns-Sydney,Cairns,Sydney,All Airlines,Apr-15,295,292,3,236,238,56,54,2015,4
Canberra-Adelaide,Canberra,Adelaide,All Airlines,Apr-15,70,69,1,59,63,10,6,2015,4
Canberra-Brisbane,Canberra,Brisbane,All Airlines,Apr-15,244,244,0,215,197,29,47,2015,4
Canberra-Melbourne,Canberra,Melbourne,All Airlines,Apr-15,440,438,2,405,396,33,42,2015,4
Canberra-Sydney,Canberra,Sydney,All Airlines,Apr-15,752,706,46,589,570,117,136,2015,4
Coffs Harbour-Sydney,Coffs Harbour,Sydney,All Airlines,Apr-15,222,218,4,161,162,57,56,2015,4
Darwin-Brisbane,Darwin,Brisbane,All Airlines,Apr-15,127,127,0,105,98,22,29,2015,4
Darwin-Melbourne,Darwin,Melbourne,All Airlines,Apr-15,87,85,2,71,65,14,20,2015,4
Darwin-Perth,Darwin,Perth,All Airlines,Apr-15,66,66,0,58,57,8,9,2015,4
Darwin-Sydney,Darwin,Sydney,All Airlines,Apr-15,102,102,0,83,66,19,36,2015,4
Dubbo-Sydney,Dubbo,Sydney,All Airlines,Apr-15,264,260,4,195,184,65,76,2015,4
Emerald-Brisbane,Emerald,Brisbane,All Airlines,Apr-15,221,215,6,174,180,41,35,2015,4
Geraldton-Perth,Geraldton,Perth,All Airlines,Apr-15,145,145,0,132,133,13,12,2015,4
Gladstone-Brisbane,Gladstone,Brisbane,All Airlines,Apr-15,351,342,9,291,295,51,47,2015,4
Gold Coast-Adelaide,Gold Coast,Adelaide,All Airlines,Apr-15,71,71,0,60,60,11,11,2015,4
Gold Coast-Melbourne,Gold Coast,Melbourne,All Airlines,Apr-15,481,472,9,360,415,112,57,2015,4
Gold Coast-Sydney,Gold Coast,Sydney,All Airlines,Apr-15,767,751,16,582,604,169,147,2015,4
Hamilton Island-Brisbane,Hamilton Island,Brisbane,All Airlines,Apr-15,46,46,0,36,43,10,3,2015,4
Hamilton Island-Melbourne,Hamilton Island,Melbourne,All Airlines,Apr-15,32,32,0,30,31,2,1,2015,4
Hamilton Island-Sydney,Hamilton Island,Sydney,All Airlines,Apr-15,64,64,0,43,50,21,14,2015,4
Hobart-Brisbane,Hobart,Brisbane,All Airlines,Apr-15,56,56,0,43,39,13,17,2015,4
Hobart-Melbourne,Hobart,Melbourne,All Airlines,Apr-15,456,454,2,354,338,100,116,2015,4
Hobart-Sydney,Hobart,Sydney,All Airlines,Apr-15,168,168,0,122,114,46,54,2015,4
Kalgoorlie-Perth,Kalgoorlie,Perth,All Airlines,Apr-15,138,138,0,126,126,12,12,2015,4
Karratha-Perth,Karratha,Perth,All Airlines,Apr-15,299,295,4,277,268,18,27,2015,4
Launceston-Melbourne,Launceston,Melbourne,All Airlines,Apr-15,346,340,6,263,250,77,90,2015,4
Launceston-Sydney,Launceston,Sydney,All Airlines,Apr-15,74,74,0,55,51,19,23,2015,4
Mackay-Brisbane,Mackay,Brisbane,All Airlines,Apr-15,320,319,1,280,288,39,31,2015,4
Melbourne-Adelaide,Melbourne,Adelaide,All Airlines,Apr-15,765,760,5,682,671,78,89,2015,4
Melbourne-Brisbane,Melbourne,Brisbane,All Airlines,Apr-15,1070,1054,16,911,811,143,243,2015,4
Melbourne-Cairns,Melbourne,Cairns,All Airlines,Apr-15,198,198,0,174,167,24,31,2015,4
Melbourne-Canberra,Melbourne,Canberra,All Airlines,Apr-15,441,438,3,396,381,42,57,2015,4
Melbourne-Darwin,Melbourne,Darwin,All Airlines,Apr-15,86,86,0,75,79,11,7,2015,4
Melbourne-Gold Coast,Melbourne,Gold Coast,All Airlines,Apr-15,481,472,9,405,375,67,97,2015,4
Melbourne-Hamilton Island,Melbourne,Hamilton Island,All Airlines,Apr-15,33,33,0,29,32,4,1,2015,4
Melbourne-Hobart,Melbourne,Hobart,All Airlines,Apr-15,456,455,1,355,356,100,99,2015,4
Melbourne-Launceston,Melbourne,Launceston,All Airlines,Apr-15,347,342,5,278,264,64,78,2015,4
Melbourne-Mildura,Melbourne,Mildura,All Airlines,Apr-15,194,194,0,173,170,21,24,2015,4
Melbourne-Newcastle,Melbourne,Newcastle,All Airlines,Apr-15,137,132,5,114,110,18,22,2015,4
Melbourne-Perth,Melbourne,Perth,All Airlines,Apr-15,484,481,3,400,414,81,67,2015,4
Melbourne-Sunshine Coast,Melbourne,Sunshine Coast,All Airlines,Apr-15,112,112,0,96,90,16,22,2015,4
Melbourne-Sydney,Melbourne,Sydney,All Airlines,Apr-15,2348,2234,114,1875,1675,359,559,2015,4
Mildura-Melbourne,Mildura,Melbourne,All Airlines,Apr-15,194,194,0,162,158,32,36,2015,4
Moranbah-Brisbane,Moranbah,Brisbane,All Airlines,Apr-15,192,182,10,161,167,21,15,2015,4
Mount Isa-Brisbane,Mount Isa,Brisbane,All Airlines,Apr-15,65,64,1,57,59,7,5,2015,4
Newcastle-Brisbane,Newcastle,Brisbane,All Airlines,Apr-15,243,234,9,182,178,52,56,2015,4
Newcastle-Melbourne,Newcastle,Melbourne,All Airlines,Apr-15,138,133,5,105,110,28,23,2015,4
Newman-Perth,Newman,Perth,All Airlines,Apr-15,189,187,2,174,175,13,12,2015,4
Perth-Adelaide,Perth,Adelaide,All Airlines,Apr-15,226,226,0,211,214,15,12,2015,4
Perth-Brisbane,Perth,Brisbane,All Airlines,Apr-15,230,230,0,210,196,20,34,2015,4
Perth-Broome,Perth,Broome,All Airlines,Apr-15,122,122,0,110,108,12,14,2015,4
Perth-Darwin,Perth,Darwin,All Airlines,Apr-15,67,67,0,63,60,4,7,2015,4
Perth-Geraldton,Perth,Geraldton,All Airlines,Apr-15,141,141,0,124,127,17,14,2015,4
Perth-Kalgoorlie,Perth,Kalgoorlie,All Airlines,Apr-15,138,138,0,125,121,13,17,2015,4
Perth-Karratha,Perth,Karratha,All Airlines,Apr-15,299,295,4,278,276,17,19,2015,4
Perth-Melbourne,Perth,Melbourne,All Airlines,Apr-15,484,481,3,420,397,61,84,2015,4
Perth-Newman,Perth,Newman,All Airlines,Apr-15,189,187,2,177,176,10,11,2015,4
Perth-Port Hedland,Perth,Port Hedland,All Airlines,Apr-15,202,199,3,189,189,10,10,2015,4
Perth-Sydney,Perth,Sydney,All Airlines,Apr-15,369,368,1,317,296,51,72,2015,4
Port Hedland-Perth,Port Hedland,Perth,All Airlines,Apr-15,202,198,4,190,187,8,11,2015,4
Port Lincoln-Adelaide,Port Lincoln,Adelaide,All Airlines,Apr-15,310,309,1,267,259,42,50,2015,4
Port Macquarie-Sydney,Port Macquarie,Sydney,All Airlines,Apr-15,193,187,6,116,105,71,82,2015,4
Proserpine-Brisbane,Proserpine,Brisbane,All Airlines,Apr-15,80,80,0,74,72,6,8,2015,4
Rockhampton-Brisbane,Rockhampton,Brisbane,All Airlines,Apr-15,389,381,8,327,324,54,57,2015,4
Sunshine Coast-Melbourne,Sunshine Coast,Melbourne,All Airlines,Apr-15,113,113,0,81,93,32,20,2015,4
Sunshine Coast-Sydney,Sunshine Coast,Sydney,All Airlines,Apr-15,142,142,0,90,99,52,43,2015,4
Sydney-Adelaide,Sydney,Adelaide,All Airlines,Apr-15,585,581,4,467,478,114,103,2015,4
Sydney-Albury,Sydney,Albury,All Airlines,Apr-15,242,240,2,188,189,52,51,2015,4
Sydney-Armidale,Sydney,Armidale,All Airlines,Apr-15,205,202,3,150,142,52,60,2015,4
Sydney-Ayers Rock,Sydney,Ayers Rock,All Airlines,Apr-15,59,59,0,47,50,12,9,2015,4
Sydney-Ballina,Sydney,Ballina,All Airlines,Apr-15,134,133,1,104,99,29,34,2015,4
Sydney-Brisbane,Sydney,Brisbane,All Airlines,Apr-15,1410,1376,34,1138,1044,238,332,2015,4
Sydney-Cairns,Sydney,Cairns,All Airlines,Apr-15,296,295,1,243,239,52,56,2015,4
Sydney-Canberra,Sydney,Canberra,All Airlines,Apr-15,754,709,45,564,570,145,139,2015,4
Sydney-Coffs Harbour,Sydney,Coffs Harbour,All Airlines,Apr-15,222,219,3,172,171,47,48,2015,4
Sydney-Darwin,Sydney,Darwin,All Airlines,Apr-15,103,103,0,77,86,26,17,2015,4
Sydney-Dubbo,Sydney,Dubbo,All Airlines,Apr-15,263,260,3,187,193,73,67,2015,4
Sydney-Gold Coast,Sydney,Gold Coast,All Airlines,Apr-15,769,754,15,618,604,136,150,2015,4
Sydney-Hamilton Island,Sydney,Hamilton Island,All Airlines,Apr-15,64,64,0,53,48,11,16,2015,4
Sydney-Hobart,Sydney,Hobart,All Airlines,Apr-15,167,167,0,139,137,28,30,2015,4
Sydney-Launceston,Sydney,Launceston,All Airlines,Apr-15,74,74,0,56,64,18,10,2015,4
Sydney-Melbourne,Sydney,Melbourne,All Airlines,Apr-15,2347,2235,112,1745,1806,490,429,2015,4
Sydney-Perth,Sydney,Perth,All Airlines,Apr-15,373,373,0,284,311,89,62,2015,4
Sydney-Port Macquarie,Sydney,Port Macquarie,All Airlines,Apr-15,193,190,3,144,116,46,74,2015,4
Sydney-Sunshine Coast,Sydney,Sunshine Coast,All Airlines,Apr-15,141,141,0,107,103,34,38,2015,4
Sydney-Townsville,Sydney,Townsville,All Airlines,Apr-15,57,57,0,42,43,15,14,2015,4
Sydney-Wagga Wagga,Sydney,Wagga Wagga,All Airlines,Apr-15,228,226,2,184,181,42,45,2015,4
Townsville-Brisbane,Townsville,Brisbane,All Airlines,Apr-15,360,359,1,310,318,49,41,2015,4
Townsville-Sydney,Townsville,Sydney,All Airlines,Apr-15,57,57,0,33,35,24,22,2015,4
Wagga Wagga-Sydney,Wagga Wagga,Sydney,All Airlines,Apr-15,234,231,3,174,168,57,63,2015,4
Adelaide-Brisbane,Adelaide,Brisbane,All Airlines,May-15,267,265,2,245,238,20,27,2015,5
Adelaide-Canberra,Adelaide,Canberra,All Airlines,May-15,72,72,0,70,69,2,3,2015,5
Adelaide-Gold Coast,Adelaide,Gold Coast,All Airlines,May-15,61,60,1,58,58,2,2,2015,5
Adelaide-Melbourne,Adelaide,Melbourne,All Airlines,May-15,755,746,9,647,674,99,72,2015,5
Adelaide-Perth,Adelaide,Perth,All Airlines,May-15,220,218,2,201,191,17,27,2015,5
Adelaide-Port Lincoln,Adelaide,Port Lincoln,All Airlines,May-15,333,332,1,304,291,28,41,2015,5
Adelaide-Sydney,Adelaide,Sydney,All Airlines,May-15,582,576,6,518,506,58,70,2015,5
Albury-Sydney,Albury,Sydney,All Airlines,May-15,264,264,0,228,220,36,44,2015,5
Armidale-Sydney,Armidale,Sydney,All Airlines,May-15,212,205,7,158,152,47,53,2015,5
Ayers Rock-Sydney,Ayers Rock,Sydney,All Airlines,May-15,62,62,0,47,54,15,8,2015,5
Ballina-Sydney,Ballina,Sydney,All Airlines,May-15,118,118,0,98,99,20,19,2015,5
Brisbane-Adelaide,Brisbane,Adelaide,All Airlines,May-15,267,265,2,249,240,16,25,2015,5
Brisbane-Bundaberg,Brisbane,Bundaberg,All Airlines,May-15,174,173,1,150,145,23,28,2015,5
Brisbane-Cairns,Brisbane,Cairns,All Airlines,May-15,360,358,2,321,320,37,38,2015,5
Brisbane-Canberra,Brisbane,Canberra,All Airlines,May-15,249,247,2,224,221,23,26,2015,5
Brisbane-Darwin,Brisbane,Darwin,All Airlines,May-15,114,113,1,107,99,6,14,2015,5
Brisbane-Emerald,Brisbane,Emerald,All Airlines,May-15,218,215,3,187,168,28,47,2015,5
Brisbane-Gladstone,Brisbane,Gladstone,All Airlines,May-15,364,357,7,321,324,36,33,2015,5
Brisbane-Hamilton Island,Brisbane,Hamilton Island,All Airlines,May-15,50,50,0,48,44,2,6,2015,5
Brisbane-Hobart,Brisbane,Hobart,All Airlines,May-15,65,65,0,59,48,6,17,2015,5
Brisbane-Mackay,Brisbane,Mackay,All Airlines,May-15,328,324,4,290,295,34,29,2015,5
Brisbane-Melbourne,Brisbane,Melbourne,All Airlines,May-15,1043,1022,21,911,879,111,143,2015,5
Brisbane-Moranbah,Brisbane,Moranbah,All Airlines,May-15,190,187,3,167,159,20,28,2015,5
Brisbane-Mount Isa,Brisbane,Mount Isa,All Airlines,May-15,58,58,0,56,54,2,4,2015,5
Brisbane-Newcastle,Brisbane,Newcastle,All Airlines,May-15,237,234,3,208,204,26,30,2015,5
Brisbane-Perth,Brisbane,Perth,All Airlines,May-15,235,234,1,197,181,37,53,2015,5
Brisbane-Proserpine,Brisbane,Proserpine,All Airlines,May-15,79,79,0,74,73,5,6,2015,5
Brisbane-Rockhampton,Brisbane,Rockhampton,All Airlines,May-15,414,396,18,354,344,42,52,2015,5
Brisbane-Sydney,Brisbane,Sydney,All Airlines,May-15,1439,1392,47,1250,1222,142,170,2015,5
Brisbane-Townsville,Brisbane,Townsville,All Airlines,May-15,368,363,5,334,332,29,31,2015,5
Broome-Perth,Broome,Perth,All Airlines,May-15,129,128,1,101,108,27,20,2015,5
Bundaberg-Brisbane,Bundaberg,Brisbane,All Airlines,May-15,173,172,1,146,148,26,24,2015,5
Cairns-Brisbane,Cairns,Brisbane,All Airlines,May-15,360,358,2,313,325,45,33,2015,5
Cairns-Melbourne,Cairns,Melbourne,All Airlines,May-15,172,172,0,141,140,31,32,2015,5
Cairns-Sydney,Cairns,Sydney,All Airlines,May-15,284,284,0,255,257,29,27,2015,5
Canberra-Adelaide,Canberra,Adelaide,All Airlines,May-15,72,72,0,67,68,5,4,2015,5
Canberra-Brisbane,Canberra,Brisbane,All Airlines,May-15,250,246,4,216,210,30,36,2015,5
Canberra-Melbourne,Canberra,Melbourne,All Airlines,May-15,454,451,3,413,404,38,47,2015,5
Canberra-Sydney,Canberra,Sydney,All Airlines,May-15,822,777,45,651,662,126,115,2015,5
Coffs Harbour-Sydney,Coffs Harbour,Sydney,All Airlines,May-15,229,227,2,183,172,44,55,2015,5
Darwin-Brisbane,Darwin,Brisbane,All Airlines,May-15,114,113,1,94,101,19,12,2015,5
Darwin-Melbourne,Darwin,Melbourne,All Airlines,May-15,85,85,0,68,78,17,7,2015,5
Darwin-Perth,Darwin,Perth,All Airlines,May-15,70,70,0,64,65,6,5,2015,5
Darwin-Sydney,Darwin,Sydney,All Airlines,May-15,103,103,0,73,79,30,24,2015,5
Dubbo-Sydney,Dubbo,Sydney,All Airlines,May-15,277,276,1,227,222,49,54,2015,5
Emerald-Brisbane,Emerald,Brisbane,All Airlines,May-15,219,215,4,182,183,33,32,2015,5
Geraldton-Perth,Geraldton,Perth,All Airlines,May-15,144,144,0,134,131,10,13,2015,5
Gladstone-Brisbane,Gladstone,Brisbane,All Airlines,May-15,360,354,6,314,310,40,44,2015,5
Gold Coast-Adelaide,Gold Coast,Adelaide,All Airlines,May-15,61,60,1,58,53,2,7,2015,5
Gold Coast-Melbourne,Gold Coast,Melbourne,All Airlines,May-15,415,410,5,353,353,57,57,2015,5
Gold Coast-Sydney,Gold Coast,Sydney,All Airlines,May-15,713,701,12,613,611,88,90,2015,5
Hamilton Island-Brisbane,Hamilton Island,Brisbane,All Airlines,May-15,50,50,0,41,45,9,5,2015,5
Hamilton Island-Melbourne,Hamilton Island,Melbourne,All Airlines,May-15,27,27,0,24,25,3,2,2015,5
Hamilton Island-Sydney,Hamilton Island,Sydney,All Airlines,May-15,58,58,0,40,44,18,14,2015,5
Hobart-Brisbane,Hobart,Brisbane,All Airlines,May-15,65,65,0,59,48,6,17,2015,5
Hobart-Melbourne,Hobart,Melbourne,All Airlines,May-15,455,450,5,385,376,65,74,2015,5
Hobart-Sydney,Hobart,Sydney,All Airlines,May-15,146,146,0,126,124,20,22,2015,5
Kalgoorlie-Perth,Kalgoorlie,Perth,All Airlines,May-15,140,139,1,126,129,13,10,2015,5
Karratha-Perth,Karratha,Perth,All Airlines,May-15,296,293,3,266,272,27,21,2015,5
Launceston-Melbourne,Launceston,Melbourne,All Airlines,May-15,343,329,14,291,285,38,44,2015,5
Launceston-Sydney,Launceston,Sydney,All Airlines,May-15,72,72,0,59,58,13,14,2015,5
Mackay-Brisbane,Mackay,Brisbane,All Airlines,May-15,328,323,5,297,298,26,25,2015,5
Melbourne-Adelaide,Melbourne,Adelaide,All Airlines,May-15,754,746,8,667,657,79,89,2015,5
Melbourne-Brisbane,Melbourne,Brisbane,All Airlines,May-15,1042,1019,23,922,911,97,108,2015,5
Melbourne-Cairns,Melbourne,Cairns,All Airlines,May-15,172,172,0,145,146,27,26,2015,5
Melbourne-Canberra,Melbourne,Canberra,All Airlines,May-15,454,451,3,411,404,40,47,2015,5
Melbourne-Darwin,Melbourne,Darwin,All Airlines,May-15,85,85,0,79,78,6,7,2015,5
Melbourne-Gold Coast,Melbourne,Gold Coast,All Airlines,May-15,415,409,6,355,352,54,57,2015,5
Melbourne-Hamilton Island,Melbourne,Hamilton Island,All Airlines,May-15,27,27,0,25,24,2,3,2015,5
Melbourne-Hobart,Melbourne,Hobart,All Airlines,May-15,455,454,1,397,398,57,56,2015,5
Melbourne-Launceston,Melbourne,Launceston,All Airlines,May-15,343,329,14,301,291,28,38,2015,5
Melbourne-Mildura,Melbourne,Mildura,All Airlines,May-15,207,207,0,191,185,16,22,2015,5
Melbourne-Newcastle,Melbourne,Newcastle,All Airlines,May-15,142,142,0,127,130,15,12,2015,5
Melbourne-Perth,Melbourne,Perth,All Airlines,May-15,469,463,6,383,385,80,78,2015,5
Melbourne-Sunshine Coast,Melbourne,Sunshine Coast,All Airlines,May-15,89,86,3,76,78,10,8,2015,5
Melbourne-Sydney,Melbourne,Sydney,All Airlines,May-15,2409,2301,108,2021,2036,280,265,2015,5
Mildura-Melbourne,Mildura,Melbourne,All Airlines,May-15,206,205,1,177,169,28,36,2015,5
Moranbah-Brisbane,Moranbah,Brisbane,All Airlines,May-15,186,184,2,162,165,22,19,2015,5
Mount Isa-Brisbane,Mount Isa,Brisbane,All Airlines,May-15,58,58,0,52,57,6,1,2015,5
Newcastle-Brisbane,Newcastle,Brisbane,All Airlines,May-15,237,234,3,199,197,35,37,2015,5
Newcastle-Melbourne,Newcastle,Melbourne,All Airlines,May-15,142,140,2,121,122,19,18,2015,5
Newman-Perth,Newman,Perth,All Airlines,May-15,179,177,2,172,171,5,6,2015,5
Perth-Adelaide,Perth,Adelaide,All Airlines,May-15,226,224,2,203,204,21,20,2015,5
Perth-Brisbane,Perth,Brisbane,All Airlines,May-15,236,235,1,212,207,23,28,2015,5
Perth-Broome,Perth,Broome,All Airlines,May-15,124,123,1,113,106,10,17,2015,5
Perth-Darwin,Perth,Darwin,All Airlines,May-15,69,69,0,68,69,1,0,2015,5
Perth-Geraldton,Perth,Geraldton,All Airlines,May-15,139,139,0,128,127,11,12,2015,5
Perth-Kalgoorlie,Perth,Kalgoorlie,All Airlines,May-15,140,139,1,121,120,18,19,2015,5
Perth-Karratha,Perth,Karratha,All Airlines,May-15,297,294,3,281,268,13,26,2015,5
Perth-Melbourne,Perth,Melbourne,All Airlines,May-15,470,462,8,397,399,65,63,2015,5
Perth-Newman,Perth,Newman,All Airlines,May-15,179,178,1,175,174,3,4,2015,5
Perth-Port Hedland,Perth,Port Hedland,All Airlines,May-15,195,192,3,182,180,10,12,2015,5
Perth-Sydney,Perth,Sydney,All Airlines,May-15,377,375,2,317,341,58,34,2015,5
Port Hedland-Perth,Port Hedland,Perth,All Airlines,May-15,195,192,3,185,187,7,5,2015,5
Port Lincoln-Adelaide,Port Lincoln,Adelaide,All Airlines,May-15,333,331,2,302,302,29,29,2015,5
Port Macquarie-Sydney,Port Macquarie,Sydney,All Airlines,May-15,198,197,1,142,127,55,70,2015,5
Proserpine-Brisbane,Proserpine,Brisbane,All Airlines,May-15,79,79,0,72,72,7,7,2015,5
Rockhampton-Brisbane,Rockhampton,Brisbane,All Airlines,May-15,413,397,16,331,328,66,69,2015,5
Sunshine Coast-Melbourne,Sunshine Coast,Melbourne,All Airlines,May-15,88,85,3,72,71,13,14,2015,5
Sunshine Coast-Sydney,Sunshine Coast,Sydney,All Airlines,May-15,124,122,2,105,107,17,15,2015,5
Sydney-Adelaide,Sydney,Adelaide,All Airlines,May-15,577,573,4,516,494,57,79,2015,5
Sydney-Albury,Sydney,Albury,All Airlines,May-15,265,265,0,224,218,41,47,2015,5
Sydney-Armidale,Sydney,Armidale,All Airlines,May-15,212,207,5,167,159,40,48,2015,5
Sydney-Ayers Rock,Sydney,Ayers Rock,All Airlines,May-15,62,62,0,55,43,7,19,2015,5
Sydney-Ballina,Sydney,Ballina,All Airlines,May-15,119,119,0,101,103,18,16,2015,5
Sydney-Brisbane,Sydney,Brisbane,All Airlines,May-15,1438,1396,42,1252,1191,144,205,2015,5
Sydney-Cairns,Sydney,Cairns,All Airlines,May-15,284,284,0,262,250,22,34,2015,5
Sydney-Canberra,Sydney,Canberra,All Airlines,May-15,822,781,41,655,658,126,123,2015,5
Sydney-Coffs Harbour,Sydney,Coffs Harbour,All Airlines,May-15,229,227,2,189,189,38,38,2015,5
Sydney-Darwin,Sydney,Darwin,All Airlines,May-15,103,103,0,80,75,23,28,2015,5
Sydney-Dubbo,Sydney,Dubbo,All Airlines,May-15,276,275,1,216,222,59,53,2015,5
Sydney-Gold Coast,Sydney,Gold Coast,All Airlines,May-15,713,702,11,634,629,68,73,2015,5
Sydney-Hamilton Island,Sydney,Hamilton Island,All Airlines,May-15,58,58,0,50,43,8,15,2015,5
Sydney-Hobart,Sydney,Hobart,All Airlines,May-15,146,146,0,135,133,11,13,2015,5
Sydney-Launceston,Sydney,Launceston,All Airlines,May-15,72,72,0,66,69,6,3,2015,5
Sydney-Melbourne,Sydney,Melbourne,All Airlines,May-15,2407,2292,115,2031,1950,261,342,2015,5
Sydney-Perth,Sydney,Perth,All Airlines,May-15,382,381,1,333,295,48,86,2015,5
Sydney-Port Macquarie,Sydney,Port Macquarie,All Airlines,May-15,197,196,1,163,139,33,57,2015,5
Sydney-Sunshine Coast,Sydney,Sunshine Coast,All Airlines,May-15,125,123,2,109,111,14,12,2015,5
Sydney-Townsville,Sydney,Townsville,All Airlines,May-15,50,50,0,47,44,3,6,2015,5
Sydney-Wagga Wagga,Sydney,Wagga Wagga,All Airlines,May-15,253,253,0,216,216,37,37,2015,5
Townsville-Brisbane,Townsville,Brisbane,All Airlines,May-15,368,362,6,322,332,40,30,2015,5
Townsville-Sydney,Townsville,Sydney,All Airlines,May-15,51,51,0,36,40,15,11,2015,5
Wagga Wagga-Sydney,Wagga Wagga,Sydney,All Airlines,May-15,254,254,0,220,214,34,40,2015,5
Adelaide-Alice Springs,Adelaide,Alice Springs,All Airlines,Jun-15,43,43,0,40,41,3,2,2015,6
Adelaide-Brisbane,Adelaide,Brisbane,All Airlines,Jun-15,262,261,1,244,238,17,23,2015,6
Adelaide-Canberra,Adelaide,Canberra,All Airlines,Jun-15,73,73,0,69,70,4,3,2015,6
Adelaide-Gold Coast,Adelaide,Gold Coast,All Airlines,Jun-15,62,62,0,61,58,1,4,2015,6
Adelaide-Melbourne,Adelaide,Melbourne,All Airlines,Jun-15,739,729,10,684,676,45,53,2015,6
Adelaide-Perth,Adelaide,Perth,All Airlines,Jun-15,214,214,0,204,206,10,8,2015,6
Adelaide-Port Lincoln,Adelaide,Port Lincoln,All Airlines,Jun-15,306,304,2,290,281,14,23,2015,6
Adelaide-Sydney,Adelaide,Sydney,All Airlines,Jun-15,564,561,3,535,524,26,37,2015,6
Albury-Sydney,Albury,Sydney,All Airlines,Jun-15,251,245,6,197,191,48,54,2015,6
Alice Springs-Adelaide,Alice Springs,Adelaide,All Airlines,Jun-15,43,43,0,39,42,4,1,2015,6
Alice Springs-Darwin,Alice Springs,Darwin,All Airlines,Jun-15,73,73,0,69,67,4,6,2015,6
Armidale-Sydney,Armidale,Sydney,All Airlines,Jun-15,210,205,5,168,169,37,36,2015,6
Ayers Rock-Sydney,Ayers Rock,Sydney,All Airlines,Jun-15,60,60,0,54,58,6,2,2015,6
Ballina-Sydney,Ballina,Sydney,All Airlines,Jun-15,122,122,0,101,104,21,18,2015,6
Brisbane-Adelaide,Brisbane,Adelaide,All Airlines,Jun-15,262,261,1,246,249,15,12,2015,6
Brisbane-Bundaberg,Brisbane,Bundaberg,All Airlines,Jun-15,171,169,2,147,139,22,30,2015,6
Brisbane-Cairns,Brisbane,Cairns,All Airlines,Jun-15,372,372,0,321,319,51,53,2015,6
Brisbane-Canberra,Brisbane,Canberra,All Airlines,Jun-15,243,241,2,209,210,32,31,2015,6
Brisbane-Darwin,Brisbane,Darwin,All Airlines,Jun-15,128,128,0,112,98,16,30,2015,6
Brisbane-Emerald,Brisbane,Emerald,All Airlines,Jun-15,218,211,7,177,166,34,45,2015,6
Brisbane-Gladstone,Brisbane,Gladstone,All Airlines,Jun-15,356,342,14,314,306,28,36,2015,6
Brisbane-Hamilton Island,Brisbane,Hamilton Island,All Airlines,Jun-15,47,47,0,42,40,5,7,2015,6
Brisbane-Hobart,Brisbane,Hobart,All Airlines,Jun-15,58,58,0,54,55,4,3,2015,6
Brisbane-Mackay,Brisbane,Mackay,All Airlines,Jun-15,312,308,4,277,272,31,36,2015,6
Brisbane-Melbourne,Brisbane,Melbourne,All Airlines,Jun-15,1053,1036,17,922,925,114,111,2015,6
Brisbane-Moranbah,Brisbane,Moranbah,All Airlines,Jun-15,194,188,6,166,158,22,30,2015,6
Brisbane-Mount Isa,Brisbane,Mount Isa,All Airlines,Jun-15,60,60,0,55,55,5,5,2015,6
Brisbane-Newcastle,Brisbane,Newcastle,All Airlines,Jun-15,234,234,0,207,208,27,26,2015,6
Brisbane-Perth,Brisbane,Perth,All Airlines,Jun-15,237,237,0,196,216,41,21,2015,6
Brisbane-Proserpine,Brisbane,Proserpine,All Airlines,Jun-15,78,78,0,70,68,8,10,2015,6
Brisbane-Rockhampton,Brisbane,Rockhampton,All Airlines,Jun-15,385,378,7,328,328,50,50,2015,6
Brisbane-Sydney,Brisbane,Sydney,All Airlines,Jun-15,1427,1401,26,1282,1283,119,118,2015,6
Brisbane-Townsville,Brisbane,Townsville,All Airlines,Jun-15,357,357,0,319,317,38,40,2015,6
Broome-Perth,Broome,Perth,All Airlines,Jun-15,123,122,1,89,96,33,26,2015,6
Bundaberg-Brisbane,Bundaberg,Brisbane,All Airlines,Jun-15,172,170,2,151,141,19,29,2015,6
Cairns-Brisbane,Cairns,Brisbane,All Airlines,Jun-15,372,372,0,302,309,70,63,2015,6
Cairns-Melbourne,Cairns,Melbourne,All Airlines,Jun-15,200,200,0,150,162,50,38,2015,6
Cairns-Sydney,Cairns,Sydney,All Airlines,Jun-15,286,286,0,243,249,43,37,2015,6
Canberra-Adelaide,Canberra,Adelaide,All Airlines,Jun-15,73,73,0,70,73,3,0,2015,6
Canberra-Brisbane,Canberra,Brisbane,All Airlines,Jun-15,243,242,1,197,187,45,55,2015,6
Canberra-Melbourne,Canberra,Melbourne,All Airlines,Jun-15,446,440,6,404,399,36,41,2015,6
Canberra-Sydney,Canberra,Sydney,All Airlines,Jun-15,789,749,40,661,667,88,82,2015,6
Coffs Harbour-Sydney,Coffs Harbour,Sydney,All Airlines,Jun-15,220,216,4,187,189,29,27,2015,6
Darwin-Alice Springs,Darwin,Alice Springs,All Airlines,Jun-15,73,73,0,67,66,6,7,2015,6
Darwin-Brisbane,Darwin,Brisbane,All Airlines,Jun-15,127,127,0,96,104,31,23,2015,6
Darwin-Melbourne,Darwin,Melbourne,All Airlines,Jun-15,86,85,1,64,70,21,15,2015,6
Darwin-Perth,Darwin,Perth,All Airlines,Jun-15,68,68,0,61,57,7,11,2015,6
Darwin-Sydney,Darwin,Sydney,All Airlines,Jun-15,116,116,0,82,82,34,34,2015,6
Dubbo-Sydney,Dubbo,Sydney,All Airlines,Jun-15,272,270,2,232,235,38,35,2015,6
Emerald-Brisbane,Emerald,Brisbane,All Airlines,Jun-15,218,210,8,167,169,43,41,2015,6
Geraldton-Perth,Geraldton,Perth,All Airlines,Jun-15,142,142,0,129,128,13,14,2015,6
Gladstone-Brisbane,Gladstone,Brisbane,All Airlines,Jun-15,352,337,15,298,293,39,44,2015,6
Gold Coast-Adelaide,Gold Coast,Adelaide,All Airlines,Jun-15,62,62,0,60,60,2,2,2015,6
Gold Coast-Melbourne,Gold Coast,Melbourne,All Airlines,Jun-15,448,444,4,375,396,69,48,2015,6
Gold Coast-Sydney,Gold Coast,Sydney,All Airlines,Jun-15,714,705,9,631,630,74,75,2015,6
Hamilton Island-Brisbane,Hamilton Island,Brisbane,All Airlines,Jun-15,47,47,0,38,43,9,4,2015,6
Hamilton Island-Melbourne,Hamilton Island,Melbourne,All Airlines,Jun-15,32,32,0,28,29,4,3,2015,6
Hamilton Island-Sydney,Hamilton Island,Sydney,All Airlines,Jun-15,60,60,0,52,54,8,6,2015,6
Hobart-Brisbane,Hobart,Brisbane,All Airlines,Jun-15,58,57,1,46,47,11,10,2015,6
Hobart-Melbourne,Hobart,Melbourne,All Airlines,Jun-15,444,439,5,374,368,65,71,2015,6
Hobart-Sydney,Hobart,Sydney,All Airlines,Jun-15,146,145,1,123,123,22,22,2015,6
Kalgoorlie-Perth,Kalgoorlie,Perth,All Airlines,Jun-15,138,138,0,125,124,13,14,2015,6
Karratha-Perth,Karratha,Perth,All Airlines,Jun-15,300,295,5,285,281,10,14,2015,6
Launceston-Melbourne,Launceston,Melbourne,All Airlines,Jun-15,331,316,15,277,277,39,39,2015,6
Launceston-Sydney,Launceston,Sydney,All Airlines,Jun-15,66,65,1,57,57,8,8,2015,6
Mackay-Brisbane,Mackay,Brisbane,All Airlines,Jun-15,312,305,7,266,276,39,29,2015,6
Melbourne-Adelaide,Melbourne,Adelaide,All Airlines,Jun-15,740,731,9,669,677,62,54,2015,6
Melbourne-Brisbane,Melbourne,Brisbane,All Airlines,Jun-15,1046,1033,13,923,872,110,161,2015,6
Melbourne-Cairns,Melbourne,Cairns,All Airlines,Jun-15,200,200,0,157,160,43,40,2015,6
Melbourne-Canberra,Melbourne,Canberra,All Airlines,Jun-15,445,438,7,406,403,32,35,2015,6
Melbourne-Darwin,Melbourne,Darwin,All Airlines,Jun-15,86,86,0,75,76,11,10,2015,6
Melbourne-Gold Coast,Melbourne,Gold Coast,All Airlines,Jun-15,447,445,2,386,379,59,66,2015,6
Melbourne-Hamilton Island,Melbourne,Hamilton Island,All Airlines,Jun-15,31,31,0,31,28,0,3,2015,6
Melbourne-Hobart,Melbourne,Hobart,All Airlines,Jun-15,445,442,3,386,384,56,58,2015,6
Melbourne-Launceston,Melbourne,Launceston,All Airlines,Jun-15,330,317,13,274,270,43,47,2015,6
Melbourne-Mildura,Melbourne,Mildura,All Airlines,Jun-15,199,199,0,180,174,19,25,2015,6
Melbourne-Newcastle,Melbourne,Newcastle,All Airlines,Jun-15,139,139,0,125,129,14,10,2015,6
Melbourne-Perth,Melbourne,Perth,All Airlines,Jun-15,458,451,7,388,419,63,32,2015,6
Melbourne-Sunshine Coast,Melbourne,Sunshine Coast,All Airlines,Jun-15,97,97,0,77,80,20,17,2015,6
Melbourne-Sydney,Melbourne,Sydney,All Airlines,Jun-15,2355,2271,84,2065,2036,206,235,2015,6
Mildura-Melbourne,Mildura,Melbourne,All Airlines,Jun-15,199,197,2,171,165,26,32,2015,6
Moranbah-Brisbane,Moranbah,Brisbane,All Airlines,Jun-15,189,184,5,152,156,32,28,2015,6
Mount Isa-Brisbane,Mount Isa,Brisbane,All Airlines,Jun-15,60,60,0,55,55,5,5,2015,6
Newcastle-Brisbane,Newcastle,Brisbane,All Airlines,Jun-15,234,234,0,207,198,27,36,2015,6
Newcastle-Melbourne,Newcastle,Melbourne,All Airlines,Jun-15,139,138,1,125,127,13,11,2015,6
Newman-Perth,Newman,Perth,All Airlines,Jun-15,185,184,1,178,176,6,8,2015,6
Perth-Adelaide,Perth,Adelaide,All Airlines,Jun-15,217,217,0,206,207,11,10,2015,6
Perth-Brisbane,Perth,Brisbane,All Airlines,Jun-15,236,236,0,224,193,12,43,2015,6
Perth-Broome,Perth,Broome,All Airlines,Jun-15,122,122,0,110,110,12,12,2015,6
Perth-Darwin,Perth,Darwin,All Airlines,Jun-15,69,69,0,67,63,2,6,2015,6
Perth-Geraldton,Perth,Geraldton,All Airlines,Jun-15,138,138,0,127,126,11,12,2015,6
Perth-Kalgoorlie,Perth,Kalgoorlie,All Airlines,Jun-15,138,138,0,129,129,9,9,2015,6
Perth-Karratha,Perth,Karratha,All Airlines,Jun-15,300,296,4,286,279,10,17,2015,6
Perth-Melbourne,Perth,Melbourne,All Airlines,Jun-15,458,450,8,416,402,34,48,2015,6
Perth-Newman,Perth,Newman,All Airlines,Jun-15,185,185,0,176,175,9,10,2015,6
Perth-Port Hedland,Perth,Port Hedland,All Airlines,Jun-15,193,190,3,182,180,8,10,2015,6
Perth-Sydney,Perth,Sydney,All Airlines,Jun-15,364,363,1,343,321,20,42,2015,6
Port Hedland-Perth,Port Hedland,Perth,All Airlines,Jun-15,192,188,4,179,180,9,8,2015,6
Port Lincoln-Adelaide,Port Lincoln,Adelaide,All Airlines,Jun-15,305,303,2,284,281,19,22,2015,6
Port Macquarie-Sydney,Port Macquarie,Sydney,All Airlines,Jun-15,194,193,1,153,138,40,55,2015,6
Proserpine-Brisbane,Proserpine,Brisbane,All Airlines,Jun-15,78,77,1,67,68,10,9,2015,6
Rockhampton-Brisbane,Rockhampton,Brisbane,All Airlines,Jun-15,383,372,11,320,316,52,56,2015,6
Sunshine Coast-Melbourne,Sunshine Coast,Melbourne,All Airlines,Jun-15,97,97,0,73,78,24,19,2015,6
Sunshine Coast-Sydney,Sunshine Coast,Sydney,All Airlines,Jun-15,124,123,1,106,108,17,15,2015,6
Sydney-Adelaide,Sydney,Adelaide,All Airlines,Jun-15,562,558,4,523,528,35,30,2015,6
Sydney-Albury,Sydney,Albury,All Airlines,Jun-15,251,248,3,198,187,50,61,2015,6
Sydney-Armidale,Sydney,Armidale,All Airlines,Jun-15,209,206,3,175,177,31,29,2015,6
Sydney-Ayers Rock,Sydney,Ayers Rock,All Airlines,Jun-15,60,60,0,55,54,5,6,2015,6
Sydney-Ballina,Sydney,Ballina,All Airlines,Jun-15,122,122,0,112,110,10,12,2015,6
Sydney-Brisbane,Sydney,Brisbane,All Airlines,Jun-15,1437,1409,28,1289,1215,120,194,2015,6
Sydney-Cairns,Sydney,Cairns,All Airlines,Jun-15,286,286,0,254,253,32,33,2015,6
Sydney-Canberra,Sydney,Canberra,All Airlines,Jun-15,788,752,36,654,663,98,89,2015,6
Sydney-Coffs Harbour,Sydney,Coffs Harbour,All Airlines,Jun-15,220,216,4,186,185,30,31,2015,6
Sydney-Darwin,Sydney,Darwin,All Airlines,Jun-15,116,116,0,92,86,24,30,2015,6
Sydney-Dubbo,Sydney,Dubbo,All Airlines,Jun-15,270,268,2,226,234,42,34,2015,6
Sydney-Gold Coast,Sydney,Gold Coast,All Airlines,Jun-15,714,707,7,648,634,59,73,2015,6
Sydney-Hamilton Island,Sydney,Hamilton Island,All Airlines,Jun-15,60,60,0,56,53,4,7,2015,6
Sydney-Hobart,Sydney,Hobart,All Airlines,Jun-15,146,145,1,130,133,15,12,2015,6
Sydney-Launceston,Sydney,Launceston,All Airlines,Jun-15,66,65,1,55,59,10,6,2015,6
Sydney-Melbourne,Sydney,Melbourne,All Airlines,Jun-15,2348,2263,85,2036,2025,227,238,2015,6
Sydney-Perth,Sydney,Perth,All Airlines,Jun-15,369,369,0,338,348,31,21,2015,6
Sydney-Port Macquarie,Sydney,Port Macquarie,All Airlines,Jun-15,194,191,3,165,149,26,42,2015,6
Sydney-Sunshine Coast,Sydney,Sunshine Coast,All Airlines,Jun-15,125,124,1,107,110,17,14,2015,6
Sydney-Townsville,Sydney,Townsville,All Airlines,Jun-15,52,52,0,47,49,5,3,2015,6
Sydney-Wagga Wagga,Sydney,Wagga Wagga,All Airlines,Jun-15,245,245,0,204,203,41,42,2015,6
Townsville-Brisbane,Townsville,Brisbane,All Airlines,Jun-15,357,357,0,314,320,43,37,2015,6
Townsville-Sydney,Townsville,Sydney,All Airlines,Jun-15,52,52,0,42,41,10,11,2015,6
Wagga Wagga-Sydney,Wagga Wagga,Sydney,All Airlines,Jun-15,245,245,0,204,200,41,45,2015,6
Adelaide-Alice Springs,Adelaide,Alice Springs,All Airlines,Jul-15,45,45,0,36,40,9,5,2015,7
Adelaide-Brisbane,Adelaide,Brisbane,All Airlines,Jul-15,286,284,2,260,257,24,27,2015,7
Adelaide-Canberra,Adelaide,Canberra,All Airlines,Jul-15,77,77,0,70,69,7,8,2015,7
Adelaide-Gold Coast,Adelaide,Gold Coast,All Airlines,Jul-15,70,70,0,65,63,5,7,2015,7
Adelaide-Melbourne,Adelaide,Melbourne,All Airlines,Jul-15,794,774,20,662,660,112,114,2015,7
Adelaide-Perth,Adelaide,Perth,All Airlines,Jul-15,229,228,1,207,188,21,40,2015,7
Adelaide-Port Lincoln,Adelaide,Port Lincoln,All Airlines,Jul-15,331,328,3,304,288,24,40,2015,7
Adelaide-Sydney,Adelaide,Sydney,All Airlines,Jul-15,605,587,18,507,509,80,78,2015,7
Albury-Sydney,Albury,Sydney,All Airlines,Jul-15,272,271,1,232,224,39,47,2015,7
Alice Springs-Adelaide,Alice Springs,Adelaide,All Airlines,Jul-15,45,45,0,39,37,6,8,2015,7
Alice Springs-Darwin,Alice Springs,Darwin,All Airlines,Jul-15,76,76,0,67,69,9,7,2015,7
Armidale-Sydney,Armidale,Sydney,All Airlines,Jul-15,219,212,7,168,165,44,47,2015,7
Ayers Rock-Sydney,Ayers Rock,Sydney,All Airlines,Jul-15,62,61,1,48,57,13,4,2015,7
Ballina-Sydney,Ballina,Sydney,All Airlines,Jul-15,136,135,1,102,102,33,33,2015,7
Brisbane-Adelaide,Brisbane,Adelaide,All Airlines,Jul-15,286,286,0,253,258,33,28,2015,7
Brisbane-Bundaberg,Brisbane,Bundaberg,All Airlines,Jul-15,176,174,2,158,156,16,18,2015,7
Brisbane-Cairns,Brisbane,Cairns,All Airlines,Jul-15,414,412,2,337,332,75,80,2015,7
Brisbane-Canberra,Brisbane,Canberra,All Airlines,Jul-15,253,250,3,209,202,41,48,2015,7
Brisbane-Darwin,Brisbane,Darwin,All Airlines,Jul-15,138,138,0,128,110,10,28,2015,7
Brisbane-Emerald,Brisbane,Emerald,All Airlines,Jul-15,226,222,4,198,184,24,38,2015,7
Brisbane-Gladstone,Brisbane,Gladstone,All Airlines,Jul-15,373,366,7,336,327,30,39,2015,7
Brisbane-Hamilton Island,Brisbane,Hamilton Island,All Airlines,Jul-15,47,45,2,42,38,3,7,2015,7
Brisbane-Hobart,Brisbane,Hobart,All Airlines,Jul-15,62,62,0,53,53,9,9,2015,7
Brisbane-Mackay,Brisbane,Mackay,All Airlines,Jul-15,336,326,10,301,285,25,41,2015,7
Brisbane-Melbourne,Brisbane,Melbourne,All Airlines,Jul-15,1139,1112,27,943,867,169,245,2015,7
Brisbane-Moranbah,Brisbane,Moranbah,All Airlines,Jul-15,205,191,14,180,174,11,17,2015,7
Brisbane-Mount Isa,Brisbane,Mount Isa,All Airlines,Jul-15,64,64,0,64,61,0,3,2015,7
Brisbane-Newcastle,Brisbane,Newcastle,All Airlines,Jul-15,259,256,3,226,224,30,32,2015,7
Brisbane-Perth,Brisbane,Perth,All Airlines,Jul-15,243,242,1,206,187,36,55,2015,7
Brisbane-Proserpine,Brisbane,Proserpine,All Airlines,Jul-15,86,86,0,75,74,11,12,2015,7
Brisbane-Rockhampton,Brisbane,Rockhampton,All Airlines,Jul-15,409,401,8,360,350,41,51,2015,7
Brisbane-Sydney,Brisbane,Sydney,All Airlines,Jul-15,1511,1477,34,1306,1283,171,194,2015,7
Brisbane-Townsville,Brisbane,Townsville,All Airlines,Jul-15,380,378,2,331,325,47,53,2015,7
Broome-Perth,Broome,Perth,All Airlines,Jul-15,156,156,0,103,103,53,53,2015,7
Bundaberg-Brisbane,Bundaberg,Brisbane,All Airlines,Jul-15,175,172,3,152,150,20,22,2015,7
Cairns-Brisbane,Cairns,Brisbane,All Airlines,Jul-15,414,411,3,324,335,87,76,2015,7
Cairns-Melbourne,Cairns,Melbourne,All Airlines,Jul-15,237,235,2,163,166,72,69,2015,7
Cairns-Sydney,Cairns,Sydney,All Airlines,Jul-15,319,317,2,248,267,69,50,2015,7
Canberra-Adelaide,Canberra,Adelaide,All Airlines,Jul-15,77,75,2,68,69,7,6,2015,7
Canberra-Brisbane,Canberra,Brisbane,All Airlines,Jul-15,253,248,5,183,180,65,68,2015,7
Canberra-Melbourne,Canberra,Melbourne,All Airlines,Jul-15,471,460,11,384,370,76,90,2015,7
Canberra-Sydney,Canberra,Sydney,All Airlines,Jul-15,827,764,63,619,616,145,148,2015,7
Coffs Harbour-Sydney,Coffs Harbour,Sydney,All Airlines,Jul-15,232,226,6,191,191,35,35,2015,7
Darwin-Alice Springs,Darwin,Alice Springs,All Airlines,Jul-15,76,76,0,70,67,6,9,2015,7
Darwin-Brisbane,Darwin,Brisbane,All Airlines,Jul-15,138,137,1,91,111,46,26,2015,7
Darwin-Melbourne,Darwin,Melbourne,All Airlines,Jul-15,98,97,1,63,65,34,32,2015,7
Darwin-Perth,Darwin,Perth,All Airlines,Jul-15,76,76,0,64,62,12,14,2015,7
Darwin-Sydney,Darwin,Sydney,All Airlines,Jul-15,122,122,0,62,69,60,53,2015,7
Dubbo-Sydney,Dubbo,Sydney,All Airlines,Jul-15,288,287,1,234,231,53,56,2015,7
Emerald-Brisbane,Emerald,Brisbane,All Airlines,Jul-15,226,221,5,181,189,40,32,2015,7
Geraldton-Perth,Geraldton,Perth,All Airlines,Jul-15,149,148,1,128,126,20,22,2015,7
Gladstone-Brisbane,Gladstone,Brisbane,All Airlines,Jul-15,369,360,9,311,316,49,44,2015,7
Gold Coast-Adelaide,Gold Coast,Adelaide,All Airlines,Jul-15,69,69,0,65,64,4,5,2015,7
Gold Coast-Melbourne,Gold Coast,Melbourne,All Airlines,Jul-15,523,513,10,392,399,121,114,2015,7
Gold Coast-Sydney,Gold Coast,Sydney,All Airlines,Jul-15,774,768,6,642,638,126,130,2015,7
Hamilton Island-Brisbane,Hamilton Island,Brisbane,All Airlines,Jul-15,48,44,4,35,40,9,4,2015,7
Hamilton Island-Sydney,Hamilton Island,Sydney,All Airlines,Jul-15,74,68,6,48,55,20,13,2015,7
Hobart-Brisbane,Hobart,Brisbane,All Airlines,Jul-15,62,62,0,49,48,13,14,2015,7
Hobart-Melbourne,Hobart,Melbourne,All Airlines,Jul-15,475,466,9,354,344,112,122,2015,7
Hobart-Sydney,Hobart,Sydney,All Airlines,Jul-15,161,160,1,131,129,29,31,2015,7
Kalgoorlie-Perth,Kalgoorlie,Perth,All Airlines,Jul-15,144,144,0,133,127,11,17,2015,7
Karratha-Perth,Karratha,Perth,All Airlines,Jul-15,312,299,13,271,264,28,35,2015,7
Launceston-Melbourne,Launceston,Melbourne,All Airlines,Jul-15,337,331,6,248,244,83,87,2015,7
Launceston-Sydney,Launceston,Sydney,All Airlines,Jul-15,75,75,0,59,58,16,17,2015,7
Mackay-Brisbane,Mackay,Brisbane,All Airlines,Jul-15,336,322,14,266,276,56,46,2015,7
Melbourne-Adelaide,Melbourne,Adelaide,All Airlines,Jul-15,792,774,18,649,673,125,101,2015,7
Melbourne-Brisbane,Melbourne,Brisbane,All Airlines,Jul-15,1126,1096,30,869,854,227,242,2015,7
Melbourne-Cairns,Melbourne,Cairns,All Airlines,Jul-15,237,236,1,167,170,69,66,2015,7
Melbourne-Canberra,Melbourne,Canberra,All Airlines,Jul-15,470,457,13,394,380,63,77,2015,7
Melbourne-Darwin,Melbourne,Darwin,All Airlines,Jul-15,100,100,0,83,82,17,18,2015,7
Melbourne-Gold Coast,Melbourne,Gold Coast,All Airlines,Jul-15,522,513,9,415,403,98,110,2015,7
Melbourne-Hobart,Melbourne,Hobart,All Airlines,Jul-15,475,469,6,359,358,110,111,2015,7
Melbourne-Launceston,Melbourne,Launceston,All Airlines,Jul-15,337,333,4,268,248,65,85,2015,7
Melbourne-Mildura,Melbourne,Mildura,All Airlines,Jul-15,209,209,0,180,171,29,38,2015,7
Melbourne-Newcastle,Melbourne,Newcastle,All Airlines,Jul-15,142,141,1,116,116,25,25,2015,7
Melbourne-Perth,Melbourne,Perth,All Airlines,Jul-15,507,498,9,393,388,105,110,2015,7
Melbourne-Sunshine Coast,Melbourne,Sunshine Coast,All Airlines,Jul-15,125,124,1,87,90,37,34,2015,7
Melbourne-Sydney,Melbourne,Sydney,All Airlines,Jul-15,2523,2399,124,1989,1970,410,429,2015,7
Mildura-Melbourne,Mildura,Melbourne,All Airlines,Jul-15,209,209,0,182,167,27,42,2015,7
Moranbah-Brisbane,Moranbah,Brisbane,All Airlines,Jul-15,202,186,16,166,165,20,21,2015,7
Mount Isa-Brisbane,Mount Isa,Brisbane,All Airlines,Jul-15,64,64,0,58,60,6,4,2015,7
Newcastle-Brisbane,Newcastle,Brisbane,All Airlines,Jul-15,259,256,3,218,209,38,47,2015,7
Newcastle-Melbourne,Newcastle,Melbourne,All Airlines,Jul-15,142,141,1,116,113,25,28,2015,7
Newman-Perth,Newman,Perth,All Airlines,Jul-15,190,190,0,183,183,7,7,2015,7
Perth-Adelaide,Perth,Adelaide,All Airlines,Jul-15,235,233,2,209,218,24,15,2015,7
Perth-Brisbane,Perth,Brisbane,All Airlines,Jul-15,246,246,0,222,231,24,15,2015,7
Perth-Broome,Perth,Broome,All Airlines,Jul-15,156,156,0,136,134,20,22,2015,7
Perth-Darwin,Perth,Darwin,All Airlines,Jul-15,73,73,0,68,67,5,6,2015,7
Perth-Geraldton,Perth,Geraldton,All Airlines,Jul-15,144,144,0,126,125,18,19,2015,7
Perth-Kalgoorlie,Perth,Kalgoorlie,All Airlines,Jul-15,145,145,0,134,134,11,11,2015,7
Perth-Karratha,Perth,Karratha,All Airlines,Jul-15,312,303,9,292,284,11,19,2015,7
Perth-Melbourne,Perth,Melbourne,All Airlines,Jul-15,509,498,11,413,408,85,90,2015,7
Perth-Newman,Perth,Newman,All Airlines,Jul-15,191,191,0,183,181,8,10,2015,7
Perth-Port Hedland,Perth,Port Hedland,All Airlines,Jul-15,200,193,7,181,179,12,14,2015,7
Perth-Sydney,Perth,Sydney,All Airlines,Jul-15,389,386,3,329,337,57,49,2015,7
Port Hedland-Perth,Port Hedland,Perth,All Airlines,Jul-15,200,194,6,179,178,15,16,2015,7
Port Lincoln-Adelaide,Port Lincoln,Adelaide,All Airlines,Jul-15,331,327,4,296,291,31,36,2015,7
Port Macquarie-Sydney,Port Macquarie,Sydney,All Airlines,Jul-15,202,198,4,149,134,49,64,2015,7
Proserpine-Brisbane,Proserpine,Brisbane,All Airlines,Jul-15,86,86,0,67,73,19,13,2015,7
Rockhampton-Brisbane,Rockhampton,Brisbane,All Airlines,Jul-15,408,398,10,344,343,54,55,2015,7
Sunshine Coast-Melbourne,Sunshine Coast,Melbourne,All Airlines,Jul-15,125,124,1,76,78,48,46,2015,7
Sunshine Coast-Sydney,Sunshine Coast,Sydney,All Airlines,Jul-15,136,136,0,101,106,35,30,2015,7
Sydney-Adelaide,Sydney,Adelaide,All Airlines,Jul-15,599,588,11,520,502,68,86,2015,7
Sydney-Albury,Sydney,Albury,All Airlines,Jul-15,272,270,2,217,218,53,52,2015,7
Sydney-Armidale,Sydney,Armidale,All Airlines,Jul-15,219,213,6,168,166,45,47,2015,7
Sydney-Ayers Rock,Sydney,Ayers Rock,All Airlines,Jul-15,62,62,0,58,50,4,12,2015,7
Sydney-Ballina,Sydney,Ballina,All Airlines,Jul-15,137,137,0,104,108,33,29,2015,7
Sydney-Brisbane,Sydney,Brisbane,All Airlines,Jul-15,1518,1491,27,1299,1218,192,273,2015,7
Sydney-Cairns,Sydney,Cairns,All Airlines,Jul-15,319,317,2,266,254,51,63,2015,7
Sydney-Canberra,Sydney,Canberra,All Airlines,Jul-15,828,765,63,621,610,144,155,2015,7
Sydney-Coffs Harbour,Sydney,Coffs Harbour,All Airlines,Jul-15,232,228,4,192,195,36,33,2015,7
Sydney-Darwin,Sydney,Darwin,All Airlines,Jul-15,122,122,0,90,86,32,36,2015,7
Sydney-Dubbo,Sydney,Dubbo,All Airlines,Jul-15,289,287,2,215,226,72,61,2015,7
Sydney-Gold Coast,Sydney,Gold Coast,All Airlines,Jul-15,774,766,8,664,658,102,108,2015,7
Sydney-Hamilton Island,Sydney,Hamilton Island,All Airlines,Jul-15,75,71,4,61,55,10,16,2015,7
Sydney-Hobart,Sydney,Hobart,All Airlines,Jul-15,161,159,2,140,140,19,19,2015,7
Sydney-Launceston,Sydney,Launceston,All Airlines,Jul-15,75,75,0,58,60,17,15,2015,7
Sydney-Melbourne,Sydney,Melbourne,All Airlines,Jul-15,2517,2394,123,2013,1901,381,493,2015,7
Sydney-Perth,Sydney,Perth,All Airlines,Jul-15,391,388,3,340,314,48,74,2015,7
Sydney-Port Macquarie,Sydney,Port Macquarie,All Airlines,Jul-15,201,198,3,170,156,28,42,2015,7
Sydney-Sunshine Coast,Sydney,Sunshine Coast,All Airlines,Jul-15,135,135,0,107,114,28,21,2015,7
Sydney-Townsville,Sydney,Townsville,All Airlines,Jul-15,55,55,0,44,44,11,11,2015,7
Sydney-Wagga Wagga,Sydney,Wagga Wagga,All Airlines,Jul-15,259,258,1,218,214,40,44,2015,7
Townsville-Brisbane,Townsville,Brisbane,All Airlines,Jul-15,380,377,3,325,345,52,32,2015,7
Townsville-Sydney,Townsville,Sydney,All Airlines,Jul-15,55,55,0,36,41,19,14,2015,7
Wagga Wagga-Sydney,Wagga Wagga,Sydney,All Airlines,Jul-15,258,255,3,211,213,44,42,2015,7
Adelaide-Alice Springs,Adelaide,Alice Springs,All Airlines,Aug-15,44,44,0,42,41,2,3,2015,8
Adelaide-Brisbane,Adelaide,Brisbane,All Airlines,Aug-15,277,276,1,256,257,20,19,2015,8
Adelaide-Canberra,Adelaide,Canberra,All Airlines,Aug-15,73,73,0,67,67,6,6,2015,8
Adelaide-Gold Coast,Adelaide,Gold Coast,All Airlines,Aug-15,62,62,0,61,62,1,0,2015,8
Adelaide-Melbourne,Adelaide,Melbourne,All Airlines,Aug-15,760,747,13,680,697,67,50,2015,8
Adelaide-Perth,Adelaide,Perth,All Airlines,Aug-15,221,221,0,208,206,13,15,2015,8
Adelaide-Port Lincoln,Adelaide,Port Lincoln,All Airlines,Aug-15,325,320,5,296,288,24,32,2015,8
Adelaide-Sydney,Adelaide,Sydney,All Airlines,Aug-15,583,575,8,541,540,34,35,2015,8
Albury-Sydney,Albury,Sydney,All Airlines,Aug-15,268,267,1,227,226,40,41,2015,8
Alice Springs-Adelaide,Alice Springs,Adelaide,All Airlines,Aug-15,44,44,0,41,43,3,1,2015,8
Alice Springs-Darwin,Alice Springs,Darwin,All Airlines,Aug-15,75,75,0,72,71,3,4,2015,8
Armidale-Sydney,Armidale,Sydney,All Airlines,Aug-15,213,213,0,179,175,34,38,2015,8
Ayers Rock-Sydney,Ayers Rock,Sydney,All Airlines,Aug-15,62,61,1,46,55,15,6,2015,8
Ballina-Sydney,Ballina,Sydney,All Airlines,Aug-15,126,125,1,104,104,21,21,2015,8
Brisbane-Adelaide,Brisbane,Adelaide,All Airlines,Aug-15,277,277,0,258,247,19,30,2015,8
Brisbane-Bundaberg,Brisbane,Bundaberg,All Airlines,Aug-15,176,176,0,159,159,17,17,2015,8
Brisbane-Cairns,Brisbane,Cairns,All Airlines,Aug-15,407,407,0,382,376,25,31,2015,8
Brisbane-Canberra,Brisbane,Canberra,All Airlines,Aug-15,251,248,3,232,224,16,24,2015,8
Brisbane-Darwin,Brisbane,Darwin,All Airlines,Aug-15,131,128,3,122,114,6,14,2015,8
Brisbane-Emerald,Brisbane,Emerald,All Airlines,Aug-15,222,218,4,199,182,19,36,2015,8
Brisbane-Gladstone,Brisbane,Gladstone,All Airlines,Aug-15,355,337,18,308,309,29,28,2015,8
Brisbane-Hamilton Island,Brisbane,Hamilton Island,All Airlines,Aug-15,50,50,0,47,44,3,6,2015,8
Brisbane-Hobart,Brisbane,Hobart,All Airlines,Aug-15,61,61,0,58,55,3,6,2015,8
Brisbane-Mackay,Brisbane,Mackay,All Airlines,Aug-15,326,318,8,292,299,26,19,2015,8
Brisbane-Melbourne,Brisbane,Melbourne,All Airlines,Aug-15,1081,1060,21,981,941,79,119,2015,8
Brisbane-Moranbah,Brisbane,Moranbah,All Airlines,Aug-15,191,174,17,160,159,14,15,2015,8
Brisbane-Mount Isa,Brisbane,Mount Isa,All Airlines,Aug-15,60,60,0,58,54,2,6,2015,8
Brisbane-Newcastle,Brisbane,Newcastle,All Airlines,Aug-15,248,246,2,221,213,25,33,2015,8
Brisbane-Perth,Brisbane,Perth,All Airlines,Aug-15,243,243,0,213,197,30,46,2015,8
Brisbane-Proserpine,Brisbane,Proserpine,All Airlines,Aug-15,83,83,0,79,78,4,5,2015,8
Brisbane-Rockhampton,Brisbane,Rockhampton,All Airlines,Aug-15,405,390,15,354,347,36,43,2015,8
Brisbane-Sydney,Brisbane,Sydney,All Airlines,Aug-15,1477,1456,21,1374,1365,82,91,2015,8
Brisbane-Townsville,Brisbane,Townsville,All Airlines,Aug-15,367,366,1,349,354,17,12,2015,8
Broome-Perth,Broome,Perth,All Airlines,Aug-15,153,151,2,111,113,40,38,2015,8
Bundaberg-Brisbane,Bundaberg,Brisbane,All Airlines,Aug-15,175,175,0,162,159,13,16,2015,8
Cairns-Brisbane,Cairns,Brisbane,All Airlines,Aug-15,407,407,0,367,373,40,34,2015,8
Cairns-Melbourne,Cairns,Melbourne,All Airlines,Aug-15,229,228,1,188,193,40,35,2015,8
Cairns-Sydney,Cairns,Sydney,All Airlines,Aug-15,321,320,1,284,297,36,23,2015,8
Canberra-Adelaide,Canberra,Adelaide,All Airlines,Aug-15,73,73,0,66,68,7,5,2015,8
Canberra-Brisbane,Canberra,Brisbane,All Airlines,Aug-15,251,248,3,217,213,31,35,2015,8
Canberra-Melbourne,Canberra,Melbourne,All Airlines,Aug-15,454,439,15,402,408,37,31,2015,8
Canberra-Sydney,Canberra,Sydney,All Airlines,Aug-15,818,771,47,679,685,92,86,2015,8
Coffs Harbour-Sydney,Coffs Harbour,Sydney,All Airlines,Aug-15,227,224,3,192,195,32,29,2015,8
Darwin-Alice Springs,Darwin,Alice Springs,All Airlines,Aug-15,75,75,0,69,69,6,6,2015,8
Darwin-Brisbane,Darwin,Brisbane,All Airlines,Aug-15,130,127,3,109,112,18,15,2015,8
Darwin-Melbourne,Darwin,Melbourne,All Airlines,Aug-15,96,96,0,82,86,14,10,2015,8
Darwin-Perth,Darwin,Perth,All Airlines,Aug-15,70,70,0,58,56,12,14,2015,8
Darwin-Sydney,Darwin,Sydney,All Airlines,Aug-15,115,115,0,79,88,36,27,2015,8
Dubbo-Sydney,Dubbo,Sydney,All Airlines,Aug-15,281,280,1,242,242,38,38,2015,8
Emerald-Brisbane,Emerald,Brisbane,All Airlines,Aug-15,223,217,6,185,194,32,23,2015,8
Geraldton-Perth,Geraldton,Perth,All Airlines,Aug-15,139,138,1,127,124,11,14,2015,8
Gladstone-Brisbane,Gladstone,Brisbane,All Airlines,Aug-15,351,336,15,310,305,26,31,2015,8
Gold Coast-Adelaide,Gold Coast,Adelaide,All Airlines,Aug-15,62,62,0,60,59,2,3,2015,8
Gold Coast-Melbourne,Gold Coast,Melbourne,All Airlines,Aug-15,489,485,4,442,440,43,45,2015,8
Gold Coast-Sydney,Gold Coast,Sydney,All Airlines,Aug-15,738,730,8,664,666,66,64,2015,8
Hamilton Island-Brisbane,Hamilton Island,Brisbane,All Airlines,Aug-15,50,50,0,39,44,11,6,2015,8
Hamilton Island-Sydney,Hamilton Island,Sydney,All Airlines,Aug-15,70,70,0,55,58,15,12,2015,8
Hobart-Brisbane,Hobart,Brisbane,All Airlines,Aug-15,61,61,0,53,53,8,8,2015,8
Hobart-Melbourne,Hobart,Melbourne,All Airlines,Aug-15,472,467,5,404,406,63,61,2015,8
Hobart-Sydney,Hobart,Sydney,All Airlines,Aug-15,147,146,1,123,123,23,23,2015,8
Kalgoorlie-Perth,Kalgoorlie,Perth,All Airlines,Aug-15,142,139,3,125,127,14,12,2015,8
Karratha-Perth,Karratha,Perth,All Airlines,Aug-15,301,283,18,268,258,15,25,2015,8
Launceston-Melbourne,Launceston,Melbourne,All Airlines,Aug-15,325,317,8,278,268,39,49,2015,8
Launceston-Sydney,Launceston,Sydney,All Airlines,Aug-15,71,70,1,66,66,4,4,2015,8
Mackay-Brisbane,Mackay,Brisbane,All Airlines,Aug-15,327,319,8,295,299,24,20,2015,8
Melbourne-Adelaide,Melbourne,Adelaide,All Airlines,Aug-15,762,752,10,679,689,73,63,2015,8
Melbourne-Brisbane,Melbourne,Brisbane,All Airlines,Aug-15,1077,1055,22,949,961,106,94,2015,8
Melbourne-Cairns,Melbourne,Cairns,All Airlines,Aug-15,228,227,1,198,197,29,30,2015,8
Melbourne-Canberra,Melbourne,Canberra,All Airlines,Aug-15,456,440,16,385,385,55,55,2015,8
Melbourne-Darwin,Melbourne,Darwin,All Airlines,Aug-15,96,96,0,89,87,7,9,2015,8
Melbourne-Gold Coast,Melbourne,Gold Coast,All Airlines,Aug-15,489,486,3,436,444,50,42,2015,8
Melbourne-Hobart,Melbourne,Hobart,All Airlines,Aug-15,472,469,3,420,420,49,49,2015,8
Melbourne-Launceston,Melbourne,Launceston,All Airlines,Aug-15,325,317,8,276,266,41,51,2015,8
Melbourne-Mildura,Melbourne,Mildura,All Airlines,Aug-15,207,207,0,190,188,17,19,2015,8
Melbourne-Newcastle,Melbourne,Newcastle,All Airlines,Aug-15,138,138,0,128,129,10,9,2015,8
Melbourne-Perth,Melbourne,Perth,All Airlines,Aug-15,479,464,15,391,419,73,45,2015,8
Melbourne-Sunshine Coast,Melbourne,Sunshine Coast,All Airlines,Aug-15,120,120,0,102,107,18,13,2015,8
Melbourne-Sydney,Melbourne,Sydney,All Airlines,Aug-15,2438,2368,70,2184,2206,184,162,2015,8
Mildura-Melbourne,Mildura,Melbourne,All Airlines,Aug-15,206,204,2,186,178,18,26,2015,8
Moranbah-Brisbane,Moranbah,Brisbane,All Airlines,Aug-15,187,169,18,157,156,12,13,2015,8
Mount Isa-Brisbane,Mount Isa,Brisbane,All Airlines,Aug-15,60,60,0,53,55,7,5,2015,8
Newcastle-Brisbane,Newcastle,Brisbane,All Airlines,Aug-15,248,246,2,220,223,26,23,2015,8
Newcastle-Melbourne,Newcastle,Melbourne,All Airlines,Aug-15,138,138,0,129,126,9,12,2015,8
Newman-Perth,Newman,Perth,All Airlines,Aug-15,175,175,0,169,164,6,11,2015,8
Perth-Adelaide,Perth,Adelaide,All Airlines,Aug-15,222,222,0,207,215,15,7,2015,8
Perth-Brisbane,Perth,Brisbane,All Airlines,Aug-15,240,240,0,216,220,24,20,2015,8
Perth-Broome,Perth,Broome,All Airlines,Aug-15,153,152,1,132,130,20,22,2015,8
Perth-Darwin,Perth,Darwin,All Airlines,Aug-15,70,70,0,64,65,6,5,2015,8
Perth-Geraldton,Perth,Geraldton,All Airlines,Aug-15,135,135,0,126,123,9,12,2015,8
Perth-Kalgoorlie,Perth,Kalgoorlie,All Airlines,Aug-15,139,136,3,121,119,15,17,2015,8
Perth-Karratha,Perth,Karratha,All Airlines,Aug-15,301,286,15,268,265,18,21,2015,8
Perth-Melbourne,Perth,Melbourne,All Airlines,Aug-15,478,460,18,407,405,53,55,2015,8
Perth-Newman,Perth,Newman,All Airlines,Aug-15,175,175,0,169,171,6,4,2015,8
Perth-Port Hedland,Perth,Port Hedland,All Airlines,Aug-15,184,181,3,172,166,9,15,2015,8
Perth-Sydney,Perth,Sydney,All Airlines,Aug-15,378,376,2,329,342,47,34,2015,8
Port Hedland-Perth,Port Hedland,Perth,All Airlines,Aug-15,184,180,4,163,161,17,19,2015,8
Port Lincoln-Adelaide,Port Lincoln,Adelaide,All Airlines,Aug-15,325,319,6,290,283,29,36,2015,8
Port Macquarie-Sydney,Port Macquarie,Sydney,All Airlines,Aug-15,195,193,2,145,126,48,67,2015,8
Proserpine-Brisbane,Proserpine,Brisbane,All Airlines,Aug-15,83,83,0,75,78,8,5,2015,8
Rockhampton-Brisbane,Rockhampton,Brisbane,All Airlines,Aug-15,407,393,14,339,343,54,50,2015,8
Sunshine Coast-Melbourne,Sunshine Coast,Melbourne,All Airlines,Aug-15,120,120,0,94,98,26,22,2015,8
Sunshine Coast-Sydney,Sunshine Coast,Sydney,All Airlines,Aug-15,125,125,0,108,110,17,15,2015,8
Sydney-Adelaide,Sydney,Adelaide,All Airlines,Aug-15,580,573,7,525,518,48,55,2015,8
Sydney-Albury,Sydney,Albury,All Airlines,Aug-15,267,266,1,216,213,50,53,2015,8
Sydney-Armidale,Sydney,Armidale,All Airlines,Aug-15,209,209,0,186,180,23,29,2015,8
Sydney-Ayers Rock,Sydney,Ayers Rock,All Airlines,Aug-15,62,62,0,57,47,5,15,2015,8
Sydney-Ballina,Sydney,Ballina,All Airlines,Aug-15,128,127,1,113,114,14,13,2015,8
Sydney-Brisbane,Sydney,Brisbane,All Airlines,Aug-15,1489,1467,22,1392,1338,75,129,2015,8
Sydney-Cairns,Sydney,Cairns,All Airlines,Aug-15,320,319,1,294,288,25,31,2015,8
Sydney-Canberra,Sydney,Canberra,All Airlines,Aug-15,817,770,47,656,662,114,108,2015,8
Sydney-Coffs Harbour,Sydney,Coffs Harbour,All Airlines,Aug-15,227,224,3,193,197,31,27,2015,8
Sydney-Darwin,Sydney,Darwin,All Airlines,Aug-15,115,115,0,100,96,15,19,2015,8
Sydney-Dubbo,Sydney,Dubbo,All Airlines,Aug-15,280,279,1,222,232,57,47,2015,8
Sydney-Gold Coast,Sydney,Gold Coast,All Airlines,Aug-15,739,733,6,679,675,54,58,2015,8
Sydney-Hamilton Island,Sydney,Hamilton Island,All Airlines,Aug-15,71,71,0,66,63,5,8,2015,8
Sydney-Hobart,Sydney,Hobart,All Airlines,Aug-15,147,146,1,129,127,17,19,2015,8
Sydney-Launceston,Sydney,Launceston,All Airlines,Aug-15,71,71,0,67,67,4,4,2015,8
Sydney-Melbourne,Sydney,Melbourne,All Airlines,Aug-15,2427,2360,67,2175,2123,185,237,2015,8
Sydney-Perth,Sydney,Perth,All Airlines,Aug-15,382,380,2,336,337,44,43,2015,8
Sydney-Port Macquarie,Sydney,Port Macquarie,All Airlines,Aug-15,196,194,2,164,146,30,48,2015,8
Sydney-Sunshine Coast,Sydney,Sunshine Coast,All Airlines,Aug-15,125,125,0,111,110,14,15,2015,8
Sydney-Townsville,Sydney,Townsville,All Airlines,Aug-15,54,54,0,49,51,5,3,2015,8
Sydney-Wagga Wagga,Sydney,Wagga Wagga,All Airlines,Aug-15,254,253,1,212,221,41,32,2015,8
Townsville-Brisbane,Townsville,Brisbane,All Airlines,Aug-15,367,366,1,353,361,13,5,2015,8
Townsville-Sydney,Townsville,Sydney,All Airlines,Aug-15,54,54,0,47,50,7,4,2015,8
Wagga Wagga-Sydney,Wagga Wagga,Sydney,All Airlines,Aug-15,253,252,1,220,219,32,33,2015,8
Adelaide-Alice Springs,Adelaide,Alice Springs,All Airlines,Sep-15,43,43,0,41,43,2,0,2015,9
Adelaide-Brisbane,Adelaide,Brisbane,All Airlines,Sep-15,272,270,2,258,258,12,12,2015,9
Adelaide-Canberra,Adelaide,Canberra,All Airlines,Sep-15,74,74,0,72,70,2,4,2015,9
Adelaide-Gold Coast,Adelaide,Gold Coast,All Airlines,Sep-15,72,72,0,69,69,3,3,2015,9
Adelaide-Melbourne,Adelaide,Melbourne,All Airlines,Sep-15,763,750,13,689,699,61,51,2015,9
Adelaide-Perth,Adelaide,Perth,All Airlines,Sep-15,219,219,0,204,212,15,7,2015,9
Adelaide-Port Lincoln,Adelaide,Port Lincoln,All Airlines,Sep-15,315,314,1,297,290,17,24,2015,9
Adelaide-Sydney,Adelaide,Sydney,All Airlines,Sep-15,600,594,6,555,538,39,56,2015,9
Albury-Sydney,Albury,Sydney,All Airlines,Sep-15,262,260,2,234,231,26,29,2015,9
Alice Springs-Adelaide,Alice Springs,Adelaide,All Airlines,Sep-15,43,42,1,40,41,2,1,2015,9
Alice Springs-Darwin,Alice Springs,Darwin,All Airlines,Sep-15,73,73,0,69,71,4,2,2015,9
Armidale-Sydney,Armidale,Sydney,All Airlines,Sep-15,212,208,4,176,173,32,35,2015,9
Ayers Rock-Sydney,Ayers Rock,Sydney,All Airlines,Sep-15,60,60,0,50,55,10,5,2015,9
Ballina-Sydney,Ballina,Sydney,All Airlines,Sep-15,139,137,2,107,110,30,27,2015,9
Brisbane-Adelaide,Brisbane,Adelaide,All Airlines,Sep-15,272,271,1,254,255,17,16,2015,9
Brisbane-Bundaberg,Brisbane,Bundaberg,All Airlines,Sep-15,172,168,4,144,148,24,20,2015,9
Brisbane-Cairns,Brisbane,Cairns,All Airlines,Sep-15,414,412,2,363,358,49,54,2015,9
Brisbane-Canberra,Brisbane,Canberra,All Airlines,Sep-15,247,246,1,218,224,28,22,2015,9
Brisbane-Darwin,Brisbane,Darwin,All Airlines,Sep-15,125,125,0,108,107,17,18,2015,9
Brisbane-Emerald,Brisbane,Emerald,All Airlines,Sep-15,219,212,7,184,172,28,40,2015,9
Brisbane-Gladstone,Brisbane,Gladstone,All Airlines,Sep-15,331,306,25,269,266,37,40,2015,9
Brisbane-Hamilton Island,Brisbane,Hamilton Island,All Airlines,Sep-15,55,55,0,52,51,3,4,2015,9
Brisbane-Hobart,Brisbane,Hobart,All Airlines,Sep-15,60,60,0,52,54,8,6,2015,9
Brisbane-Mackay,Brisbane,Mackay,All Airlines,Sep-15,304,304,0,273,280,31,24,2015,9
Brisbane-Melbourne,Brisbane,Melbourne,All Airlines,Sep-15,1096,1080,16,954,940,126,140,2015,9
Brisbane-Moranbah,Brisbane,Moranbah,All Airlines,Sep-15,196,179,17,157,156,22,23,2015,9
Brisbane-Mount Isa,Brisbane,Mount Isa,All Airlines,Sep-15,62,62,0,61,58,1,4,2015,9
Brisbane-Newcastle,Brisbane,Newcastle,All Airlines,Sep-15,248,246,2,225,220,21,26,2015,9
Brisbane-Perth,Brisbane,Perth,All Airlines,Sep-15,237,237,0,193,212,44,25,2015,9
Brisbane-Proserpine,Brisbane,Proserpine,All Airlines,Sep-15,82,81,1,80,80,1,1,2015,9
Brisbane-Rockhampton,Brisbane,Rockhampton,All Airlines,Sep-15,394,373,21,322,326,51,47,2015,9
Brisbane-Sydney,Brisbane,Sydney,All Airlines,Sep-15,1467,1436,31,1291,1276,145,160,2015,9
Brisbane-Townsville,Brisbane,Townsville,All Airlines,Sep-15,347,347,0,301,303,46,44,2015,9
Broome-Perth,Broome,Perth,All Airlines,Sep-15,149,149,0,118,121,31,28,2015,9
Bundaberg-Brisbane,Bundaberg,Brisbane,All Airlines,Sep-15,173,170,3,149,143,21,27,2015,9
Cairns-Brisbane,Cairns,Brisbane,All Airlines,Sep-15,407,406,1,351,357,55,49,2015,9
Cairns-Melbourne,Cairns,Melbourne,All Airlines,Sep-15,219,218,1,191,193,27,25,2015,9
Cairns-Sydney,Cairns,Sydney,All Airlines,Sep-15,324,321,3,278,289,43,32,2015,9
Cairns-Townsville,Cairns,Townsville,All Airlines,Sep-15,215,210,5,196,195,14,15,2015,9
Canberra-Adelaide,Canberra,Adelaide,All Airlines,Sep-15,74,74,0,71,72,3,2,2015,9
Canberra-Brisbane,Canberra,Brisbane,All Airlines,Sep-15,247,245,2,201,203,44,42,2015,9
Canberra-Melbourne,Canberra,Melbourne,All Airlines,Sep-15,451,442,9,409,413,33,29,2015,9
Canberra-Sydney,Canberra,Sydney,All Airlines,Sep-15,805,755,50,694,688,61,67,2015,9
Coffs Harbour-Sydney,Coffs Harbour,Sydney,All Airlines,Sep-15,222,218,4,185,190,33,28,2015,9
Darwin-Alice Springs,Darwin,Alice Springs,All Airlines,Sep-15,73,73,0,72,71,1,2,2015,9
Darwin-Brisbane,Darwin,Brisbane,All Airlines,Sep-15,125,123,2,99,101,24,22,2015,9
Darwin-Melbourne,Darwin,Melbourne,All Airlines,Sep-15,92,92,0,76,79,16,13,2015,9
Darwin-Perth,Darwin,Perth,All Airlines,Sep-15,69,69,0,66,65,3,4,2015,9
Darwin-Sydney,Darwin,Sydney,All Airlines,Sep-15,108,108,0,82,83,26,25,2015,9
Dubbo-Sydney,Dubbo,Sydney,All Airlines,Sep-15,281,281,0,246,240,35,41,2015,9
Emerald-Brisbane,Emerald,Brisbane,All Airlines,Sep-15,219,212,7,182,179,30,33,2015,9
Geraldton-Perth,Geraldton,Perth,All Airlines,Sep-15,133,132,1,116,117,16,15,2015,9
Gladstone-Brisbane,Gladstone,Brisbane,All Airlines,Sep-15,333,306,27,265,269,41,37,2015,9
Gold Coast-Adelaide,Gold Coast,Adelaide,All Airlines,Sep-15,72,72,0,66,61,6,11,2015,9
Gold Coast-Melbourne,Gold Coast,Melbourne,All Airlines,Sep-15,532,530,2,440,448,90,82,2015,9
Gold Coast-Sydney,Gold Coast,Sydney,All Airlines,Sep-15,802,792,10,672,677,120,115,2015,9
Hamilton Island-Brisbane,Hamilton Island,Brisbane,All Airlines,Sep-15,55,55,0,47,49,8,6,2015,9
Hamilton Island-Melbourne,Hamilton Island,Melbourne,All Airlines,Sep-15,30,30,0,25,27,5,3,2015,9
Hamilton Island-Sydney,Hamilton Island,Sydney,All Airlines,Sep-15,75,74,1,54,56,20,18,2015,9
Hobart-Brisbane,Hobart,Brisbane,All Airlines,Sep-15,60,60,0,48,50,12,10,2015,9
Hobart-Melbourne,Hobart,Melbourne,All Airlines,Sep-15,454,452,2,390,384,62,68,2015,9
Hobart-Sydney,Hobart,Sydney,All Airlines,Sep-15,163,162,1,134,138,28,24,2015,9
Kalgoorlie-Perth,Kalgoorlie,Perth,All Airlines,Sep-15,138,138,0,126,128,12,10,2015,9
Karratha-Perth,Karratha,Perth,All Airlines,Sep-15,303,293,10,279,280,14,13,2015,9
Launceston-Melbourne,Launceston,Melbourne,All Airlines,Sep-15,325,318,7,283,277,35,41,2015,9
Launceston-Sydney,Launceston,Sydney,All Airlines,Sep-15,71,71,0,65,64,6,7,2015,9
Mackay-Brisbane,Mackay,Brisbane,All Airlines,Sep-15,305,304,1,276,286,28,18,2015,9
Melbourne-Adelaide,Melbourne,Adelaide,All Airlines,Sep-15,763,749,14,686,699,63,50,2015,9
Melbourne-Brisbane,Melbourne,Brisbane,All Airlines,Sep-15,1088,1066,22,922,930,144,136,2015,9
Melbourne-Cairns,Melbourne,Cairns,All Airlines,Sep-15,220,219,1,190,202,29,17,2015,9
Melbourne-Canberra,Melbourne,Canberra,All Airlines,Sep-15,451,443,8,407,402,36,41,2015,9
Melbourne-Darwin,Melbourne,Darwin,All Airlines,Sep-15,92,92,0,78,80,14,12,2015,9
Melbourne-Gold Coast,Melbourne,Gold Coast,All Airlines,Sep-15,533,532,1,447,447,85,85,2015,9
Melbourne-Hamilton Island,Melbourne,Hamilton Island,All Airlines,Sep-15,30,30,0,27,29,3,1,2015,9
Melbourne-Hobart,Melbourne,Hobart,All Airlines,Sep-15,454,453,1,394,392,59,61,2015,9
Melbourne-Launceston,Melbourne,Launceston,All Airlines,Sep-15,325,318,7,279,275,39,43,2015,9
Melbourne-Mildura,Melbourne,Mildura,All Airlines,Sep-15,202,202,0,190,185,12,17,2015,9
Melbourne-Newcastle,Melbourne,Newcastle,All Airlines,Sep-15,133,133,0,119,118,14,15,2015,9
Melbourne-Perth,Melbourne,Perth,All Airlines,Sep-15,501,494,7,427,455,67,39,2015,9
Melbourne-Sunshine Coast,Melbourne,Sunshine Coast,All Airlines,Sep-15,127,127,0,96,105,31,22,2015,9
Melbourne-Sydney,Melbourne,Sydney,All Airlines,Sep-15,2382,2288,94,2085,2051,203,237,2015,9
Mildura-Melbourne,Mildura,Melbourne,All Airlines,Sep-15,202,202,0,184,173,18,29,2015,9
Moranbah-Brisbane,Moranbah,Brisbane,All Airlines,Sep-15,191,174,17,150,156,24,18,2015,9
Mount Isa-Brisbane,Mount Isa,Brisbane,All Airlines,Sep-15,62,62,0,56,59,6,3,2015,9
Newcastle-Brisbane,Newcastle,Brisbane,All Airlines,Sep-15,249,246,3,218,218,28,28,2015,9
Newcastle-Melbourne,Newcastle,Melbourne,All Airlines,Sep-15,133,132,1,120,118,12,14,2015,9
Newman-Perth,Newman,Perth,All Airlines,Sep-15,178,178,0,168,169,10,9,2015,9
Perth-Adelaide,Perth,Adelaide,All Airlines,Sep-15,223,223,0,210,210,13,13,2015,9
Perth-Brisbane,Perth,Brisbane,All Airlines,Sep-15,237,237,0,213,209,24,28,2015,9
Perth-Broome,Perth,Broome,All Airlines,Sep-15,150,150,0,135,132,15,18,2015,9
Perth-Darwin,Perth,Darwin,All Airlines,Sep-15,69,69,0,60,63,9,6,2015,9
Perth-Geraldton,Perth,Geraldton,All Airlines,Sep-15,130,130,0,115,116,15,14,2015,9
Perth-Kalgoorlie,Perth,Kalgoorlie,All Airlines,Sep-15,138,138,0,128,127,10,11,2015,9
Perth-Karratha,Perth,Karratha,All Airlines,Sep-15,303,294,9,282,272,12,22,2015,9
Perth-Melbourne,Perth,Melbourne,All Airlines,Sep-15,500,492,8,436,426,56,66,2015,9
Perth-Newman,Perth,Newman,All Airlines,Sep-15,178,177,1,165,167,12,10,2015,9
Perth-Port Hedland,Perth,Port Hedland,All Airlines,Sep-15,183,182,1,174,164,8,18,2015,9
Perth-Sydney,Perth,Sydney,All Airlines,Sep-15,371,366,5,329,307,37,59,2015,9
Port Hedland-Perth,Port Hedland,Perth,All Airlines,Sep-15,183,182,1,174,174,8,8,2015,9
Port Lincoln-Adelaide,Port Lincoln,Adelaide,All Airlines,Sep-15,315,313,2,295,292,18,21,2015,9
Port Macquarie-Sydney,Port Macquarie,Sydney,All Airlines,Sep-15,194,187,7,137,126,50,61,2015,9
Proserpine-Brisbane,Proserpine,Brisbane,All Airlines,Sep-15,82,80,2,75,75,5,5,2015,9
Rockhampton-Brisbane,Rockhampton,Brisbane,All Airlines,Sep-15,388,373,15,332,333,41,40,2015,9
Sunshine Coast-Melbourne,Sunshine Coast,Melbourne,All Airlines,Sep-15,127,126,1,90,95,36,31,2015,9
Sunshine Coast-Sydney,Sunshine Coast,Sydney,All Airlines,Sep-15,155,154,1,126,130,28,24,2015,9
Sydney-Adelaide,Sydney,Adelaide,All Airlines,Sep-15,596,590,6,541,554,49,36,2015,9
Sydney-Albury,Sydney,Albury,All Airlines,Sep-15,262,261,1,216,224,45,37,2015,9
Sydney-Armidale,Sydney,Armidale,All Airlines,Sep-15,210,206,4,171,174,35,32,2015,9
Sydney-Ayers Rock,Sydney,Ayers Rock,All Airlines,Sep-15,60,60,0,55,48,5,12,2015,9
Sydney-Ballina,Sydney,Ballina,All Airlines,Sep-15,143,142,1,124,122,18,20,2015,9
Sydney-Brisbane,Sydney,Brisbane,All Airlines,Sep-15,1474,1449,25,1298,1261,151,188,2015,9
Sydney-Cairns,Sydney,Cairns,All Airlines,Sep-15,323,321,2,280,275,41,46,2015,9
Sydney-Canberra,Sydney,Canberra,All Airlines,Sep-15,804,754,50,656,675,98,79,2015,9
Sydney-Coffs Harbour,Sydney,Coffs Harbour,All Airlines,Sep-15,222,219,3,192,197,27,22,2015,9
Sydney-Darwin,Sydney,Darwin,All Airlines,Sep-15,108,108,0,91,93,17,15,2015,9
Sydney-Dubbo,Sydney,Dubbo,All Airlines,Sep-15,280,280,0,231,241,49,39,2015,9
Sydney-Gold Coast,Sydney,Gold Coast,All Airlines,Sep-15,802,794,8,684,680,110,114,2015,9
Sydney-Hamilton Island,Sydney,Hamilton Island,All Airlines,Sep-15,75,75,0,62,61,13,14,2015,9
Sydney-Hobart,Sydney,Hobart,All Airlines,Sep-15,163,162,1,145,141,17,21,2015,9
Sydney-Launceston,Sydney,Launceston,All Airlines,Sep-15,71,71,0,58,64,13,7,2015,9
Sydney-Melbourne,Sydney,Melbourne,All Airlines,Sep-15,2374,2277,97,2032,2034,245,243,2015,9
Sydney-Perth,Sydney,Perth,All Airlines,Sep-15,375,373,2,311,337,62,36,2015,9
Sydney-Port Macquarie,Sydney,Port Macquarie,All Airlines,Sep-15,195,190,5,156,137,34,53,2015,9
Sydney-Sunshine Coast,Sydney,Sunshine Coast,All Airlines,Sep-15,156,156,0,133,138,23,18,2015,9
Sydney-Tamworth,Sydney,Tamworth,All Airlines,Sep-15,181,177,4,148,154,29,23,2015,9
Sydney-Townsville,Sydney,Townsville,All Airlines,Sep-15,52,52,0,45,46,7,6,2015,9
Sydney-Wagga Wagga,Sydney,Wagga Wagga,All Airlines,Sep-15,250,250,0,208,209,42,41,2015,9
Tamworth-Sydney,Tamworth,Sydney,All Airlines,Sep-15,181,178,3,142,147,36,31,2015,9
Townsville-Brisbane,Townsville,Brisbane,All Airlines,Sep-15,347,347,0,301,311,46,36,2015,9
Townsville-Cairns,Townsville,Cairns,All Airlines,Sep-15,215,209,6,200,198,9,11,2015,9
Townsville-Sydney,Townsville,Sydney,All Airlines,Sep-15,52,52,0,43,46,9,6,2015,9
Wagga Wagga-Sydney,Wagga Wagga,Sydney,All Airlines,Sep-15,251,251,0,212,212,39,39,2015,9
Adelaide-Alice Springs,Adelaide,Alice Springs,All Airlines,Oct-15,44,44,0,41,42,3,2,2015,10
Adelaide-Brisbane,Adelaide,Brisbane,All Airlines,Oct-15,281,281,0,258,255,23,26,2015,10
Adelaide-Canberra,Adelaide,Canberra,All Airlines,Oct-15,74,74,0,68,70,6,4,2015,10
Adelaide-Gold Coast,Adelaide,Gold Coast,All Airlines,Oct-15,66,66,0,57,58,9,8,2015,10
Adelaide-Melbourne,Adelaide,Melbourne,All Airlines,Oct-15,782,776,6,686,693,90,83,2015,10
Adelaide-Perth,Adelaide,Perth,All Airlines,Oct-15,223,221,2,201,203,20,18,2015,10
Adelaide-Port Lincoln,Adelaide,Port Lincoln,All Airlines,Oct-15,323,321,2,303,301,18,20,2015,10
Adelaide-Sydney,Adelaide,Sydney,All Airlines,Oct-15,611,609,2,567,554,42,55,2015,10
Albury-Sydney,Albury,Sydney,All Airlines,Oct-15,266,265,1,240,234,25,31,2015,10
Alice Springs-Adelaide,Alice Springs,Adelaide,All Airlines,Oct-15,44,44,0,40,40,4,4,2015,10
Alice Springs-Darwin,Alice Springs,Darwin,All Airlines,Oct-15,72,72,0,65,67,7,5,2015,10
Armidale-Sydney,Armidale,Sydney,All Airlines,Oct-15,214,211,3,183,171,28,40,2015,10
Ayers Rock-Sydney,Ayers Rock,Sydney,All Airlines,Oct-15,59,59,0,55,55,4,4,2015,10
Ballina-Sydney,Ballina,Sydney,All Airlines,Oct-15,131,131,0,108,112,23,19,2015,10
Brisbane-Adelaide,Brisbane,Adelaide,All Airlines,Oct-15,281,281,0,252,266,29,15,2015,10
Brisbane-Bundaberg,Brisbane,Bundaberg,All Airlines,Oct-15,175,175,0,158,160,17,15,2015,10
Brisbane-Cairns,Brisbane,Cairns,All Airlines,Oct-15,398,398,0,337,348,61,50,2015,10
Brisbane-Canberra,Brisbane,Canberra,All Airlines,Oct-15,250,250,0,226,227,24,23,2015,10
Brisbane-Darwin,Brisbane,Darwin,All Airlines,Oct-15,122,122,0,110,105,12,17,2015,10
Brisbane-Emerald,Brisbane,Emerald,All Airlines,Oct-15,223,215,8,191,188,24,27,2015,10
Brisbane-Gladstone,Brisbane,Gladstone,All Airlines,Oct-15,342,337,5,308,309,29,28,2015,10
Brisbane-Hamilton Island,Brisbane,Hamilton Island,All Airlines,Oct-15,58,58,0,52,51,6,7,2015,10
Brisbane-Hobart,Brisbane,Hobart,All Airlines,Oct-15,62,62,0,53,57,9,5,2015,10
Brisbane-Mackay,Brisbane,Mackay,All Airlines,Oct-15,314,312,2,274,281,38,31,2015,10
Brisbane-Melbourne,Brisbane,Melbourne,All Airlines,Oct-15,1101,1090,11,953,961,137,129,2015,10
Brisbane-Moranbah,Brisbane,Moranbah,All Airlines,Oct-15,191,179,12,166,170,13,9,2015,10
Brisbane-Mount Isa,Brisbane,Mount Isa,All Airlines,Oct-15,60,60,0,56,57,4,3,2015,10
Brisbane-Newcastle,Brisbane,Newcastle,All Airlines,Oct-15,253,253,0,227,229,26,24,2015,10
Brisbane-Perth,Brisbane,Perth,All Airlines,Oct-15,252,252,0,212,241,40,11,2015,10
Brisbane-Proserpine,Brisbane,Proserpine,All Airlines,Oct-15,83,83,0,75,77,8,6,2015,10
Brisbane-Rockhampton,Brisbane,Rockhampton,All Airlines,Oct-15,393,389,4,351,355,38,34,2015,10
Brisbane-Sydney,Brisbane,Sydney,All Airlines,Oct-15,1469,1439,30,1280,1271,159,168,2015,10
Brisbane-Townsville,Brisbane,Townsville,All Airlines,Oct-15,350,348,2,309,313,39,35,2015,10
Broome-Perth,Broome,Perth,All Airlines,Oct-15,149,146,3,116,116,30,30,2015,10
Bundaberg-Brisbane,Bundaberg,Brisbane,All Airlines,Oct-15,175,175,0,158,151,17,24,2015,10
Cairns-Brisbane,Cairns,Brisbane,All Airlines,Oct-15,399,399,0,355,348,44,51,2015,10
Cairns-Melbourne,Cairns,Melbourne,All Airlines,Oct-15,223,222,1,169,175,53,47,2015,10
Cairns-Sydney,Cairns,Sydney,All Airlines,Oct-15,319,317,2,282,287,35,30,2015,10
Cairns-Townsville,Cairns,Townsville,All Airlines,Oct-15,211,209,2,198,196,11,13,2015,10
Canberra-Adelaide,Canberra,Adelaide,All Airlines,Oct-15,74,74,0,70,72,4,2,2015,10
Canberra-Brisbane,Canberra,Brisbane,All Airlines,Oct-15,250,249,1,220,220,29,29,2015,10
Canberra-Melbourne,Canberra,Melbourne,All Airlines,Oct-15,468,458,10,410,399,48,59,2015,10
Canberra-Sydney,Canberra,Sydney,All Airlines,Oct-15,819,781,38,700,690,81,91,2015,10
Coffs Harbour-Sydney,Coffs Harbour,Sydney,All Airlines,Oct-15,230,229,1,201,198,28,31,2015,10
Darwin-Alice Springs,Darwin,Alice Springs,All Airlines,Oct-15,72,72,0,69,69,3,3,2015,10
Darwin-Brisbane,Darwin,Brisbane,All Airlines,Oct-15,122,120,2,103,103,17,17,2015,10
Darwin-Melbourne,Darwin,Melbourne,All Airlines,Oct-15,90,90,0,75,79,15,11,2015,10
Darwin-Perth,Darwin,Perth,All Airlines,Oct-15,72,72,0,68,66,4,6,2015,10
Darwin-Sydney,Darwin,Sydney,All Airlines,Oct-15,110,110,0,96,94,14,16,2015,10
Dubbo-Sydney,Dubbo,Sydney,All Airlines,Oct-15,278,276,2,244,233,32,43,2015,10
Emerald-Brisbane,Emerald,Brisbane,All Airlines,Oct-15,223,215,8,190,188,25,27,2015,10
Geraldton-Perth,Geraldton,Perth,All Airlines,Oct-15,138,138,0,126,127,12,11,2015,10
Gladstone-Brisbane,Gladstone,Brisbane,All Airlines,Oct-15,343,337,6,310,298,27,39,2015,10
Gold Coast-Adelaide,Gold Coast,Adelaide,All Airlines,Oct-15,67,67,0,58,61,9,6,2015,10
Gold Coast-Melbourne,Gold Coast,Melbourne,All Airlines,Oct-15,527,523,4,424,454,99,69,2015,10
Gold Coast-Sydney,Gold Coast,Sydney,All Airlines,Oct-15,817,803,14,680,688,123,115,2015,10
Hamilton Island-Brisbane,Hamilton Island,Brisbane,All Airlines,Oct-15,58,58,0,44,52,14,6,2015,10
Hamilton Island-Melbourne,Hamilton Island,Melbourne,All Airlines,Oct-15,33,33,0,27,30,6,3,2015,10
Hamilton Island-Sydney,Hamilton Island,Sydney,All Airlines,Oct-15,75,73,2,53,56,20,17,2015,10
Hobart-Brisbane,Hobart,Brisbane,All Airlines,Oct-15,62,62,0,49,50,13,12,2015,10
Hobart-Melbourne,Hobart,Melbourne,All Airlines,Oct-15,487,484,3,367,358,117,126,2015,10
Hobart-Sydney,Hobart,Sydney,All Airlines,Oct-15,169,169,0,143,139,26,30,2015,10
Kalgoorlie-Perth,Kalgoorlie,Perth,All Airlines,Oct-15,140,140,0,131,132,9,8,2015,10
Karratha-Perth,Karratha,Perth,All Airlines,Oct-15,305,294,11,274,269,20,25,2015,10
Launceston-Melbourne,Launceston,Melbourne,All Airlines,Oct-15,345,339,6,270,261,69,78,2015,10
Launceston-Sydney,Launceston,Sydney,All Airlines,Oct-15,82,82,0,66,70,16,12,2015,10
Mackay-Brisbane,Mackay,Brisbane,All Airlines,Oct-15,315,313,2,274,283,39,30,2015,10
Melbourne-Adelaide,Melbourne,Adelaide,All Airlines,Oct-15,778,773,5,673,681,100,92,2015,10
Melbourne-Brisbane,Melbourne,Brisbane,All Airlines,Oct-15,1092,1079,13,938,899,141,180,2015,10
Melbourne-Cairns,Melbourne,Cairns,All Airlines,Oct-15,222,221,1,176,180,45,41,2015,10
Melbourne-Canberra,Melbourne,Canberra,All Airlines,Oct-15,467,457,10,407,396,50,61,2015,10
Melbourne-Darwin,Melbourne,Darwin,All Airlines,Oct-15,90,90,0,78,79,12,11,2015,10
Melbourne-Gold Coast,Melbourne,Gold Coast,All Airlines,Oct-15,527,523,4,429,415,94,108,2015,10
Melbourne-Hamilton Island,Melbourne,Hamilton Island,All Airlines,Oct-15,33,33,0,29,32,4,1,2015,10
Melbourne-Hobart,Melbourne,Hobart,All Airlines,Oct-15,487,486,1,372,379,114,107,2015,10
Melbourne-Launceston,Melbourne,Launceston,All Airlines,Oct-15,345,340,5,275,269,65,71,2015,10
Melbourne-Mildura,Melbourne,Mildura,All Airlines,Oct-15,210,210,0,188,179,22,31,2015,10
Melbourne-Newcastle,Melbourne,Newcastle,All Airlines,Oct-15,135,134,1,101,105,33,29,2015,10
Melbourne-Perth,Melbourne,Perth,All Airlines,Oct-15,537,527,10,441,473,86,54,2015,10
Melbourne-Sunshine Coast,Melbourne,Sunshine Coast,All Airlines,Oct-15,128,128,0,98,98,30,30,2015,10
Melbourne-Sydney,Melbourne,Sydney,All Airlines,Oct-15,2429,2352,77,1989,1943,363,409,2015,10
Mildura-Melbourne,Mildura,Melbourne,All Airlines,Oct-15,210,209,1,183,178,26,31,2015,10
Moranbah-Brisbane,Moranbah,Brisbane,All Airlines,Oct-15,187,175,12,162,159,13,16,2015,10
Mount Isa-Brisbane,Mount Isa,Brisbane,All Airlines,Oct-15,60,59,1,54,55,5,4,2015,10
Newcastle-Brisbane,Newcastle,Brisbane,All Airlines,Oct-15,254,254,0,226,228,28,26,2015,10
Newcastle-Melbourne,Newcastle,Melbourne,All Airlines,Oct-15,136,135,1,104,102,31,33,2015,10
Newman-Perth,Newman,Perth,All Airlines,Oct-15,187,185,2,177,175,8,10,2015,10
Perth-Adelaide,Perth,Adelaide,All Airlines,Oct-15,231,229,2,212,213,17,16,2015,10
Perth-Brisbane,Perth,Brisbane,All Airlines,Oct-15,255,254,1,231,206,23,48,2015,10
Perth-Broome,Perth,Broome,All Airlines,Oct-15,149,148,1,135,128,13,20,2015,10
Perth-Darwin,Perth,Darwin,All Airlines,Oct-15,72,72,0,66,68,6,4,2015,10
Perth-Geraldton,Perth,Geraldton,All Airlines,Oct-15,132,132,0,118,116,14,16,2015,10
Perth-Kalgoorlie,Perth,Kalgoorlie,All Airlines,Oct-15,142,142,0,134,134,8,8,2015,10
Perth-Karratha,Perth,Karratha,All Airlines,Oct-15,307,297,10,279,276,18,21,2015,10
Perth-Melbourne,Perth,Melbourne,All Airlines,Oct-15,537,526,11,480,476,46,50,2015,10
Perth-Newman,Perth,Newman,All Airlines,Oct-15,187,184,3,179,176,5,8,2015,10
Perth-Port Hedland,Perth,Port Hedland,All Airlines,Oct-15,185,184,1,177,168,7,16,2015,10
Perth-Sydney,Perth,Sydney,All Airlines,Oct-15,386,385,1,353,333,32,52,2015,10
Port Hedland-Perth,Port Hedland,Perth,All Airlines,Oct-15,185,184,1,173,172,11,12,2015,10
Port Lincoln-Adelaide,Port Lincoln,Adelaide,All Airlines,Oct-15,324,321,3,306,305,15,16,2015,10
Port Macquarie-Sydney,Port Macquarie,Sydney,All Airlines,Oct-15,198,196,2,141,123,55,73,2015,10
Proserpine-Brisbane,Proserpine,Brisbane,All Airlines,Oct-15,83,83,0,71,74,12,9,2015,10
Rockhampton-Brisbane,Rockhampton,Brisbane,All Airlines,Oct-15,395,388,7,355,345,33,43,2015,10
Sunshine Coast-Melbourne,Sunshine Coast,Melbourne,All Airlines,Oct-15,129,129,0,87,96,42,33,2015,10
Sunshine Coast-Sydney,Sunshine Coast,Sydney,All Airlines,Oct-15,149,147,2,119,129,28,18,2015,10
Sydney-Adelaide,Sydney,Adelaide,All Airlines,Oct-15,602,600,2,508,528,92,72,2015,10
Sydney-Albury,Sydney,Albury,All Airlines,Oct-15,266,265,1,227,226,38,39,2015,10
Sydney-Armidale,Sydney,Armidale,All Airlines,Oct-15,211,209,2,180,172,29,37,2015,10
Sydney-Ayers Rock,Sydney,Ayers Rock,All Airlines,Oct-15,60,60,0,54,58,6,2,2015,10
Sydney-Ballina,Sydney,Ballina,All Airlines,Oct-15,132,132,0,114,113,18,19,2015,10
Sydney-Brisbane,Sydney,Brisbane,All Airlines,Oct-15,1469,1436,33,1267,1195,169,241,2015,10
Sydney-Cairns,Sydney,Cairns,All Airlines,Oct-15,318,316,2,276,289,40,27,2015,10
Sydney-Canberra,Sydney,Canberra,All Airlines,Oct-15,821,784,37,669,667,115,117,2015,10
Sydney-Coffs Harbour,Sydney,Coffs Harbour,All Airlines,Oct-15,230,230,0,200,199,30,31,2015,10
Sydney-Darwin,Sydney,Darwin,All Airlines,Oct-15,109,109,0,97,101,12,8,2015,10
Sydney-Dubbo,Sydney,Dubbo,All Airlines,Oct-15,280,279,1,235,237,44,42,2015,10
Sydney-Gold Coast,Sydney,Gold Coast,All Airlines,Oct-15,817,804,13,690,686,114,118,2015,10
Sydney-Hamilton Island,Sydney,Hamilton Island,All Airlines,Oct-15,75,75,0,65,67,10,8,2015,10
Sydney-Hobart,Sydney,Hobart,All Airlines,Oct-15,170,170,0,154,152,16,18,2015,10
Sydney-Launceston,Sydney,Launceston,All Airlines,Oct-15,82,82,0,72,70,10,12,2015,10
Sydney-Melbourne,Sydney,Melbourne,All Airlines,Oct-15,2426,2351,75,1995,1922,356,429,2015,10
Sydney-Perth,Sydney,Perth,All Airlines,Oct-15,383,383,0,340,360,43,23,2015,10
Sydney-Port Macquarie,Sydney,Port Macquarie,All Airlines,Oct-15,200,199,1,165,141,34,58,2015,10
Sydney-Sunshine Coast,Sydney,Sunshine Coast,All Airlines,Oct-15,150,149,1,131,133,18,16,2015,10
Sydney-Tamworth,Sydney,Tamworth,All Airlines,Oct-15,185,181,4,155,155,26,26,2015,10
Sydney-Townsville,Sydney,Townsville,All Airlines,Oct-15,58,58,0,52,55,6,3,2015,10
Sydney-Wagga Wagga,Sydney,Wagga Wagga,All Airlines,Oct-15,251,251,0,222,219,29,32,2015,10
Tamworth-Sydney,Tamworth,Sydney,All Airlines,Oct-15,186,181,5,157,147,24,34,2015,10
Townsville-Brisbane,Townsville,Brisbane,All Airlines,Oct-15,350,347,3,317,324,30,23,2015,10
Townsville-Cairns,Townsville,Cairns,All Airlines,Oct-15,213,211,2,203,203,8,8,2015,10
Townsville-Sydney,Townsville,Sydney,All Airlines,Oct-15,58,58,0,53,49,5,9,2015,10
Wagga Wagga-Sydney,Wagga Wagga,Sydney,All Airlines,Oct-15,251,251,0,222,213,29,38,2015,10
Adelaide-Alice Springs,Adelaide,Alice Springs,All Airlines,Nov-15,43,43,0,37,36,6,7,2015,11
Adelaide-Brisbane,Adelaide,Brisbane,All Airlines,Nov-15,291,291,0,264,264,27,27,2015,11
Adelaide-Canberra,Adelaide,Canberra,All Airlines,Nov-15,73,73,0,70,71,3,2,2015,11
Adelaide-Gold Coast,Adelaide,Gold Coast,All Airlines,Nov-15,60,60,0,53,51,7,9,2015,11
Adelaide-Melbourne,Adelaide,Melbourne,All Airlines,Nov-15,741,735,6,647,640,88,95,2015,11
Adelaide-Perth,Adelaide,Perth,All Airlines,Nov-15,223,223,0,201,203,22,20,2015,11
Adelaide-Port Lincoln,Adelaide,Port Lincoln,All Airlines,Nov-15,315,314,1,284,284,30,30,2015,11
Adelaide-Sydney,Adelaide,Sydney,All Airlines,Nov-15,576,568,8,498,505,70,63,2015,11
Albury-Sydney,Albury,Sydney,All Airlines,Nov-15,255,254,1,220,214,34,40,2015,11
Alice Springs-Adelaide,Alice Springs,Adelaide,All Airlines,Nov-15,43,43,0,36,36,7,7,2015,11
Alice Springs-Darwin,Alice Springs,Darwin,All Airlines,Nov-15,65,65,0,58,61,7,4,2015,11
Armidale-Sydney,Armidale,Sydney,All Airlines,Nov-15,203,198,5,140,132,58,66,2015,11
Ayers Rock-Sydney,Ayers Rock,Sydney,All Airlines,Nov-15,52,50,2,38,41,12,9,2015,11
Ballina-Sydney,Ballina,Sydney,All Airlines,Nov-15,115,114,1,85,90,29,24,2015,11
Brisbane-Adelaide,Brisbane,Adelaide,All Airlines,Nov-15,295,295,0,271,270,24,25,2015,11
Brisbane-Bundaberg,Brisbane,Bundaberg,All Airlines,Nov-15,172,172,0,159,158,13,14,2015,11
Brisbane-Cairns,Brisbane,Cairns,All Airlines,Nov-15,373,372,1,321,335,51,37,2015,11
Brisbane-Canberra,Brisbane,Canberra,All Airlines,Nov-15,241,240,1,218,221,22,19,2015,11
Brisbane-Darwin,Brisbane,Darwin,All Airlines,Nov-15,117,117,0,99,90,18,27,2015,11
Brisbane-Emerald,Brisbane,Emerald,All Airlines,Nov-15,218,211,7,184,177,27,34,2015,11
Brisbane-Gladstone,Brisbane,Gladstone,All Airlines,Nov-15,348,339,9,309,305,30,34,2015,11
Brisbane-Hamilton Island,Brisbane,Hamilton Island,All Airlines,Nov-15,56,56,0,53,53,3,3,2015,11
Brisbane-Hobart,Brisbane,Hobart,All Airlines,Nov-15,60,60,0,55,54,5,6,2015,11
Brisbane-Mackay,Brisbane,Mackay,All Airlines,Nov-15,309,305,4,262,272,43,33,2015,11
Brisbane-Melbourne,Brisbane,Melbourne,All Airlines,Nov-15,1072,1049,23,919,867,130,182,2015,11
Brisbane-Moranbah,Brisbane,Moranbah,All Airlines,Nov-15,179,169,10,145,149,24,20,2015,11
Brisbane-Mount Isa,Brisbane,Mount Isa,All Airlines,Nov-15,60,60,0,56,58,4,2,2015,11
Brisbane-Newcastle,Brisbane,Newcastle,All Airlines,Nov-15,251,246,5,220,220,26,26,2015,11
Brisbane-Perth,Brisbane,Perth,All Airlines,Nov-15,239,239,0,185,192,54,47,2015,11
Brisbane-Proserpine,Brisbane,Proserpine,All Airlines,Nov-15,82,82,0,72,77,10,5,2015,11
Brisbane-Rockhampton,Brisbane,Rockhampton,All Airlines,Nov-15,380,370,10,331,330,39,40,2015,11
Brisbane-Sydney,Brisbane,Sydney,All Airlines,Nov-15,1481,1445,36,1256,1236,189,209,2015,11
Brisbane-Townsville,Brisbane,Townsville,All Airlines,Nov-15,330,330,0,278,281,52,49,2015,11
Broome-Perth,Broome,Perth,All Airlines,Nov-15,126,122,4,99,101,23,21,2015,11
Bundaberg-Brisbane,Bundaberg,Brisbane,All Airlines,Nov-15,171,171,0,154,153,17,18,2015,11
Cairns-Brisbane,Cairns,Brisbane,All Airlines,Nov-15,373,373,0,336,340,37,33,2015,11
Cairns-Melbourne,Cairns,Melbourne,All Airlines,Nov-15,192,192,0,151,149,41,43,2015,11
Cairns-Sydney,Cairns,Sydney,All Airlines,Nov-15,250,250,0,216,221,34,29,2015,11
Cairns-Townsville,Cairns,Townsville,All Airlines,Nov-15,205,205,0,192,191,13,14,2015,11
Canberra-Adelaide,Canberra,Adelaide,All Airlines,Nov-15,73,73,0,68,71,5,2,2015,11
Canberra-Brisbane,Canberra,Brisbane,All Airlines,Nov-15,241,240,1,218,221,22,19,2015,11
Canberra-Melbourne,Canberra,Melbourne,All Airlines,Nov-15,468,464,4,417,400,47,64,2015,11
Canberra-Sydney,Canberra,Sydney,All Airlines,Nov-15,805,756,49,636,644,120,112,2015,11
Coffs Harbour-Sydney,Coffs Harbour,Sydney,All Airlines,Nov-15,224,218,6,175,171,43,47,2015,11
Darwin-Alice Springs,Darwin,Alice Springs,All Airlines,Nov-15,65,65,0,61,63,4,2,2015,11
Darwin-Brisbane,Darwin,Brisbane,All Airlines,Nov-15,117,117,0,91,99,26,18,2015,11
Darwin-Melbourne,Darwin,Melbourne,All Airlines,Nov-15,82,82,0,69,67,13,15,2015,11
Darwin-Perth,Darwin,Perth,All Airlines,Nov-15,72,71,1,69,68,2,3,2015,11
Darwin-Sydney,Darwin,Sydney,All Airlines,Nov-15,100,98,2,83,85,15,13,2015,11
Dubbo-Sydney,Dubbo,Sydney,All Airlines,Nov-15,276,275,1,226,216,49,59,2015,11
Emerald-Brisbane,Emerald,Brisbane,All Airlines,Nov-15,218,210,8,174,172,36,38,2015,11
Geraldton-Perth,Geraldton,Perth,All Airlines,Nov-15,133,132,1,112,119,20,13,2015,11
Gladstone-Brisbane,Gladstone,Brisbane,All Airlines,Nov-15,347,337,10,296,298,41,39,2015,11
Gold Coast-Adelaide,Gold Coast,Adelaide,All Airlines,Nov-15,60,60,0,52,57,8,3,2015,11
Gold Coast-Melbourne,Gold Coast,Melbourne,All Airlines,Nov-15,477,470,7,378,390,92,80,2015,11
Gold Coast-Sydney,Gold Coast,Sydney,All Airlines,Nov-15,776,761,15,598,603,163,158,2015,11
Hamilton Island-Brisbane,Hamilton Island,Brisbane,All Airlines,Nov-15,56,56,0,52,54,4,2,2015,11
Hamilton Island-Melbourne,Hamilton Island,Melbourne,All Airlines,Nov-15,35,35,0,27,30,8,5,2015,11
Hamilton Island-Sydney,Hamilton Island,Sydney,All Airlines,Nov-15,73,73,0,54,64,19,9,2015,11
Hobart-Brisbane,Hobart,Brisbane,All Airlines,Nov-15,60,60,0,50,54,10,6,2015,11
Hobart-Melbourne,Hobart,Melbourne,All Airlines,Nov-15,487,487,0,331,336,156,151,2015,11
Hobart-Sydney,Hobart,Sydney,All Airlines,Nov-15,172,172,0,127,121,45,51,2015,11
Kalgoorlie-Perth,Kalgoorlie,Perth,All Airlines,Nov-15,138,136,2,122,122,14,14,2015,11
Karratha-Perth,Karratha,Perth,All Airlines,Nov-15,300,286,14,259,256,27,30,2015,11
Launceston-Melbourne,Launceston,Melbourne,All Airlines,Nov-15,390,376,14,297,301,79,75,2015,11
Launceston-Sydney,Launceston,Sydney,All Airlines,Nov-15,89,84,5,62,66,22,18,2015,11
Mackay-Brisbane,Mackay,Brisbane,All Airlines,Nov-15,307,302,5,257,259,45,43,2015,11
Melbourne-Adelaide,Melbourne,Adelaide,All Airlines,Nov-15,736,725,11,616,602,109,123,2015,11
Melbourne-Brisbane,Melbourne,Brisbane,All Airlines,Nov-15,1072,1053,19,885,869,168,184,2015,11
Melbourne-Cairns,Melbourne,Cairns,All Airlines,Nov-15,192,192,0,141,154,51,38,2015,11
Melbourne-Canberra,Melbourne,Canberra,All Airlines,Nov-15,470,466,4,408,406,58,60,2015,11
Melbourne-Darwin,Melbourne,Darwin,All Airlines,Nov-15,82,82,0,70,66,12,16,2015,11
Melbourne-Gold Coast,Melbourne,Gold Coast,All Airlines,Nov-15,477,470,7,371,374,99,96,2015,11
Melbourne-Hamilton Island,Melbourne,Hamilton Island,All Airlines,Nov-15,35,35,0,32,31,3,4,2015,11
Melbourne-Hobart,Melbourne,Hobart,All Airlines,Nov-15,486,486,0,362,361,124,125,2015,11
Melbourne-Launceston,Melbourne,Launceston,All Airlines,Nov-15,390,377,13,309,304,68,73,2015,11
Melbourne-Mildura,Melbourne,Mildura,All Airlines,Nov-15,207,207,0,182,183,25,24,2015,11
Melbourne-Newcastle,Melbourne,Newcastle,All Airlines,Nov-15,121,121,0,72,80,49,41,2015,11
Melbourne-Perth,Melbourne,Perth,All Airlines,Nov-15,472,461,11,355,365,106,96,2015,11
Melbourne-Sunshine Coast,Melbourne,Sunshine Coast,All Airlines,Nov-15,121,121,0,77,90,44,31,2015,11
Melbourne-Sydney,Melbourne,Sydney,All Airlines,Nov-15,2343,2269,74,1811,1801,458,468,2015,11
Mildura-Melbourne,Mildura,Melbourne,All Airlines,Nov-15,207,207,0,192,182,15,25,2015,11
Moranbah-Brisbane,Moranbah,Brisbane,All Airlines,Nov-15,175,162,13,137,133,25,29,2015,11
Mount Isa-Brisbane,Mount Isa,Brisbane,All Airlines,Nov-15,60,60,0,58,58,2,2,2015,11
Newcastle-Brisbane,Newcastle,Brisbane,All Airlines,Nov-15,249,246,3,224,216,22,30,2015,11
Newcastle-Melbourne,Newcastle,Melbourne,All Airlines,Nov-15,121,121,0,89,83,32,38,2015,11
Newman-Perth,Newman,Perth,All Airlines,Nov-15,181,176,5,167,166,9,10,2015,11
Perth-Adelaide,Perth,Adelaide,All Airlines,Nov-15,228,228,0,204,204,24,24,2015,11
Perth-Brisbane,Perth,Brisbane,All Airlines,Nov-15,237,237,0,198,192,39,45,2015,11
Perth-Broome,Perth,Broome,All Airlines,Nov-15,126,123,3,111,101,12,22,2015,11
Perth-Darwin,Perth,Darwin,All Airlines,Nov-15,72,71,1,68,69,3,2,2015,11
Perth-Geraldton,Perth,Geraldton,All Airlines,Nov-15,127,126,1,111,109,15,17,2015,11
Perth-Kalgoorlie,Perth,Kalgoorlie,All Airlines,Nov-15,137,136,1,122,118,14,18,2015,11
Perth-Karratha,Perth,Karratha,All Airlines,Nov-15,302,289,13,260,248,29,41,2015,11
Perth-Melbourne,Perth,Melbourne,All Airlines,Nov-15,466,457,9,371,367,86,90,2015,11
Perth-Newman,Perth,Newman,All Airlines,Nov-15,181,176,5,170,165,6,11,2015,11
Perth-Port Hedland,Perth,Port Hedland,All Airlines,Nov-15,184,177,7,163,158,14,19,2015,11
Perth-Sydney,Perth,Sydney,All Airlines,Nov-15,370,366,4,314,314,52,52,2015,11
Port Hedland-Perth,Port Hedland,Perth,All Airlines,Nov-15,184,174,10,157,159,17,15,2015,11
Port Lincoln-Adelaide,Port Lincoln,Adelaide,All Airlines,Nov-15,314,312,2,280,283,32,29,2015,11
Port Macquarie-Sydney,Port Macquarie,Sydney,All Airlines,Nov-15,192,187,5,133,114,54,73,2015,11
Proserpine-Brisbane,Proserpine,Brisbane,All Airlines,Nov-15,82,82,0,71,73,11,9,2015,11
Rockhampton-Brisbane,Rockhampton,Brisbane,All Airlines,Nov-15,378,367,11,328,326,39,41,2015,11
Sunshine Coast-Melbourne,Sunshine Coast,Melbourne,All Airlines,Nov-15,120,117,3,75,80,42,37,2015,11
Sunshine Coast-Sydney,Sunshine Coast,Sydney,All Airlines,Nov-15,141,139,2,105,110,34,29,2015,11
Sydney-Adelaide,Sydney,Adelaide,All Airlines,Nov-15,575,568,7,466,453,102,115,2015,11
Sydney-Albury,Sydney,Albury,All Airlines,Nov-15,254,254,0,209,202,45,52,2015,11
Sydney-Armidale,Sydney,Armidale,All Airlines,Nov-15,205,201,4,138,134,63,67,2015,11
Sydney-Ayers Rock,Sydney,Ayers Rock,All Airlines,Nov-15,51,51,0,38,41,13,10,2015,11
Sydney-Ballina,Sydney,Ballina,All Airlines,Nov-15,115,114,1,96,91,18,23,2015,11
Sydney-Brisbane,Sydney,Brisbane,All Airlines,Nov-15,1474,1439,35,1190,1157,249,282,2015,11
Sydney-Cairns,Sydney,Cairns,All Airlines,Nov-15,251,251,0,222,214,29,37,2015,11
Sydney-Canberra,Sydney,Canberra,All Airlines,Nov-15,804,757,47,608,607,149,150,2015,11
Sydney-Coffs Harbour,Sydney,Coffs Harbour,All Airlines,Nov-15,223,219,4,177,173,42,46,2015,11
Sydney-Darwin,Sydney,Darwin,All Airlines,Nov-15,98,98,0,87,81,11,17,2015,11
Sydney-Dubbo,Sydney,Dubbo,All Airlines,Nov-15,276,275,1,208,209,67,66,2015,11
Sydney-Gold Coast,Sydney,Gold Coast,All Airlines,Nov-15,778,762,16,610,595,152,167,2015,11
Sydney-Hamilton Island,Sydney,Hamilton Island,All Airlines,Nov-15,73,73,0,65,68,8,5,2015,11
Sydney-Hobart,Sydney,Hobart,All Airlines,Nov-15,172,172,0,141,138,31,34,2015,11
Sydney-Launceston,Sydney,Launceston,All Airlines,Nov-15,90,90,0,70,70,20,20,2015,11
Sydney-Melbourne,Sydney,Melbourne,All Airlines,Nov-15,2331,2260,71,1820,1677,440,583,2015,11
Sydney-Perth,Sydney,Perth,All Airlines,Nov-15,378,378,0,314,319,64,59,2015,11
Sydney-Port Macquarie,Sydney,Port Macquarie,All Airlines,Nov-15,192,187,5,134,123,53,64,2015,11
Sydney-Sunshine Coast,Sydney,Sunshine Coast,All Airlines,Nov-15,141,140,1,113,120,27,20,2015,11
Sydney-Tamworth,Sydney,Tamworth,All Airlines,Nov-15,179,171,8,119,118,52,53,2015,11
Sydney-Townsville,Sydney,Townsville,All Airlines,Nov-15,47,46,1,40,40,6,6,2015,11
Sydney-Wagga Wagga,Sydney,Wagga Wagga,All Airlines,Nov-15,244,244,0,190,186,54,58,2015,11
Tamworth-Sydney,Tamworth,Sydney,All Airlines,Nov-15,178,169,9,121,118,48,51,2015,11
Townsville-Brisbane,Townsville,Brisbane,All Airlines,Nov-15,330,328,2,290,294,38,34,2015,11
Townsville-Cairns,Townsville,Cairns,All Airlines,Nov-15,203,203,0,195,197,8,6,2015,11
Townsville-Sydney,Townsville,Sydney,All Airlines,Nov-15,47,46,1,37,39,9,7,2015,11
Wagga Wagga-Sydney,Wagga Wagga,Sydney,All Airlines,Nov-15,245,245,0,198,190,47,55,2015,11
Adelaide-Alice Springs,Adelaide,Alice Springs,All Airlines,Dec-15,45,45,0,40,40,5,5,2015,12
Adelaide-Brisbane,Adelaide,Brisbane,All Airlines,Dec-15,299,299,0,271,268,28,31,2015,12
Adelaide-Canberra,Adelaide,Canberra,All Airlines,Dec-15,73,73,0,70,70,3,3,2015,12
Adelaide-Gold Coast,Adelaide,Gold Coast,All Airlines,Dec-15,73,73,0,60,62,13,11,2015,12
Adelaide-Melbourne,Adelaide,Melbourne,All Airlines,Dec-15,769,761,8,663,673,98,88,2015,12
Adelaide-Perth,Adelaide,Perth,All Airlines,Dec-15,229,224,5,200,209,24,15,2015,12
Adelaide-Port Lincoln,Adelaide,Port Lincoln,All Airlines,Dec-15,308,307,1,286,282,21,25,2015,12
Adelaide-Sydney,Adelaide,Sydney,All Airlines,Dec-15,631,617,14,530,533,87,84,2015,12
Albury-Sydney,Albury,Sydney,All Airlines,Dec-15,236,235,1,210,206,25,29,2015,12
Alice Springs-Adelaide,Alice Springs,Adelaide,All Airlines,Dec-15,45,45,0,35,37,10,8,2015,12
Alice Springs-Darwin,Alice Springs,Darwin,All Airlines,Dec-15,56,56,0,52,51,4,5,2015,12
Armidale-Sydney,Armidale,Sydney,All Airlines,Dec-15,196,192,4,143,145,49,47,2015,12
Ayers Rock-Sydney,Ayers Rock,Sydney,All Airlines,Dec-15,52,52,0,38,42,14,10,2015,12
Ballina-Sydney,Ballina,Sydney,All Airlines,Dec-15,136,134,2,92,101,42,33,2015,12
Brisbane-Adelaide,Brisbane,Adelaide,All Airlines,Dec-15,304,304,0,280,288,24,16,2015,12
Brisbane-Bundaberg,Brisbane,Bundaberg,All Airlines,Dec-15,173,171,2,159,159,12,12,2015,12
Brisbane-Cairns,Brisbane,Cairns,All Airlines,Dec-15,428,428,0,351,372,77,56,2015,12
Brisbane-Canberra,Brisbane,Canberra,All Airlines,Dec-15,240,236,4,208,210,28,26,2015,12
Brisbane-Darwin,Brisbane,Darwin,All Airlines,Dec-15,138,138,0,116,109,22,29,2015,12
Brisbane-Emerald,Brisbane,Emerald,All Airlines,Dec-15,201,195,6,167,167,28,28,2015,12
Brisbane-Gladstone,Brisbane,Gladstone,All Airlines,Dec-15,333,324,9,289,291,35,33,2015,12
Brisbane-Hamilton Island,Brisbane,Hamilton Island,All Airlines,Dec-15,57,57,0,52,51,5,6,2015,12
Brisbane-Hobart,Brisbane,Hobart,All Airlines,Dec-15,63,63,0,60,60,3,3,2015,12
Brisbane-Mackay,Brisbane,Mackay,All Airlines,Dec-15,304,297,7,257,263,40,34,2015,12
Brisbane-Melbourne,Brisbane,Melbourne,All Airlines,Dec-15,1116,1098,18,945,954,153,144,2015,12
Brisbane-Moranbah,Brisbane,Moranbah,All Airlines,Dec-15,169,161,8,148,149,13,12,2015,12
Brisbane-Mount Isa,Brisbane,Mount Isa,All Airlines,Dec-15,60,60,0,58,56,2,4,2015,12
Brisbane-Newcastle,Brisbane,Newcastle,All Airlines,Dec-15,269,266,3,227,225,39,41,2015,12
Brisbane-Perth,Brisbane,Perth,All Airlines,Dec-15,251,251,0,199,214,52,37,2015,12
Brisbane-Proserpine,Brisbane,Proserpine,All Airlines,Dec-15,85,84,1,67,68,17,16,2015,12
Brisbane-Rockhampton,Brisbane,Rockhampton,All Airlines,Dec-15,366,353,13,315,316,38,37,2015,12
Brisbane-Sydney,Brisbane,Sydney,All Airlines,Dec-15,1510,1452,58,1255,1224,197,228,2015,12
Brisbane-Townsville,Brisbane,Townsville,All Airlines,Dec-15,340,339,1,281,290,58,49,2015,12
Broome-Perth,Broome,Perth,All Airlines,Dec-15,126,126,0,112,107,14,19,2015,12
Bundaberg-Brisbane,Bundaberg,Brisbane,All Airlines,Dec-15,174,174,0,159,160,15,14,2015,12
Cairns-Brisbane,Cairns,Brisbane,All Airlines,Dec-15,428,427,1,381,379,46,48,2015,12
Cairns-Melbourne,Cairns,Melbourne,All Airlines,Dec-15,217,213,4,166,164,47,49,2015,12
Cairns-Sydney,Cairns,Sydney,All Airlines,Dec-15,333,331,2,284,277,47,54,2015,12
Cairns-Townsville,Cairns,Townsville,All Airlines,Dec-15,185,176,9,159,158,17,18,2015,12
Canberra-Adelaide,Canberra,Adelaide,All Airlines,Dec-15,73,73,0,68,68,5,5,2015,12
Canberra-Brisbane,Canberra,Brisbane,All Airlines,Dec-15,240,236,4,204,208,32,28,2015,12
Canberra-Melbourne,Canberra,Melbourne,All Airlines,Dec-15,420,415,5,373,374,42,41,2015,12
Canberra-Sydney,Canberra,Sydney,All Airlines,Dec-15,655,623,32,552,558,71,65,2015,12
Coffs Harbour-Sydney,Coffs Harbour,Sydney,All Airlines,Dec-15,229,224,5,189,190,35,34,2015,12
Darwin-Alice Springs,Darwin,Alice Springs,All Airlines,Dec-15,56,56,0,55,54,1,2,2015,12
Darwin-Brisbane,Darwin,Brisbane,All Airlines,Dec-15,138,137,1,105,115,32,22,2015,12
Darwin-Melbourne,Darwin,Melbourne,All Airlines,Dec-15,88,88,0,61,67,27,21,2015,12
Darwin-Perth,Darwin,Perth,All Airlines,Dec-15,73,73,0,71,70,2,3,2015,12
Darwin-Sydney,Darwin,Sydney,All Airlines,Dec-15,108,107,1,88,91,19,16,2015,12
Dubbo-Sydney,Dubbo,Sydney,All Airlines,Dec-15,242,240,2,196,189,44,51,2015,12
Emerald-Brisbane,Emerald,Brisbane,All Airlines,Dec-15,201,194,7,171,172,23,22,2015,12
Geraldton-Perth,Geraldton,Perth,All Airlines,Dec-15,113,113,0,98,103,15,10,2015,12
Gladstone-Brisbane,Gladstone,Brisbane,All Airlines,Dec-15,331,317,14,281,284,36,33,2015,12
Gold Coast-Adelaide,Gold Coast,Adelaide,All Airlines,Dec-15,73,73,0,60,61,13,12,2015,12
Gold Coast-Melbourne,Gold Coast,Melbourne,All Airlines,Dec-15,571,552,19,434,461,118,91,2015,12
Gold Coast-Sydney,Gold Coast,Sydney,All Airlines,Dec-15,861,836,25,643,656,193,180,2015,12
Hamilton Island-Brisbane,Hamilton Island,Brisbane,All Airlines,Dec-15,57,57,0,49,53,8,4,2015,12
Hamilton Island-Melbourne,Hamilton Island,Melbourne,All Airlines,Dec-15,33,33,0,31,30,2,3,2015,12
Hamilton Island-Sydney,Hamilton Island,Sydney,All Airlines,Dec-15,81,80,1,52,56,28,24,2015,12
Hobart-Brisbane,Hobart,Brisbane,All Airlines,Dec-15,63,63,0,51,55,12,8,2015,12
Hobart-Melbourne,Hobart,Melbourne,All Airlines,Dec-15,543,540,3,369,394,171,146,2015,12
Hobart-Sydney,Hobart,Sydney,All Airlines,Dec-15,239,235,4,168,174,67,61,2015,12
Kalgoorlie-Perth,Kalgoorlie,Perth,All Airlines,Dec-15,137,136,1,130,130,6,6,2015,12
Karratha-Perth,Karratha,Perth,All Airlines,Dec-15,292,284,8,265,269,19,15,2015,12
Launceston-Melbourne,Launceston,Melbourne,All Airlines,Dec-15,419,413,6,310,328,103,85,2015,12
Launceston-Sydney,Launceston,Sydney,All Airlines,Dec-15,119,118,1,85,85,33,33,2015,12
Mackay-Brisbane,Mackay,Brisbane,All Airlines,Dec-15,305,296,9,242,248,54,48,2015,12
Melbourne-Adelaide,Melbourne,Adelaide,All Airlines,Dec-15,760,751,9,642,634,109,117,2015,12
Melbourne-Brisbane,Melbourne,Brisbane,All Airlines,Dec-15,1110,1090,20,920,922,170,168,2015,12
Melbourne-Cairns,Melbourne,Cairns,All Airlines,Dec-15,217,213,4,154,167,59,46,2015,12
Melbourne-Canberra,Melbourne,Canberra,All Airlines,Dec-15,420,412,8,369,371,43,41,2015,12
Melbourne-Darwin,Melbourne,Darwin,All Airlines,Dec-15,88,88,0,71,75,17,13,2015,12
Melbourne-Gold Coast,Melbourne,Gold Coast,All Airlines,Dec-15,569,553,16,422,430,131,123,2015,12
Melbourne-Hamilton Island,Melbourne,Hamilton Island,All Airlines,Dec-15,33,33,0,31,30,2,3,2015,12
Melbourne-Hobart,Melbourne,Hobart,All Airlines,Dec-15,545,542,3,389,405,153,137,2015,12
Melbourne-Launceston,Melbourne,Launceston,All Airlines,Dec-15,420,415,5,318,314,97,101,2015,12
Melbourne-Mildura,Melbourne,Mildura,All Airlines,Dec-15,193,190,3,166,167,24,23,2015,12
Melbourne-Newcastle,Melbourne,Newcastle,All Airlines,Dec-15,136,133,3,90,90,43,43,2015,12
Melbourne-Perth,Melbourne,Perth,All Airlines,Dec-15,514,471,43,354,379,117,92,2015,12
Melbourne-Sunshine Coast,Melbourne,Sunshine Coast,All Airlines,Dec-15,128,126,2,82,90,44,36,2015,12
Melbourne-Sydney,Melbourne,Sydney,All Airlines,Dec-15,2324,2250,74,1805,1786,445,464,2015,12
Mildura-Melbourne,Mildura,Melbourne,All Airlines,Dec-15,194,190,4,171,168,19,22,2015,12
Moranbah-Brisbane,Moranbah,Brisbane,All Airlines,Dec-15,164,155,9,143,142,12,13,2015,12
Mount Isa-Brisbane,Mount Isa,Brisbane,All Airlines,Dec-15,60,60,0,56,55,4,5,2015,12
Newcastle-Brisbane,Newcastle,Brisbane,All Airlines,Dec-15,270,267,3,231,223,36,44,2015,12
Newcastle-Melbourne,Newcastle,Melbourne,All Airlines,Dec-15,134,133,1,87,93,46,40,2015,12
Newman-Perth,Newman,Perth,All Airlines,Dec-15,185,181,4,172,173,9,8,2015,12
Perth-Adelaide,Perth,Adelaide,All Airlines,Dec-15,240,234,6,214,206,20,28,2015,12
Perth-Brisbane,Perth,Brisbane,All Airlines,Dec-15,252,252,0,225,217,27,35,2015,12
Perth-Broome,Perth,Broome,All Airlines,Dec-15,126,126,0,114,112,12,14,2015,12
Perth-Darwin,Perth,Darwin,All Airlines,Dec-15,73,73,0,72,72,1,1,2015,12
Perth-Geraldton,Perth,Geraldton,All Airlines,Dec-15,110,110,0,98,96,12,14,2015,12
Perth-Kalgoorlie,Perth,Kalgoorlie,All Airlines,Dec-15,139,138,1,125,126,13,12,2015,12
Perth-Karratha,Perth,Karratha,All Airlines,Dec-15,291,286,5,270,264,16,22,2015,12
Perth-Melbourne,Perth,Melbourne,All Airlines,Dec-15,509,465,44,353,365,112,100,2015,12
Perth-Newman,Perth,Newman,All Airlines,Dec-15,185,182,3,176,177,6,5,2015,12
Perth-Port Hedland,Perth,Port Hedland,All Airlines,Dec-15,182,179,3,171,170,8,9,2015,12
Perth-Sydney,Perth,Sydney,All Airlines,Dec-15,402,402,0,338,339,64,63,2015,12
Port Hedland-Perth,Port Hedland,Perth,All Airlines,Dec-15,182,178,4,167,171,11,7,2015,12
Port Lincoln-Adelaide,Port Lincoln,Adelaide,All Airlines,Dec-15,309,308,1,289,285,19,23,2015,12
Port Macquarie-Sydney,Port Macquarie,Sydney,All Airlines,Dec-15,200,197,3,130,118,67,79,2015,12
Proserpine-Brisbane,Proserpine,Brisbane,All Airlines,Dec-15,85,84,1,63,66,21,18,2015,12
Rockhampton-Brisbane,Rockhampton,Brisbane,All Airlines,Dec-15,367,353,14,303,307,50,46,2015,12
Sunshine Coast-Melbourne,Sunshine Coast,Melbourne,All Airlines,Dec-15,129,127,2,82,86,45,41,2015,12
Sunshine Coast-Sydney,Sunshine Coast,Sydney,All Airlines,Dec-15,173,169,4,105,109,64,60,2015,12
Sydney-Adelaide,Sydney,Adelaide,All Airlines,Dec-15,624,613,11,486,498,127,115,2015,12
Sydney-Albury,Sydney,Albury,All Airlines,Dec-15,236,235,1,204,205,31,30,2015,12
Sydney-Armidale,Sydney,Armidale,All Airlines,Dec-15,195,193,2,154,147,39,46,2015,12
Sydney-Ayers Rock,Sydney,Ayers Rock,All Airlines,Dec-15,53,53,0,41,40,12,13,2015,12
Sydney-Ballina,Sydney,Ballina,All Airlines,Dec-15,136,136,0,105,103,31,33,2015,12
Sydney-Brisbane,Sydney,Brisbane,All Airlines,Dec-15,1506,1449,57,1214,1183,235,266,2015,12
Sydney-Cairns,Sydney,Cairns,All Airlines,Dec-15,332,330,2,262,284,68,46,2015,12
Sydney-Canberra,Sydney,Canberra,All Airlines,Dec-15,655,620,35,527,543,93,77,2015,12
Sydney-Coffs Harbour,Sydney,Coffs Harbour,All Airlines,Dec-15,228,223,5,182,186,41,37,2015,12
Sydney-Darwin,Sydney,Darwin,All Airlines,Dec-15,108,107,1,89,92,18,15,2015,12
Sydney-Dubbo,Sydney,Dubbo,All Airlines,Dec-15,238,235,3,190,197,45,38,2015,12
Sydney-Gold Coast,Sydney,Gold Coast,All Airlines,Dec-15,859,835,24,673,668,162,167,2015,12
Sydney-Hamilton Island,Sydney,Hamilton Island,All Airlines,Dec-15,81,80,1,64,60,16,20,2015,12
Sydney-Hobart,Sydney,Hobart,All Airlines,Dec-15,240,238,2,189,195,49,43,2015,12
Sydney-Launceston,Sydney,Launceston,All Airlines,Dec-15,118,118,0,85,92,33,26,2015,12
Sydney-Melbourne,Sydney,Melbourne,All Airlines,Dec-15,2313,2237,76,1768,1766,469,471,2015,12
Sydney-Perth,Sydney,Perth,All Airlines,Dec-15,408,408,0,320,342,88,66,2015,12
Sydney-Port Macquarie,Sydney,Port Macquarie,All Airlines,Dec-15,198,195,3,136,129,59,66,2015,12
Sydney-Sunshine Coast,Sydney,Sunshine Coast,All Airlines,Dec-15,174,170,4,115,125,55,45,2015,12
Sydney-Tamworth,Sydney,Tamworth,All Airlines,Dec-15,175,169,6,136,137,33,32,2015,12
Sydney-Townsville,Sydney,Townsville,All Airlines,Dec-15,60,59,1,42,49,17,10,2015,12
Sydney-Wagga Wagga,Sydney,Wagga Wagga,All Airlines,Dec-15,215,214,1,187,189,27,25,2015,12
Tamworth-Sydney,Tamworth,Sydney,All Airlines,Dec-15,175,167,8,139,135,28,32,2015,12
Townsville-Brisbane,Townsville,Brisbane,All Airlines,Dec-15,340,339,1,298,309,41,30,2015,12
Townsville-Cairns,Townsville,Cairns,All Airlines,Dec-15,185,177,8,156,160,21,17,2015,12
Townsville-Sydney,Townsville,Sydney,All Airlines,Dec-15,60,59,1,40,42,19,17,2015,12
Wagga Wagga-Sydney,Wagga Wagga,Sydney,All Airlines,Dec-15,212,211,1,189,184,22,27,2015,12
Adelaide-Alice Springs,Adelaide,Alice Springs,All Airlines,Jan-16,43,43,0,41,41,2,2,2016,1
Adelaide-Brisbane,Adelaide,Brisbane,All Airlines,Jan-16,291,291,0,261,263,30,28,2016,1
Adelaide-Canberra,Adelaide,Canberra,All Airlines,Jan-16,61,61,0,57,55,4,6,2016,1
Adelaide-Gold Coast,Adelaide,Gold Coast,All Airlines,Jan-16,79,78,1,72,74,6,4,2016,1
Adelaide-Melbourne,Adelaide,Melbourne,All Airlines,Jan-16,758,751,7,659,672,92,79,2016,1
Adelaide-Perth,Adelaide,Perth,All Airlines,Jan-16,222,219,3,198,207,21,12,2016,1
Adelaide-Port Lincoln,Adelaide,Port Lincoln,All Airlines,Jan-16,286,284,2,265,260,19,24,2016,1
Adelaide-Sydney,Adelaide,Sydney,All Airlines,Jan-16,621,610,11,541,537,69,73,2016,1
Albury-Sydney,Albury,Sydney,All Airlines,Jan-16,195,192,3,162,156,30,36,2016,1
Alice Springs-Adelaide,Alice Springs,Adelaide,All Airlines,Jan-16,43,43,0,39,40,4,3,2016,1
Alice Springs-Darwin,Alice Springs,Darwin,All Airlines,Jan-16,43,43,0,42,41,1,2,2016,1
Armidale-Sydney,Armidale,Sydney,All Airlines,Jan-16,159,157,2,111,112,46,45,2016,1
Ayers Rock-Sydney,Ayers Rock,Sydney,All Airlines,Jan-16,54,53,1,43,44,10,9,2016,1
Ballina-Sydney,Ballina,Sydney,All Airlines,Jan-16,130,128,2,89,98,39,30,2016,1
Brisbane-Adelaide,Brisbane,Adelaide,All Airlines,Jan-16,296,296,0,267,279,29,17,2016,1
Brisbane-Bundaberg,Brisbane,Bundaberg,All Airlines,Jan-16,159,159,0,145,143,14,16,2016,1
Brisbane-Cairns,Brisbane,Cairns,All Airlines,Jan-16,428,425,3,377,394,48,31,2016,1
Brisbane-Canberra,Brisbane,Canberra,All Airlines,Jan-16,231,229,2,214,217,15,12,2016,1
Brisbane-Darwin,Brisbane,Darwin,All Airlines,Jan-16,131,131,0,118,121,13,10,2016,1
Brisbane-Emerald,Brisbane,Emerald,All Airlines,Jan-16,203,197,6,183,177,14,20,2016,1
Brisbane-Gladstone,Brisbane,Gladstone,All Airlines,Jan-16,325,307,18,265,263,42,44,2016,1
Brisbane-Hamilton Island,Brisbane,Hamilton Island,All Airlines,Jan-16,59,59,0,55,54,4,5,2016,1
Brisbane-Hobart,Brisbane,Hobart,All Airlines,Jan-16,66,66,0,64,64,2,2,2016,1
Brisbane-Mackay,Brisbane,Mackay,All Airlines,Jan-16,301,294,7,248,252,46,42,2016,1
Brisbane-Melbourne,Brisbane,Melbourne,All Airlines,Jan-16,1088,1069,19,955,955,114,114,2016,1
Brisbane-Moranbah,Brisbane,Moranbah,All Airlines,Jan-16,164,150,14,141,139,9,11,2016,1
Brisbane-Mount Isa,Brisbane,Mount Isa,All Airlines,Jan-16,76,76,0,73,72,3,4,2016,1
Brisbane-Newcastle,Brisbane,Newcastle,All Airlines,Jan-16,264,258,6,218,229,40,29,2016,1
Brisbane-Perth,Brisbane,Perth,All Airlines,Jan-16,254,254,0,214,224,40,30,2016,1
Brisbane-Proserpine,Brisbane,Proserpine,All Airlines,Jan-16,82,82,0,74,76,8,6,2016,1
Brisbane-Rockhampton,Brisbane,Rockhampton,All Airlines,Jan-16,328,321,7,284,282,37,39,2016,1
Brisbane-Sydney,Brisbane,Sydney,All Airlines,Jan-16,1427,1372,55,1207,1199,165,173,2016,1
Brisbane-Townsville,Brisbane,Townsville,All Airlines,Jan-16,337,335,2,288,289,47,46,2016,1
Broome-Perth,Broome,Perth,All Airlines,Jan-16,126,126,0,94,98,32,28,2016,1
Bundaberg-Brisbane,Bundaberg,Brisbane,All Airlines,Jan-16,159,159,0,145,145,14,14,2016,1
Cairns-Brisbane,Cairns,Brisbane,All Airlines,Jan-16,429,425,4,391,393,34,32,2016,1
Cairns-Melbourne,Cairns,Melbourne,All Airlines,Jan-16,226,224,2,189,191,35,33,2016,1
Cairns-Sydney,Cairns,Sydney,All Airlines,Jan-16,342,339,3,294,284,45,55,2016,1
Cairns-Townsville,Cairns,Townsville,All Airlines,Jan-16,163,156,7,144,144,12,12,2016,1
Canberra-Adelaide,Canberra,Adelaide,All Airlines,Jan-16,61,61,0,58,57,3,4,2016,1
Canberra-Brisbane,Canberra,Brisbane,All Airlines,Jan-16,231,229,2,209,209,20,20,2016,1
Canberra-Melbourne,Canberra,Melbourne,All Airlines,Jan-16,383,381,2,350,350,31,31,2016,1
Canberra-Sydney,Canberra,Sydney,All Airlines,Jan-16,555,508,47,425,420,83,88,2016,1
Coffs Harbour-Sydney,Coffs Harbour,Sydney,All Airlines,Jan-16,218,217,1,177,178,40,39,2016,1
Darwin-Alice Springs,Darwin,Alice Springs,All Airlines,Jan-16,43,43,0,43,42,0,1,2016,1
Darwin-Brisbane,Darwin,Brisbane,All Airlines,Jan-16,131,131,0,120,122,11,9,2016,1
Darwin-Melbourne,Darwin,Melbourne,All Airlines,Jan-16,92,91,1,72,72,19,19,2016,1
Darwin-Perth,Darwin,Perth,All Airlines,Jan-16,66,66,0,65,63,1,3,2016,1
Darwin-Sydney,Darwin,Sydney,All Airlines,Jan-16,96,96,0,84,78,12,18,2016,1
Dubbo-Sydney,Dubbo,Sydney,All Airlines,Jan-16,193,188,5,147,143,41,45,2016,1
Emerald-Brisbane,Emerald,Brisbane,All Airlines,Jan-16,203,198,5,175,176,23,22,2016,1
Geraldton-Perth,Geraldton,Perth,All Airlines,Jan-16,92,92,0,81,79,11,13,2016,1
Gladstone-Brisbane,Gladstone,Brisbane,All Airlines,Jan-16,326,304,22,267,273,37,31,2016,1
Gold Coast-Adelaide,Gold Coast,Adelaide,All Airlines,Jan-16,79,78,1,72,74,6,4,2016,1
Gold Coast-Melbourne,Gold Coast,Melbourne,All Airlines,Jan-16,587,578,9,468,503,110,75,2016,1
Gold Coast-Sydney,Gold Coast,Sydney,All Airlines,Jan-16,890,868,22,644,678,224,190,2016,1
Hamilton Island-Brisbane,Hamilton Island,Brisbane,All Airlines,Jan-16,59,59,0,52,54,7,5,2016,1
Hamilton Island-Melbourne,Hamilton Island,Melbourne,All Airlines,Jan-16,42,42,0,39,41,3,1,2016,1
Hamilton Island-Sydney,Hamilton Island,Sydney,All Airlines,Jan-16,79,79,0,54,58,25,21,2016,1
Hobart-Brisbane,Hobart,Brisbane,All Airlines,Jan-16,66,66,0,59,63,7,3,2016,1
Hobart-Melbourne,Hobart,Melbourne,All Airlines,Jan-16,558,557,1,410,419,147,138,2016,1
Hobart-Sydney,Hobart,Sydney,All Airlines,Jan-16,239,235,4,175,172,60,63,2016,1
Kalgoorlie-Perth,Kalgoorlie,Perth,All Airlines,Jan-16,141,140,1,131,132,9,8,2016,1
Karratha-Perth,Karratha,Perth,All Airlines,Jan-16,284,278,6,255,253,23,25,2016,1
Launceston-Melbourne,Launceston,Melbourne,All Airlines,Jan-16,412,406,6,324,324,82,82,2016,1
Launceston-Sydney,Launceston,Sydney,All Airlines,Jan-16,121,121,0,91,89,30,32,2016,1
Mackay-Brisbane,Mackay,Brisbane,All Airlines,Jan-16,301,294,7,239,243,55,51,2016,1
Melbourne-Adelaide,Melbourne,Adelaide,All Airlines,Jan-16,748,742,6,649,648,93,94,2016,1
Melbourne-Brisbane,Melbourne,Brisbane,All Airlines,Jan-16,1091,1067,24,940,925,127,142,2016,1
Melbourne-Cairns,Melbourne,Cairns,All Airlines,Jan-16,226,226,0,185,199,41,27,2016,1
Melbourne-Canberra,Melbourne,Canberra,All Airlines,Jan-16,383,382,1,355,338,27,44,2016,1
Melbourne-Darwin,Melbourne,Darwin,All Airlines,Jan-16,92,92,0,73,77,19,15,2016,1
Melbourne-Gold Coast,Melbourne,Gold Coast,All Airlines,Jan-16,586,581,5,495,490,86,91,2016,1
Melbourne-Hamilton Island,Melbourne,Hamilton Island,All Airlines,Jan-16,42,42,0,41,42,1,0,2016,1
Melbourne-Hobart,Melbourne,Hobart,All Airlines,Jan-16,557,555,2,443,448,112,107,2016,1
Melbourne-Launceston,Melbourne,Launceston,All Airlines,Jan-16,412,406,6,333,333,73,73,2016,1
Melbourne-Mildura,Melbourne,Mildura,All Airlines,Jan-16,167,165,2,134,130,31,35,2016,1
Melbourne-Newcastle,Melbourne,Newcastle,All Airlines,Jan-16,129,127,2,90,89,37,38,2016,1
Melbourne-Perth,Melbourne,Perth,All Airlines,Jan-16,506,460,46,372,384,88,76,2016,1
Melbourne-Sunshine Coast,Melbourne,Sunshine Coast,All Airlines,Jan-16,127,125,2,83,84,42,41,2016,1
Melbourne-Sydney,Melbourne,Sydney,All Airlines,Jan-16,2183,2108,75,1768,1675,340,433,2016,1
Mildura-Melbourne,Mildura,Melbourne,All Airlines,Jan-16,166,164,2,138,136,26,28,2016,1
Moranbah-Brisbane,Moranbah,Brisbane,All Airlines,Jan-16,160,143,17,134,136,9,7,2016,1
Mount Isa-Brisbane,Mount Isa,Brisbane,All Airlines,Jan-16,76,76,0,71,71,5,5,2016,1
Newcastle-Brisbane,Newcastle,Brisbane,All Airlines,Jan-16,263,255,8,208,205,47,50,2016,1
Newcastle-Melbourne,Newcastle,Melbourne,All Airlines,Jan-16,130,126,4,92,93,34,33,2016,1
Newman-Perth,Newman,Perth,All Airlines,Jan-16,175,175,0,160,160,15,15,2016,1
Perth-Adelaide,Perth,Adelaide,All Airlines,Jan-16,230,226,4,206,196,20,30,2016,1
Perth-Brisbane,Perth,Brisbane,All Airlines,Jan-16,255,255,0,219,226,36,29,2016,1
Perth-Broome,Perth,Broome,All Airlines,Jan-16,126,126,0,103,99,23,27,2016,1
Perth-Darwin,Perth,Darwin,All Airlines,Jan-16,66,66,0,63,63,3,3,2016,1
Perth-Geraldton,Perth,Geraldton,All Airlines,Jan-16,87,87,0,76,75,11,12,2016,1
Perth-Kalgoorlie,Perth,Kalgoorlie,All Airlines,Jan-16,140,139,1,127,129,12,10,2016,1
Perth-Karratha,Perth,Karratha,All Airlines,Jan-16,285,280,5,259,246,21,34,2016,1
Perth-Melbourne,Perth,Melbourne,All Airlines,Jan-16,506,455,51,366,358,89,97,2016,1
Perth-Newman,Perth,Newman,All Airlines,Jan-16,175,175,0,164,160,11,15,2016,1
Perth-Port Hedland,Perth,Port Hedland,All Airlines,Jan-16,174,166,8,153,143,13,23,2016,1
Perth-Sydney,Perth,Sydney,All Airlines,Jan-16,385,384,1,317,325,67,59,2016,1
Port Hedland-Perth,Port Hedland,Perth,All Airlines,Jan-16,172,162,10,146,147,16,15,2016,1
Port Lincoln-Adelaide,Port Lincoln,Adelaide,All Airlines,Jan-16,285,282,3,261,257,21,25,2016,1
Port Macquarie-Sydney,Port Macquarie,Sydney,All Airlines,Jan-16,188,183,5,127,113,56,70,2016,1
Proserpine-Brisbane,Proserpine,Brisbane,All Airlines,Jan-16,82,82,0,71,73,11,9,2016,1
Rockhampton-Brisbane,Rockhampton,Brisbane,All Airlines,Jan-16,327,319,8,284,287,35,32,2016,1
Sunshine Coast-Melbourne,Sunshine Coast,Melbourne,All Airlines,Jan-16,127,123,4,76,86,47,37,2016,1
Sunshine Coast-Sydney,Sunshine Coast,Sydney,All Airlines,Jan-16,200,196,4,131,130,65,66,2016,1
Sydney-Adelaide,Sydney,Adelaide,All Airlines,Jan-16,616,606,10,485,495,121,111,2016,1
Sydney-Albury,Sydney,Albury,All Airlines,Jan-16,195,193,2,151,156,42,37,2016,1
Sydney-Armidale,Sydney,Armidale,All Airlines,Jan-16,160,158,2,110,110,48,48,2016,1
Sydney-Ayers Rock,Sydney,Ayers Rock,All Airlines,Jan-16,55,55,0,43,48,12,7,2016,1
Sydney-Ballina,Sydney,Ballina,All Airlines,Jan-16,130,130,0,97,98,33,32,2016,1
Sydney-Brisbane,Sydney,Brisbane,All Airlines,Jan-16,1416,1365,51,1142,1119,223,246,2016,1
Sydney-Cairns,Sydney,Cairns,All Airlines,Jan-16,342,339,3,268,285,71,54,2016,1
Sydney-Canberra,Sydney,Canberra,All Airlines,Jan-16,554,512,42,398,400,114,112,2016,1
Sydney-Coffs Harbour,Sydney,Coffs Harbour,All Airlines,Jan-16,218,217,1,179,182,38,35,2016,1
Sydney-Darwin,Sydney,Darwin,All Airlines,Jan-16,97,97,0,76,85,21,12,2016,1
Sydney-Dubbo,Sydney,Dubbo,All Airlines,Jan-16,195,190,5,146,148,44,42,2016,1
Sydney-Gold Coast,Sydney,Gold Coast,All Airlines,Jan-16,890,871,19,686,678,185,193,2016,1
Sydney-Hamilton Island,Sydney,Hamilton Island,All Airlines,Jan-16,79,79,0,61,66,18,13,2016,1
Sydney-Hobart,Sydney,Hobart,All Airlines,Jan-16,239,235,4,184,197,51,38,2016,1
Sydney-Launceston,Sydney,Launceston,All Airlines,Jan-16,122,122,0,83,97,39,25,2016,1
Sydney-Melbourne,Sydney,Melbourne,All Airlines,Jan-16,2174,2105,69,1656,1696,449,409,2016,1
Sydney-Perth,Sydney,Perth,All Airlines,Jan-16,390,389,1,288,304,101,85,2016,1
Sydney-Port Macquarie,Sydney,Port Macquarie,All Airlines,Jan-16,188,183,5,122,119,61,64,2016,1
Sydney-Sunshine Coast,Sydney,Sunshine Coast,All Airlines,Jan-16,202,198,4,143,147,55,51,2016,1
Sydney-Tamworth,Sydney,Tamworth,All Airlines,Jan-16,172,169,3,129,127,40,42,2016,1
Sydney-Townsville,Sydney,Townsville,All Airlines,Jan-16,60,60,0,43,41,17,19,2016,1
Sydney-Wagga Wagga,Sydney,Wagga Wagga,All Airlines,Jan-16,155,155,0,119,120,36,35,2016,1
Tamworth-Sydney,Tamworth,Sydney,All Airlines,Jan-16,172,169,3,134,130,35,39,2016,1
Townsville-Brisbane,Townsville,Brisbane,All Airlines,Jan-16,337,334,3,299,304,35,30,2016,1
Townsville-Cairns,Townsville,Cairns,All Airlines,Jan-16,163,155,8,146,147,9,8,2016,1
Townsville-Sydney,Townsville,Sydney,All Airlines,Jan-16,60,60,0,36,39,24,21,2016,1
Wagga Wagga-Sydney,Wagga Wagga,Sydney,All Airlines,Jan-16,161,158,3,130,127,28,31,2016,1
Adelaide-Alice Springs,Adelaide,Alice Springs,All Airlines,Feb-16,42,42,0,40,40,2,2,2016,2
Adelaide-Brisbane,Adelaide,Brisbane,All Airlines,Feb-16,279,279,0,266,265,13,14,2016,2
Adelaide-Canberra,Adelaide,Canberra,All Airlines,Feb-16,71,71,0,69,68,2,3,2016,2
Adelaide-Gold Coast,Adelaide,Gold Coast,All Airlines,Feb-16,58,58,0,51,54,7,4,2016,2
Adelaide-Melbourne,Adelaide,Melbourne,All Airlines,Feb-16,737,732,5,675,678,57,54,2016,2
Adelaide-Perth,Adelaide,Perth,All Airlines,Feb-16,217,217,0,202,207,15,10,2016,2
Adelaide-Port Lincoln,Adelaide,Port Lincoln,All Airlines,Feb-16,305,301,4,278,272,23,29,2016,2
Adelaide-Sydney,Adelaide,Sydney,All Airlines,Feb-16,563,561,2,518,525,43,36,2016,2
Albury-Sydney,Albury,Sydney,All Airlines,Feb-16,245,244,1,221,219,23,25,2016,2
Alice Springs-Adelaide,Alice Springs,Adelaide,All Airlines,Feb-16,42,42,0,39,39,3,3,2016,2
Alice Springs-Darwin,Alice Springs,Darwin,All Airlines,Feb-16,63,62,1,56,56,6,6,2016,2
Armidale-Sydney,Armidale,Sydney,All Airlines,Feb-16,201,194,7,158,158,36,36,2016,2
Ayers Rock-Sydney,Ayers Rock,Sydney,All Airlines,Feb-16,54,54,0,49,48,5,6,2016,2
Ballina-Sydney,Ballina,Sydney,All Airlines,Feb-16,120,120,0,98,107,22,13,2016,2
Brisbane-Adelaide,Brisbane,Adelaide,All Airlines,Feb-16,282,282,0,270,273,12,9,2016,2
Brisbane-Bundaberg,Brisbane,Bundaberg,All Airlines,Feb-16,158,156,2,138,137,18,19,2016,2
Brisbane-Cairns,Brisbane,Cairns,All Airlines,Feb-16,377,375,2,347,359,28,16,2016,2
Brisbane-Canberra,Brisbane,Canberra,All Airlines,Feb-16,235,232,3,219,220,13,12,2016,2
Brisbane-Darwin,Brisbane,Darwin,All Airlines,Feb-16,107,107,0,102,106,5,1,2016,2
Brisbane-Emerald,Brisbane,Emerald,All Airlines,Feb-16,206,200,6,185,181,15,19,2016,2
Brisbane-Gladstone,Brisbane,Gladstone,All Airlines,Feb-16,322,307,15,287,279,20,28,2016,2
Brisbane-Hamilton Island,Brisbane,Hamilton Island,All Airlines,Feb-16,54,52,2,47,49,5,3,2016,2
Brisbane-Hobart,Brisbane,Hobart,All Airlines,Feb-16,58,58,0,57,57,1,1,2016,2
Brisbane-Mackay,Brisbane,Mackay,All Airlines,Feb-16,289,287,2,262,262,25,25,2016,2
Brisbane-Melbourne,Brisbane,Melbourne,All Airlines,Feb-16,991,971,20,918,916,53,55,2016,2
Brisbane-Moranbah,Brisbane,Moranbah,All Airlines,Feb-16,175,161,14,140,145,21,16,2016,2
Brisbane-Mount Isa,Brisbane,Mount Isa,All Airlines,Feb-16,75,75,0,72,74,3,1,2016,2
Brisbane-Newcastle,Brisbane,Newcastle,All Airlines,Feb-16,245,245,0,223,227,22,18,2016,2
Brisbane-Perth,Brisbane,Perth,All Airlines,Feb-16,231,230,1,207,215,23,15,2016,2
Brisbane-Proserpine,Brisbane,Proserpine,All Airlines,Feb-16,74,74,0,66,69,8,5,2016,2
Brisbane-Rockhampton,Brisbane,Rockhampton,All Airlines,Feb-16,363,357,6,333,330,24,27,2016,2
Brisbane-Sydney,Brisbane,Sydney,All Airlines,Feb-16,1337,1314,23,1220,1225,94,89,2016,2
Brisbane-Townsville,Brisbane,Townsville,All Airlines,Feb-16,314,308,6,289,286,19,22,2016,2
Broome-Perth,Broome,Perth,All Airlines,Feb-16,121,119,2,112,112,7,7,2016,2
Bundaberg-Brisbane,Bundaberg,Brisbane,All Airlines,Feb-16,158,156,2,135,135,21,21,2016,2
Cairns-Brisbane,Cairns,Brisbane,All Airlines,Feb-16,376,373,3,342,340,31,33,2016,2
Cairns-Melbourne,Cairns,Melbourne,All Airlines,Feb-16,173,173,0,156,153,17,20,2016,2
Cairns-Sydney,Cairns,Sydney,All Airlines,Feb-16,280,279,1,256,259,23,20,2016,2
Cairns-Townsville,Cairns,Townsville,All Airlines,Feb-16,191,188,3,173,172,15,16,2016,2
Canberra-Adelaide,Canberra,Adelaide,All Airlines,Feb-16,71,71,0,66,68,5,3,2016,2
Canberra-Brisbane,Canberra,Brisbane,All Airlines,Feb-16,235,231,4,219,222,12,9,2016,2
Canberra-Melbourne,Canberra,Melbourne,All Airlines,Feb-16,457,456,1,427,427,29,29,2016,2
Canberra-Sydney,Canberra,Sydney,All Airlines,Feb-16,775,737,38,682,688,55,49,2016,2
Coffs Harbour-Sydney,Coffs Harbour,Sydney,All Airlines,Feb-16,214,210,4,190,191,20,19,2016,2
Darwin-Alice Springs,Darwin,Alice Springs,All Airlines,Feb-16,63,63,0,61,61,2,2,2016,2
Darwin-Brisbane,Darwin,Brisbane,All Airlines,Feb-16,107,107,0,105,104,2,3,2016,2
Darwin-Melbourne,Darwin,Melbourne,All Airlines,Feb-16,79,79,0,67,67,12,12,2016,2
Darwin-Perth,Darwin,Perth,All Airlines,Feb-16,64,64,0,59,60,5,4,2016,2
Darwin-Sydney,Darwin,Sydney,All Airlines,Feb-16,83,83,0,78,80,5,3,2016,2
Dubbo-Sydney,Dubbo,Sydney,All Airlines,Feb-16,268,265,3,234,228,31,37,2016,2
Emerald-Brisbane,Emerald,Brisbane,All Airlines,Feb-16,205,199,6,182,182,17,17,2016,2
Geraldton-Perth,Geraldton,Perth,All Airlines,Feb-16,112,112,0,106,106,6,6,2016,2
Gladstone-Brisbane,Gladstone,Brisbane,All Airlines,Feb-16,322,307,15,280,278,27,29,2016,2
Gold Coast-Adelaide,Gold Coast,Adelaide,All Airlines,Feb-16,58,58,0,53,55,5,3,2016,2
Gold Coast-Melbourne,Gold Coast,Melbourne,All Airlines,Feb-16,424,419,5,376,390,43,29,2016,2
Gold Coast-Sydney,Gold Coast,Sydney,All Airlines,Feb-16,698,694,4,599,616,95,78,2016,2
Hamilton Island-Brisbane,Hamilton Island,Brisbane,All Airlines,Feb-16,53,52,1,47,48,5,4,2016,2
Hamilton Island-Melbourne,Hamilton Island,Melbourne,All Airlines,Feb-16,25,25,0,23,23,2,2,2016,2
Hamilton Island-Sydney,Hamilton Island,Sydney,All Airlines,Feb-16,71,71,0,53,57,18,14,2016,2
Hobart-Brisbane,Hobart,Brisbane,All Airlines,Feb-16,58,58,0,53,54,5,4,2016,2
Hobart-Melbourne,Hobart,Melbourne,All Airlines,Feb-16,463,463,0,365,371,98,92,2016,2
Hobart-Sydney,Hobart,Sydney,All Airlines,Feb-16,160,159,1,135,129,24,30,2016,2
Kalgoorlie-Perth,Kalgoorlie,Perth,All Airlines,Feb-16,137,135,2,128,130,7,5,2016,2
Karratha-Perth,Karratha,Perth,All Airlines,Feb-16,288,281,7,261,258,20,23,2016,2
Launceston-Melbourne,Launceston,Melbourne,All Airlines,Feb-16,339,335,4,288,292,47,43,2016,2
Launceston-Sydney,Launceston,Sydney,All Airlines,Feb-16,87,87,0,71,72,16,15,2016,2
Mackay-Brisbane,Mackay,Brisbane,All Airlines,Feb-16,288,286,2,257,256,29,30,2016,2
Melbourne-Adelaide,Melbourne,Adelaide,All Airlines,Feb-16,732,728,4,670,664,58,64,2016,2
Melbourne-Brisbane,Melbourne,Brisbane,All Airlines,Feb-16,988,968,20,900,898,68,70,2016,2
Melbourne-Cairns,Melbourne,Cairns,All Airlines,Feb-16,172,172,0,148,153,24,19,2016,2
Melbourne-Canberra,Melbourne,Canberra,All Airlines,Feb-16,457,453,4,422,421,31,32,2016,2
Melbourne-Darwin,Melbourne,Darwin,All Airlines,Feb-16,79,79,0,71,71,8,8,2016,2
Melbourne-Gold Coast,Melbourne,Gold Coast,All Airlines,Feb-16,424,420,4,363,371,57,49,2016,2
Melbourne-Hamilton Island,Melbourne,Hamilton Island,All Airlines,Feb-16,25,25,0,24,24,1,1,2016,2
Melbourne-Hobart,Melbourne,Hobart,All Airlines,Feb-16,463,462,1,368,368,94,94,2016,2
Melbourne-Launceston,Melbourne,Launceston,All Airlines,Feb-16,339,336,3,286,286,50,50,2016,2
Melbourne-Mildura,Melbourne,Mildura,All Airlines,Feb-16,196,196,0,181,177,15,19,2016,2
Melbourne-Newcastle,Melbourne,Newcastle,All Airlines,Feb-16,116,116,0,94,98,22,18,2016,2
Melbourne-Perth,Melbourne,Perth,All Airlines,Feb-16,444,438,6,397,384,41,54,2016,2
Melbourne-Sunshine Coast,Melbourne,Sunshine Coast,All Airlines,Feb-16,90,90,0,78,82,12,8,2016,2
Melbourne-Sydney,Melbourne,Sydney,All Airlines,Feb-16,2271,2236,35,2018,2017,218,219,2016,2
Mildura-Melbourne,Mildura,Melbourne,All Airlines,Feb-16,196,195,1,178,177,17,18,2016,2
Moranbah-Brisbane,Moranbah,Brisbane,All Airlines,Feb-16,171,157,14,146,145,11,12,2016,2
Mount Isa-Brisbane,Mount Isa,Brisbane,All Airlines,Feb-16,75,75,0,73,74,2,1,2016,2
Newcastle-Brisbane,Newcastle,Brisbane,All Airlines,Feb-16,245,245,0,226,224,19,21,2016,2
Newcastle-Melbourne,Newcastle,Melbourne,All Airlines,Feb-16,116,116,0,97,94,19,22,2016,2
Newman-Perth,Newman,Perth,All Airlines,Feb-16,177,175,2,165,165,10,10,2016,2
Perth-Adelaide,Perth,Adelaide,All Airlines,Feb-16,224,224,0,213,215,11,9,2016,2
Perth-Brisbane,Perth,Brisbane,All Airlines,Feb-16,228,228,0,222,215,6,13,2016,2
Perth-Broome,Perth,Broome,All Airlines,Feb-16,121,119,2,116,115,3,4,2016,2
Perth-Darwin,Perth,Darwin,All Airlines,Feb-16,64,64,0,62,62,2,2,2016,2
Perth-Geraldton,Perth,Geraldton,All Airlines,Feb-16,108,108,0,103,102,5,6,2016,2
Perth-Kalgoorlie,Perth,Kalgoorlie,All Airlines,Feb-16,137,135,2,126,127,9,8,2016,2
Perth-Karratha,Perth,Karratha,All Airlines,Feb-16,288,282,6,264,260,18,22,2016,2
Perth-Melbourne,Perth,Melbourne,All Airlines,Feb-16,438,434,4,397,405,37,29,2016,2
Perth-Newman,Perth,Newman,All Airlines,Feb-16,178,176,2,165,167,11,9,2016,2
Perth-Port Hedland,Perth,Port Hedland,All Airlines,Feb-16,187,182,5,173,171,9,11,2016,2
Perth-Sydney,Perth,Sydney,All Airlines,Feb-16,360,359,1,331,335,28,24,2016,2
Port Hedland-Perth,Port Hedland,Perth,All Airlines,Feb-16,187,180,7,170,171,10,9,2016,2
Port Lincoln-Adelaide,Port Lincoln,Adelaide,All Airlines,Feb-16,306,302,4,273,271,29,31,2016,2
Port Macquarie-Sydney,Port Macquarie,Sydney,All Airlines,Feb-16,190,187,3,150,143,37,44,2016,2
Proserpine-Brisbane,Proserpine,Brisbane,All Airlines,Feb-16,75,75,0,63,64,12,11,2016,2
Rockhampton-Brisbane,Rockhampton,Brisbane,All Airlines,Feb-16,364,356,8,327,325,29,31,2016,2
Sunshine Coast-Melbourne,Sunshine Coast,Melbourne,All Airlines,Feb-16,90,90,0,75,80,15,10,2016,2
Sunshine Coast-Sydney,Sunshine Coast,Sydney,All Airlines,Feb-16,134,134,0,110,109,24,25,2016,2
Sydney-Adelaide,Sydney,Adelaide,All Airlines,Feb-16,563,561,2,497,506,64,55,2016,2
Sydney-Albury,Sydney,Albury,All Airlines,Feb-16,245,243,2,209,216,34,27,2016,2
Sydney-Armidale,Sydney,Armidale,All Airlines,Feb-16,201,194,7,158,158,36,36,2016,2
Sydney-Ayers Rock,Sydney,Ayers Rock,All Airlines,Feb-16,53,53,0,49,52,4,1,2016,2
Sydney-Ballina,Sydney,Ballina,All Airlines,Feb-16,121,121,0,104,106,17,15,2016,2
Sydney-Brisbane,Sydney,Brisbane,All Airlines,Feb-16,1330,1309,21,1204,1164,105,145,2016,2
Sydney-Cairns,Sydney,Cairns,All Airlines,Feb-16,280,280,0,242,254,38,26,2016,2
Sydney-Canberra,Sydney,Canberra,All Airlines,Feb-16,773,740,33,647,665,93,75,2016,2
Sydney-Coffs Harbour,Sydney,Coffs Harbour,All Airlines,Feb-16,214,210,4,188,190,22,20,2016,2
Sydney-Darwin,Sydney,Darwin,All Airlines,Feb-16,82,82,0,75,78,7,4,2016,2
Sydney-Dubbo,Sydney,Dubbo,All Airlines,Feb-16,268,266,2,226,235,40,31,2016,2
Sydney-Gold Coast,Sydney,Gold Coast,All Airlines,Feb-16,698,695,3,613,616,82,79,2016,2
Sydney-Hamilton Island,Sydney,Hamilton Island,All Airlines,Feb-16,71,71,0,64,65,7,6,2016,2
Sydney-Hobart,Sydney,Hobart,All Airlines,Feb-16,160,160,0,143,145,17,15,2016,2
Sydney-Launceston,Sydney,Launceston,All Airlines,Feb-16,87,87,0,78,83,9,4,2016,2
Sydney-Melbourne,Sydney,Melbourne,All Airlines,Feb-16,2264,2225,39,1992,1971,233,254,2016,2
Sydney-Perth,Sydney,Perth,All Airlines,Feb-16,364,363,1,312,324,51,39,2016,2
Sydney-Port Macquarie,Sydney,Port Macquarie,All Airlines,Feb-16,188,185,3,156,149,29,36,2016,2
Sydney-Sunshine Coast,Sydney,Sunshine Coast,All Airlines,Feb-16,136,135,1,114,119,21,16,2016,2
Sydney-Tamworth,Sydney,Tamworth,All Airlines,Feb-16,175,171,4,147,144,24,27,2016,2
Sydney-Townsville,Sydney,Townsville,All Airlines,Feb-16,42,42,0,33,35,9,7,2016,2
Sydney-Wagga Wagga,Sydney,Wagga Wagga,All Airlines,Feb-16,231,229,2,206,207,23,22,2016,2
Tamworth-Sydney,Tamworth,Sydney,All Airlines,Feb-16,175,171,4,152,149,19,22,2016,2
Townsville-Brisbane,Townsville,Brisbane,All Airlines,Feb-16,314,308,6,289,295,19,13,2016,2
Townsville-Cairns,Townsville,Cairns,All Airlines,Feb-16,189,188,1,178,179,10,9,2016,2
Townsville-Sydney,Townsville,Sydney,All Airlines,Feb-16,42,42,0,34,36,8,6,2016,2
Wagga Wagga-Sydney,Wagga Wagga,Sydney,All Airlines,Feb-16,229,227,2,202,190,25,37,2016,2
Adelaide-Alice Springs,Adelaide,Alice Springs,All Airlines,Mar-16,45,45,0,44,44,1,1,2016,3
Adelaide-Brisbane,Adelaide,Brisbane,All Airlines,Mar-16,294,294,0,276,272,18,22,2016,3
Adelaide-Canberra,Adelaide,Canberra,All Airlines,Mar-16,77,77,0,73,71,4,6,2016,3
Adelaide-Gold Coast,Adelaide,Gold Coast,All Airlines,Mar-16,66,65,1,58,57,7,8,2016,3
Adelaide-Melbourne,Adelaide,Melbourne,All Airlines,Mar-16,782,781,1,656,647,125,134,2016,3
Adelaide-Perth,Adelaide,Perth,All Airlines,Mar-16,232,230,2,210,216,20,14,2016,3
Adelaide-Port Lincoln,Adelaide,Port Lincoln,All Airlines,Mar-16,314,309,5,276,269,33,40,2016,3
Adelaide-Sydney,Adelaide,Sydney,All Airlines,Mar-16,613,608,5,530,530,78,78,2016,3
Albury-Sydney,Albury,Sydney,All Airlines,Mar-16,259,259,0,231,217,28,42,2016,3
Alice Springs-Adelaide,Alice Springs,Adelaide,All Airlines,Mar-16,45,45,0,39,40,6,5,2016,3
Alice Springs-Darwin,Alice Springs,Darwin,All Airlines,Mar-16,68,67,1,59,62,8,5,2016,3
Armidale-Sydney,Armidale,Sydney,All Airlines,Mar-16,216,212,4,169,161,43,51,2016,3
Ayers Rock-Sydney,Ayers Rock,Sydney,All Airlines,Mar-16,57,57,0,49,50,8,7,2016,3
Ballina-Sydney,Ballina,Sydney,All Airlines,Mar-16,138,138,0,109,115,29,23,2016,3
Brisbane-Adelaide,Brisbane,Adelaide,All Airlines,Mar-16,297,297,0,279,283,18,14,2016,3
Brisbane-Bundaberg,Brisbane,Bundaberg,All Airlines,Mar-16,166,165,1,149,149,16,16,2016,3
Brisbane-Cairns,Brisbane,Cairns,All Airlines,Mar-16,384,384,0,352,357,32,27,2016,3
Brisbane-Canberra,Brisbane,Canberra,All Airlines,Mar-16,243,236,7,214,217,22,19,2016,3
Brisbane-Darwin,Brisbane,Darwin,All Airlines,Mar-16,122,122,0,117,116,5,6,2016,3
Brisbane-Emerald,Brisbane,Emerald,All Airlines,Mar-16,218,215,3,198,192,17,23,2016,3
Brisbane-Gladstone,Brisbane,Gladstone,All Airlines,Mar-16,327,323,4,300,291,23,32,2016,3
Brisbane-Hamilton Island,Brisbane,Hamilton Island,All Airlines,Mar-16,59,56,3,53,51,3,5,2016,3
Brisbane-Hobart,Brisbane,Hobart,All Airlines,Mar-16,62,62,0,61,62,1,0,2016,3
Brisbane-Mackay,Brisbane,Mackay,All Airlines,Mar-16,308,300,8,261,267,39,33,2016,3
Brisbane-Melbourne,Brisbane,Melbourne,All Airlines,Mar-16,1084,1065,19,936,876,129,189,2016,3
Brisbane-Moranbah,Brisbane,Moranbah,All Airlines,Mar-16,186,177,9,162,161,15,16,2016,3
Brisbane-Mount Isa,Brisbane,Mount Isa,All Airlines,Mar-16,81,81,0,80,81,1,0,2016,3
Brisbane-Newcastle,Brisbane,Newcastle,All Airlines,Mar-16,272,272,0,243,249,29,23,2016,3
Brisbane-Perth,Brisbane,Perth,All Airlines,Mar-16,247,247,0,225,227,22,20,2016,3
Brisbane-Proserpine,Brisbane,Proserpine,All Airlines,Mar-16,78,77,1,69,68,8,9,2016,3
Brisbane-Rockhampton,Brisbane,Rockhampton,All Airlines,Mar-16,378,372,6,335,335,37,37,2016,3
Brisbane-Sydney,Brisbane,Sydney,All Airlines,Mar-16,1478,1452,26,1309,1291,143,161,2016,3
Brisbane-Townsville,Brisbane,Townsville,All Airlines,Mar-16,344,344,0,310,318,34,26,2016,3
Broome-Perth,Broome,Perth,All Airlines,Mar-16,129,127,2,112,111,15,16,2016,3
Bundaberg-Brisbane,Bundaberg,Brisbane,All Airlines,Mar-16,166,165,1,152,152,13,13,2016,3
Cairns-Brisbane,Cairns,Brisbane,All Airlines,Mar-16,386,384,2,361,358,23,26,2016,3
Cairns-Melbourne,Cairns,Melbourne,All Airlines,Mar-16,194,191,3,152,150,39,41,2016,3
Cairns-Sydney,Cairns,Sydney,All Airlines,Mar-16,296,295,1,257,267,38,28,2016,3
Cairns-Townsville,Cairns,Townsville,All Airlines,Mar-16,205,202,3,183,180,19,22,2016,3
Canberra-Adelaide,Canberra,Adelaide,All Airlines,Mar-16,77,76,1,65,64,11,12,2016,3
Canberra-Brisbane,Canberra,Brisbane,All Airlines,Mar-16,242,236,6,209,208,27,28,2016,3
Canberra-Melbourne,Canberra,Melbourne,All Airlines,Mar-16,484,475,9,403,390,72,85,2016,3
Canberra-Sydney,Canberra,Sydney,All Airlines,Mar-16,777,740,37,632,626,108,114,2016,3
Coffs Harbour-Sydney,Coffs Harbour,Sydney,All Airlines,Mar-16,228,225,3,184,184,41,41,2016,3
Darwin-Alice Springs,Darwin,Alice Springs,All Airlines,Mar-16,68,68,0,65,64,3,4,2016,3
Darwin-Brisbane,Darwin,Brisbane,All Airlines,Mar-16,123,122,1,114,117,8,5,2016,3
Darwin-Melbourne,Darwin,Melbourne,All Airlines,Mar-16,86,85,1,66,70,19,15,2016,3
Darwin-Perth,Darwin,Perth,All Airlines,Mar-16,70,70,0,64,67,6,3,2016,3
Darwin-Sydney,Darwin,Sydney,All Airlines,Mar-16,91,91,0,82,83,9,8,2016,3
Dubbo-Sydney,Dubbo,Sydney,All Airlines,Mar-16,282,278,4,243,226,35,52,2016,3
Emerald-Brisbane,Emerald,Brisbane,All Airlines,Mar-16,217,215,2,190,190,25,25,2016,3
Geraldton-Perth,Geraldton,Perth,All Airlines,Mar-16,110,109,1,102,103,7,6,2016,3
Gladstone-Brisbane,Gladstone,Brisbane,All Airlines,Mar-16,326,321,5,281,287,40,34,2016,3
Gold Coast-Adelaide,Gold Coast,Adelaide,All Airlines,Mar-16,66,65,1,56,59,9,6,2016,3
Gold Coast-Melbourne,Gold Coast,Melbourne,All Airlines,Mar-16,470,469,1,361,381,108,88,2016,3
Gold Coast-Sydney,Gold Coast,Sydney,All Airlines,Mar-16,782,773,9,636,662,137,111,2016,3
Hamilton Island-Brisbane,Hamilton Island,Brisbane,All Airlines,Mar-16,59,56,3,50,52,6,4,2016,3
Hamilton Island-Melbourne,Hamilton Island,Melbourne,All Airlines,Mar-16,31,31,0,23,24,8,7,2016,3
Hamilton Island-Sydney,Hamilton Island,Sydney,All Airlines,Mar-16,73,72,1,43,58,29,14,2016,3
Hobart-Brisbane,Hobart,Brisbane,All Airlines,Mar-16,61,61,0,61,61,0,0,2016,3
Hobart-Melbourne,Hobart,Melbourne,All Airlines,Mar-16,515,509,6,386,380,123,129,2016,3
Hobart-Sydney,Hobart,Sydney,All Airlines,Mar-16,201,201,0,161,158,40,43,2016,3
Kalgoorlie-Perth,Kalgoorlie,Perth,All Airlines,Mar-16,148,147,1,138,139,9,8,2016,3
Karratha-Perth,Karratha,Perth,All Airlines,Mar-16,303,296,7,277,278,19,18,2016,3
Launceston-Melbourne,Launceston,Melbourne,All Airlines,Mar-16,357,350,7,275,268,75,82,2016,3
Launceston-Sydney,Launceston,Sydney,All Airlines,Mar-16,94,93,1,72,72,21,21,2016,3
Mackay-Brisbane,Mackay,Brisbane,All Airlines,Mar-16,307,298,9,260,259,38,39,2016,3
Melbourne-Adelaide,Melbourne,Adelaide,All Airlines,Mar-16,774,774,0,660,643,114,131,2016,3
Melbourne-Brisbane,Melbourne,Brisbane,All Airlines,Mar-16,1081,1063,18,916,914,147,149,2016,3
Melbourne-Cairns,Melbourne,Cairns,All Airlines,Mar-16,194,193,1,143,150,50,43,2016,3
Melbourne-Canberra,Melbourne,Canberra,All Airlines,Mar-16,484,473,11,404,403,69,70,2016,3
Melbourne-Darwin,Melbourne,Darwin,All Airlines,Mar-16,87,87,0,78,76,9,11,2016,3
Melbourne-Gold Coast,Melbourne,Gold Coast,All Airlines,Mar-16,471,470,1,378,369,92,101,2016,3
Melbourne-Hamilton Island,Melbourne,Hamilton Island,All Airlines,Mar-16,31,31,0,28,28,3,3,2016,3
Melbourne-Hobart,Melbourne,Hobart,All Airlines,Mar-16,516,511,5,416,412,95,99,2016,3
Melbourne-Launceston,Melbourne,Launceston,All Airlines,Mar-16,357,350,7,280,272,70,78,2016,3
Melbourne-Mildura,Melbourne,Mildura,All Airlines,Mar-16,207,206,1,171,166,35,40,2016,3
Melbourne-Newcastle,Melbourne,Newcastle,All Airlines,Mar-16,134,134,0,107,103,27,31,2016,3
Melbourne-Perth,Melbourne,Perth,All Airlines,Mar-16,485,484,1,403,422,81,62,2016,3
Melbourne-Sunshine Coast,Melbourne,Sunshine Coast,All Airlines,Mar-16,109,109,0,93,89,16,20,2016,3
Melbourne-Sydney,Melbourne,Sydney,All Airlines,Mar-16,2410,2343,67,1946,1873,397,470,2016,3
Mildura-Melbourne,Mildura,Melbourne,All Airlines,Mar-16,207,206,1,166,157,40,49,2016,3
Moranbah-Brisbane,Moranbah,Brisbane,All Airlines,Mar-16,181,173,8,162,154,11,19,2016,3
Mount Isa-Brisbane,Mount Isa,Brisbane,All Airlines,Mar-16,81,81,0,81,81,0,0,2016,3
Newcastle-Brisbane,Newcastle,Brisbane,All Airlines,Mar-16,273,270,3,242,241,28,29,2016,3
Newcastle-Melbourne,Newcastle,Melbourne,All Airlines,Mar-16,134,133,1,98,94,35,39,2016,3
Newman-Perth,Newman,Perth,All Airlines,Mar-16,196,194,2,185,185,9,9,2016,3
Perth-Adelaide,Perth,Adelaide,All Airlines,Mar-16,241,239,2,222,221,17,18,2016,3
Perth-Brisbane,Perth,Brisbane,All Airlines,Mar-16,249,249,0,233,227,16,22,2016,3
Perth-Broome,Perth,Broome,All Airlines,Mar-16,129,129,0,119,117,10,12,2016,3
Perth-Darwin,Perth,Darwin,All Airlines,Mar-16,71,71,0,68,68,3,3,2016,3
Perth-Geraldton,Perth,Geraldton,All Airlines,Mar-16,110,110,0,102,102,8,8,2016,3
Perth-Kalgoorlie,Perth,Kalgoorlie,All Airlines,Mar-16,148,148,0,140,141,8,7,2016,3
Perth-Karratha,Perth,Karratha,All Airlines,Mar-16,304,297,7,284,281,13,16,2016,3
Perth-Melbourne,Perth,Melbourne,All Airlines,Mar-16,481,480,1,434,418,46,62,2016,3
Perth-Newman,Perth,Newman,All Airlines,Mar-16,197,195,2,188,189,7,6,2016,3
Perth-Port Hedland,Perth,Port Hedland,All Airlines,Mar-16,200,200,0,194,195,6,5,2016,3
Perth-Sydney,Perth,Sydney,All Airlines,Mar-16,383,383,0,351,354,32,29,2016,3
Port Hedland-Perth,Port Hedland,Perth,All Airlines,Mar-16,199,199,0,189,192,10,7,2016,3
Port Lincoln-Adelaide,Port Lincoln,Adelaide,All Airlines,Mar-16,315,307,8,268,261,39,46,2016,3
Port Macquarie-Sydney,Port Macquarie,Sydney,All Airlines,Mar-16,202,200,2,142,131,58,69,2016,3
Proserpine-Brisbane,Proserpine,Brisbane,All Airlines,Mar-16,77,76,1,64,66,12,10,2016,3
Rockhampton-Brisbane,Rockhampton,Brisbane,All Airlines,Mar-16,377,371,6,340,339,31,32,2016,3
Sunshine Coast-Melbourne,Sunshine Coast,Melbourne,All Airlines,Mar-16,108,108,0,78,83,30,25,2016,3
Sunshine Coast-Sydney,Sunshine Coast,Sydney,All Airlines,Mar-16,158,156,2,116,124,40,32,2016,3
Sydney-Adelaide,Sydney,Adelaide,All Airlines,Mar-16,609,607,2,506,521,101,86,2016,3
Sydney-Albury,Sydney,Albury,All Airlines,Mar-16,260,260,0,222,228,38,32,2016,3
Sydney-Armidale,Sydney,Armidale,All Airlines,Mar-16,216,209,7,169,161,40,48,2016,3
Sydney-Ayers Rock,Sydney,Ayers Rock,All Airlines,Mar-16,58,58,0,54,56,4,2,2016,3
Sydney-Ballina,Sydney,Ballina,All Airlines,Mar-16,139,139,0,127,125,12,14,2016,3
Sydney-Brisbane,Sydney,Brisbane,All Airlines,Mar-16,1466,1439,27,1263,1234,176,205,2016,3
Sydney-Cairns,Sydney,Cairns,All Airlines,Mar-16,296,295,1,251,256,44,39,2016,3
Sydney-Canberra,Sydney,Canberra,All Airlines,Mar-16,775,737,38,596,605,141,132,2016,3
Sydney-Coffs Harbour,Sydney,Coffs Harbour,All Airlines,Mar-16,228,225,3,177,183,48,42,2016,3
Sydney-Darwin,Sydney,Darwin,All Airlines,Mar-16,91,91,0,82,80,9,11,2016,3
Sydney-Dubbo,Sydney,Dubbo,All Airlines,Mar-16,278,275,3,233,238,42,37,2016,3
Sydney-Gold Coast,Sydney,Gold Coast,All Airlines,Mar-16,782,773,9,670,665,103,108,2016,3
Sydney-Hamilton Island,Sydney,Hamilton Island,All Airlines,Mar-16,75,74,1,67,61,7,13,2016,3
Sydney-Hobart,Sydney,Hobart,All Airlines,Mar-16,201,201,0,166,172,35,29,2016,3
Sydney-Launceston,Sydney,Launceston,All Airlines,Mar-16,94,94,0,78,84,16,10,2016,3
Sydney-Melbourne,Sydney,Melbourne,All Airlines,Mar-16,2404,2333,71,1887,1814,446,519,2016,3
Sydney-Perth,Sydney,Perth,All Airlines,Mar-16,388,388,0,329,330,59,58,2016,3
Sydney-Port Macquarie,Sydney,Port Macquarie,All Airlines,Mar-16,199,198,1,152,136,46,62,2016,3
Sydney-Sunshine Coast,Sydney,Sunshine Coast,All Airlines,Mar-16,158,157,1,114,124,43,33,2016,3
Sydney-Tamworth,Sydney,Tamworth,All Airlines,Mar-16,185,179,6,147,146,32,33,2016,3
Sydney-Townsville,Sydney,Townsville,All Airlines,Mar-16,50,50,0,43,44,7,6,2016,3
Sydney-Wagga Wagga,Sydney,Wagga Wagga,All Airlines,Mar-16,248,248,0,217,219,31,29,2016,3
Tamworth-Sydney,Tamworth,Sydney,All Airlines,Mar-16,185,178,7,151,149,27,29,2016,3
Townsville-Brisbane,Townsville,Brisbane,All Airlines,Mar-16,343,343,0,323,325,20,18,2016,3
Townsville-Cairns,Townsville,Cairns,All Airlines,Mar-16,205,201,4,183,182,18,19,2016,3
Townsville-Sydney,Townsville,Sydney,All Airlines,Mar-16,50,50,0,42,43,8,7,2016,3
Wagga Wagga-Sydney,Wagga Wagga,Sydney,All Airlines,Mar-16,248,248,0,232,216,16,32,2016,3
Adelaide-Alice Springs,Adelaide,Alice Springs,All Airlines,Apr-16,42,42,0,40,40,2,2,2016,4
Adelaide-Brisbane,Adelaide,Brisbane,All Airlines,Apr-16,278,277,1,263,258,14,19,2016,4
Adelaide-Canberra,Adelaide,Canberra,All Airlines,Apr-16,72,72,0,66,69,6,3,2016,4
Adelaide-Gold Coast,Adelaide,Gold Coast,All Airlines,Apr-16,69,69,0,66,65,3,4,2016,4
Adelaide-Melbourne,Adelaide,Melbourne,All Airlines,Apr-16,731,728,3,650,661,78,67,2016,4
Adelaide-Perth,Adelaide,Perth,All Airlines,Apr-16,220,220,0,203,207,17,13,2016,4
Adelaide-Port Lincoln,Adelaide,Port Lincoln,All Airlines,Apr-16,311,309,2,296,293,13,16,2016,4
Adelaide-Sydney,Adelaide,Sydney,All Airlines,Apr-16,568,565,3,516,483,49,82,2016,4
Albury-Sydney,Albury,Sydney,All Airlines,Apr-16,261,261,0,243,238,18,23,2016,4
Alice Springs-Adelaide,Alice Springs,Adelaide,All Airlines,Apr-16,42,42,0,36,36,6,6,2016,4
Alice Springs-Darwin,Alice Springs,Darwin,All Airlines,Apr-16,72,72,0,67,68,5,4,2016,4
Armidale-Sydney,Armidale,Sydney,All Airlines,Apr-16,204,201,3,152,148,49,53,2016,4
Ayers Rock-Sydney,Ayers Rock,Sydney,All Airlines,Apr-16,60,60,0,56,56,4,4,2016,4
Ballina-Sydney,Ballina,Sydney,All Airlines,Apr-16,124,124,0,97,101,27,23,2016,4
Brisbane-Adelaide,Brisbane,Adelaide,All Airlines,Apr-16,278,277,1,259,266,18,11,2016,4
Brisbane-Bundaberg,Brisbane,Bundaberg,All Airlines,Apr-16,161,161,0,149,150,12,11,2016,4
Brisbane-Cairns,Brisbane,Cairns,All Airlines,Apr-16,387,385,2,354,364,31,21,2016,4
Brisbane-Canberra,Brisbane,Canberra,All Airlines,Apr-16,241,236,5,216,220,20,16,2016,4
Brisbane-Darwin,Brisbane,Darwin,All Airlines,Apr-16,122,122,0,114,119,8,3,2016,4
Brisbane-Emerald,Brisbane,Emerald,All Airlines,Apr-16,202,199,3,181,184,18,15,2016,4
Brisbane-Gladstone,Brisbane,Gladstone,All Airlines,Apr-16,319,313,6,292,290,21,23,2016,4
Brisbane-Hamilton Island,Brisbane,Hamilton Island,All Airlines,Apr-16,60,58,2,55,50,3,8,2016,4
Brisbane-Hobart,Brisbane,Hobart,All Airlines,Apr-16,59,59,0,55,56,4,3,2016,4
Brisbane-Mackay,Brisbane,Mackay,All Airlines,Apr-16,297,296,1,276,285,20,11,2016,4
Brisbane-Melbourne,Brisbane,Melbourne,All Airlines,Apr-16,1043,1034,9,961,968,73,66,2016,4
Brisbane-Moranbah,Brisbane,Moranbah,All Airlines,Apr-16,171,156,15,146,147,10,9,2016,4
Brisbane-Mount Isa,Brisbane,Mount Isa,All Airlines,Apr-16,73,71,2,66,68,5,3,2016,4
Brisbane-Newcastle,Brisbane,Newcastle,All Airlines,Apr-16,254,247,7,223,221,24,26,2016,4
Brisbane-Perth,Brisbane,Perth,All Airlines,Apr-16,239,239,0,205,218,34,21,2016,4
Brisbane-Proserpine,Brisbane,Proserpine,All Airlines,Apr-16,59,59,0,57,59,2,0,2016,4
Brisbane-Rockhampton,Brisbane,Rockhampton,All Airlines,Apr-16,361,356,5,328,335,28,21,2016,4
Brisbane-Sydney,Brisbane,Sydney,All Airlines,Apr-16,1397,1384,13,1284,1298,100,86,2016,4
Brisbane-Townsville,Brisbane,Townsville,All Airlines,Apr-16,322,321,1,309,309,12,12,2016,4
Broome-Perth,Broome,Perth,All Airlines,Apr-16,147,147,0,127,129,20,18,2016,4
Bundaberg-Brisbane,Bundaberg,Brisbane,All Airlines,Apr-16,161,159,2,149,149,10,10,2016,4
Cairns-Brisbane,Cairns,Brisbane,All Airlines,Apr-16,387,385,2,369,372,16,13,2016,4
Cairns-Melbourne,Cairns,Melbourne,All Airlines,Apr-16,204,204,0,170,176,34,28,2016,4
Cairns-Sydney,Cairns,Sydney,All Airlines,Apr-16,307,304,3,275,284,29,20,2016,4
Cairns-Townsville,Cairns,Townsville,All Airlines,Apr-16,195,192,3,179,182,13,10,2016,4
Canberra-Adelaide,Canberra,Adelaide,All Airlines,Apr-16,72,72,0,69,69,3,3,2016,4
Canberra-Brisbane,Canberra,Brisbane,All Airlines,Apr-16,240,236,4,209,210,27,26,2016,4
Canberra-Melbourne,Canberra,Melbourne,All Airlines,Apr-16,469,463,6,420,417,43,46,2016,4
Canberra-Sydney,Canberra,Sydney,All Airlines,Apr-16,759,730,29,660,653,70,77,2016,4
Coffs Harbour-Sydney,Coffs Harbour,Sydney,All Airlines,Apr-16,221,218,3,186,193,32,25,2016,4
Darwin-Alice Springs,Darwin,Alice Springs,All Airlines,Apr-16,72,72,0,70,70,2,2,2016,4
Darwin-Brisbane,Darwin,Brisbane,All Airlines,Apr-16,122,121,1,113,114,8,7,2016,4
Darwin-Melbourne,Darwin,Melbourne,All Airlines,Apr-16,90,90,0,81,81,9,9,2016,4
Darwin-Perth,Darwin,Perth,All Airlines,Apr-16,64,64,0,58,60,6,4,2016,4
Darwin-Sydney,Darwin,Sydney,All Airlines,Apr-16,105,105,0,92,87,13,18,2016,4
Dubbo-Sydney,Dubbo,Sydney,All Airlines,Apr-16,272,266,6,238,227,28,39,2016,4
Emerald-Brisbane,Emerald,Brisbane,All Airlines,Apr-16,202,198,4,183,184,15,14,2016,4
Geraldton-Perth,Geraldton,Perth,All Airlines,Apr-16,104,103,1,97,98,6,5,2016,4
Gladstone-Brisbane,Gladstone,Brisbane,All Airlines,Apr-16,320,312,8,291,293,21,19,2016,4
Gold Coast-Adelaide,Gold Coast,Adelaide,All Airlines,Apr-16,68,68,0,62,64,6,4,2016,4
Gold Coast-Melbourne,Gold Coast,Melbourne,All Airlines,Apr-16,491,488,3,399,432,89,56,2016,4
Gold Coast-Sydney,Gold Coast,Sydney,All Airlines,Apr-16,777,776,1,659,691,117,85,2016,4
Hamilton Island-Brisbane,Hamilton Island,Brisbane,All Airlines,Apr-16,60,58,2,48,51,10,7,2016,4
Hamilton Island-Melbourne,Hamilton Island,Melbourne,All Airlines,Apr-16,35,35,0,27,29,8,6,2016,4
Hamilton Island-Sydney,Hamilton Island,Sydney,All Airlines,Apr-16,72,72,0,49,54,23,18,2016,4
Hobart-Brisbane,Hobart,Brisbane,All Airlines,Apr-16,58,58,0,52,52,6,6,2016,4
Hobart-Melbourne,Hobart,Melbourne,All Airlines,Apr-16,475,471,4,372,349,99,122,2016,4
Hobart-Sydney,Hobart,Sydney,All Airlines,Apr-16,190,188,2,164,166,24,22,2016,4
Kalgoorlie-Perth,Kalgoorlie,Perth,All Airlines,Apr-16,136,136,0,122,125,14,11,2016,4
Karratha-Perth,Karratha,Perth,All Airlines,Apr-16,270,265,5,240,233,25,32,2016,4
Launceston-Melbourne,Launceston,Melbourne,All Airlines,Apr-16,339,336,3,282,273,54,63,2016,4
Launceston-Sydney,Launceston,Sydney,All Airlines,Apr-16,75,75,0,56,55,19,20,2016,4
Mackay-Brisbane,Mackay,Brisbane,All Airlines,Apr-16,299,298,1,273,281,25,17,2016,4
Melbourne-Adelaide,Melbourne,Adelaide,All Airlines,Apr-16,730,728,2,653,640,75,88,2016,4
Melbourne-Brisbane,Melbourne,Brisbane,All Airlines,Apr-16,1044,1035,9,931,934,104,101,2016,4
Melbourne-Cairns,Melbourne,Cairns,All Airlines,Apr-16,204,204,0,172,171,32,33,2016,4
Melbourne-Canberra,Melbourne,Canberra,All Airlines,Apr-16,467,460,7,412,407,48,53,2016,4
Melbourne-Darwin,Melbourne,Darwin,All Airlines,Apr-16,90,90,0,83,85,7,5,2016,4
Melbourne-Gold Coast,Melbourne,Gold Coast,All Airlines,Apr-16,491,490,1,417,410,73,80,2016,4
Melbourne-Hamilton Island,Melbourne,Hamilton Island,All Airlines,Apr-16,35,35,0,32,33,3,2,2016,4
Melbourne-Hobart,Melbourne,Hobart,All Airlines,Apr-16,475,471,4,407,399,64,72,2016,4
Melbourne-Launceston,Melbourne,Launceston,All Airlines,Apr-16,338,335,3,285,285,50,50,2016,4
Melbourne-Mildura,Melbourne,Mildura,All Airlines,Apr-16,205,202,3,184,177,18,25,2016,4
Melbourne-Newcastle,Melbourne,Newcastle,All Airlines,Apr-16,115,113,2,91,94,22,19,2016,4
Melbourne-Perth,Melbourne,Perth,All Airlines,Apr-16,458,458,0,383,394,75,64,2016,4
Melbourne-Sunshine Coast,Melbourne,Sunshine Coast,All Airlines,Apr-16,130,130,0,113,113,17,17,2016,4
Melbourne-Sydney,Melbourne,Sydney,All Airlines,Apr-16,2279,2226,53,1983,1941,243,285,2016,4
Mildura-Melbourne,Mildura,Melbourne,All Airlines,Apr-16,205,202,3,184,190,18,12,2016,4
Moranbah-Brisbane,Moranbah,Brisbane,All Airlines,Apr-16,167,155,12,146,146,9,9,2016,4
Mount Isa-Brisbane,Mount Isa,Brisbane,All Airlines,Apr-16,73,71,2,68,68,3,3,2016,4
Newcastle-Brisbane,Newcastle,Brisbane,All Airlines,Apr-16,255,246,9,216,217,30,29,2016,4
Newcastle-Melbourne,Newcastle,Melbourne,All Airlines,Apr-16,116,112,4,92,95,20,17,2016,4
Newman-Perth,Newman,Perth,All Airlines,Apr-16,179,177,2,169,167,8,10,2016,4
Perth-Adelaide,Perth,Adelaide,All Airlines,Apr-16,226,226,0,206,205,20,21,2016,4
Perth-Brisbane,Perth,Brisbane,All Airlines,Apr-16,240,240,0,223,190,17,50,2016,4
Perth-Broome,Perth,Broome,All Airlines,Apr-16,147,147,0,137,132,10,15,2016,4
Perth-Darwin,Perth,Darwin,All Airlines,Apr-16,63,63,0,58,59,5,4,2016,4
Perth-Geraldton,Perth,Geraldton,All Airlines,Apr-16,104,104,0,98,97,6,7,2016,4
Perth-Kalgoorlie,Perth,Kalgoorlie,All Airlines,Apr-16,137,137,0,126,124,11,13,2016,4
Perth-Karratha,Perth,Karratha,All Airlines,Apr-16,268,266,2,249,241,17,25,2016,4
Perth-Melbourne,Perth,Melbourne,All Airlines,Apr-16,461,460,1,399,397,61,63,2016,4
Perth-Newman,Perth,Newman,All Airlines,Apr-16,180,180,0,169,169,11,11,2016,4
Perth-Port Hedland,Perth,Port Hedland,All Airlines,Apr-16,189,189,0,175,170,14,19,2016,4
Perth-Sydney,Perth,Sydney,All Airlines,Apr-16,368,367,1,339,311,28,56,2016,4
Port Hedland-Perth,Port Hedland,Perth,All Airlines,Apr-16,188,188,0,175,173,13,15,2016,4
Port Lincoln-Adelaide,Port Lincoln,Adelaide,All Airlines,Apr-16,310,309,1,295,289,14,20,2016,4
Port Macquarie-Sydney,Port Macquarie,Sydney,All Airlines,Apr-16,193,191,2,138,146,53,45,2016,4
Proserpine-Brisbane,Proserpine,Brisbane,All Airlines,Apr-16,59,59,0,55,57,4,2,2016,4
Rockhampton-Brisbane,Rockhampton,Brisbane,All Airlines,Apr-16,362,358,4,335,336,23,22,2016,4
Sunshine Coast-Melbourne,Sunshine Coast,Melbourne,All Airlines,Apr-16,130,130,0,100,111,30,19,2016,4
Sunshine Coast-Sydney,Sunshine Coast,Sydney,All Airlines,Apr-16,160,158,2,116,123,42,35,2016,4
Sydney-Adelaide,Sydney,Adelaide,All Airlines,Apr-16,564,560,4,488,501,72,59,2016,4
Sydney-Albury,Sydney,Albury,All Airlines,Apr-16,261,261,0,234,237,27,24,2016,4
Sydney-Armidale,Sydney,Armidale,All Airlines,Apr-16,201,199,2,152,149,47,50,2016,4
Sydney-Ayers Rock,Sydney,Ayers Rock,All Airlines,Apr-16,59,59,0,56,56,3,3,2016,4
Sydney-Ballina,Sydney,Ballina,All Airlines,Apr-16,124,124,0,106,108,18,16,2016,4
Sydney-Brisbane,Sydney,Brisbane,All Airlines,Apr-16,1372,1359,13,1250,1244,109,115,2016,4
Sydney-Cairns,Sydney,Cairns,All Airlines,Apr-16,307,304,3,262,279,42,25,2016,4
Sydney-Canberra,Sydney,Canberra,All Airlines,Apr-16,760,730,30,637,637,93,93,2016,4
Sydney-Coffs Harbour,Sydney,Coffs Harbour,All Airlines,Apr-16,221,218,3,187,182,31,36,2016,4
Sydney-Darwin,Sydney,Darwin,All Airlines,Apr-16,105,105,0,95,100,10,5,2016,4
Sydney-Dubbo,Sydney,Dubbo,All Airlines,Apr-16,270,264,6,220,224,44,40,2016,4
Sydney-Gold Coast,Sydney,Gold Coast,All Airlines,Apr-16,777,776,1,686,677,90,99,2016,4
Sydney-Hamilton Island,Sydney,Hamilton Island,All Airlines,Apr-16,71,71,0,65,62,6,9,2016,4
Sydney-Hobart,Sydney,Hobart,All Airlines,Apr-16,189,189,0,161,171,28,18,2016,4
Sydney-Launceston,Sydney,Launceston,All Airlines,Apr-16,75,75,0,70,72,5,3,2016,4
Sydney-Melbourne,Sydney,Melbourne,All Airlines,Apr-16,2281,2231,50,1958,1890,273,341,2016,4
Sydney-Perth,Sydney,Perth,All Airlines,Apr-16,370,370,0,317,323,53,47,2016,4
Sydney-Port Macquarie,Sydney,Port Macquarie,All Airlines,Apr-16,191,190,1,148,141,42,49,2016,4
Sydney-Sunshine Coast,Sydney,Sunshine Coast,All Airlines,Apr-16,159,159,0,125,127,34,32,2016,4
Sydney-Tamworth,Sydney,Tamworth,All Airlines,Apr-16,178,172,6,149,151,23,21,2016,4
Sydney-Townsville,Sydney,Townsville,All Airlines,Apr-16,55,54,1,43,47,11,7,2016,4
Sydney-Wagga Wagga,Sydney,Wagga Wagga,All Airlines,Apr-16,243,241,2,207,203,34,38,2016,4
Tamworth-Sydney,Tamworth,Sydney,All Airlines,Apr-16,178,173,5,149,147,24,26,2016,4
Townsville-Brisbane,Townsville,Brisbane,All Airlines,Apr-16,323,322,1,306,311,16,11,2016,4
Townsville-Cairns,Townsville,Cairns,All Airlines,Apr-16,196,192,4,181,181,11,11,2016,4
Townsville-Sydney,Townsville,Sydney,All Airlines,Apr-16,55,54,1,43,45,11,9,2016,4
Wagga Wagga-Sydney,Wagga Wagga,Sydney,All Airlines,Apr-16,243,242,1,218,207,24,35,2016,4
Adelaide-Alice Springs,Adelaide,Alice Springs,All Airlines,May-16,46,45,1,43,41,2,4,2016,5
Adelaide-Brisbane,Adelaide,Brisbane,All Airlines,May-16,265,265,0,242,247,23,18,2016,5
Adelaide-Canberra,Adelaide,Canberra,All Airlines,May-16,70,69,1,64,64,5,5,2016,5
Adelaide-Gold Coast,Adelaide,Gold Coast,All Airlines,May-16,61,61,0,52,54,9,7,2016,5
Adelaide-Melbourne,Adelaide,Melbourne,All Airlines,May-16,731,724,7,627,638,97,86,2016,5
Adelaide-Perth,Adelaide,Perth,All Airlines,May-16,204,202,2,174,166,28,36,2016,5
Adelaide-Port Lincoln,Adelaide,Port Lincoln,All Airlines,May-16,326,323,3,301,292,22,31,2016,5
Adelaide-Sydney,Adelaide,Sydney,All Airlines,May-16,548,539,9,448,472,91,67,2016,5
Albury-Sydney,Albury,Sydney,All Airlines,May-16,283,280,3,244,242,36,38,2016,5
Alice Springs-Adelaide,Alice Springs,Adelaide,All Airlines,May-16,46,44,2,38,37,6,7,2016,5
Alice Springs-Darwin,Alice Springs,Darwin,All Airlines,May-16,65,64,1,59,58,5,6,2016,5
Armidale-Sydney,Armidale,Sydney,All Airlines,May-16,199,197,2,154,152,43,45,2016,5
Ayers Rock-Sydney,Ayers Rock,Sydney,All Airlines,May-16,62,61,1,50,55,11,6,2016,5
Ballina-Sydney,Ballina,Sydney,All Airlines,May-16,126,125,1,98,93,27,32,2016,5
Brisbane-Adelaide,Brisbane,Adelaide,All Airlines,May-16,265,265,0,251,247,14,18,2016,5
Brisbane-Bundaberg,Brisbane,Bundaberg,All Airlines,May-16,165,165,0,155,156,10,9,2016,5
Brisbane-Cairns,Brisbane,Cairns,All Airlines,May-16,367,366,1,325,347,41,19,2016,5
Brisbane-Canberra,Brisbane,Canberra,All Airlines,May-16,252,252,0,238,238,14,14,2016,5
Brisbane-Darwin,Brisbane,Darwin,All Airlines,May-16,107,107,0,102,103,5,4,2016,5
Brisbane-Emerald,Brisbane,Emerald,All Airlines,May-16,203,201,2,186,176,15,25,2016,5
Brisbane-Gladstone,Brisbane,Gladstone,All Airlines,May-16,313,310,3,290,295,20,15,2016,5
Brisbane-Hamilton Island,Brisbane,Hamilton Island,All Airlines,May-16,63,63,0,58,59,5,4,2016,5
Brisbane-Hobart,Brisbane,Hobart,All Airlines,May-16,53,53,0,44,48,9,5,2016,5
Brisbane-Mackay,Brisbane,Mackay,All Airlines,May-16,308,307,1,283,285,24,22,2016,5
Brisbane-Melbourne,Brisbane,Melbourne,All Airlines,May-16,999,987,12,909,889,78,98,2016,5
Brisbane-Moranbah,Brisbane,Moranbah,All Airlines,May-16,179,174,5,163,158,11,16,2016,5
Brisbane-Mount Isa,Brisbane,Mount Isa,All Airlines,May-16,75,75,0,73,74,2,1,2016,5
Brisbane-Newcastle,Brisbane,Newcastle,All Airlines,May-16,257,255,2,240,238,15,17,2016,5
Brisbane-Perth,Brisbane,Perth,All Airlines,May-16,237,237,0,213,191,24,46,2016,5
Brisbane-Proserpine,Brisbane,Proserpine,All Airlines,May-16,53,53,0,48,49,5,4,2016,5
Brisbane-Rockhampton,Brisbane,Rockhampton,All Airlines,May-16,385,380,5,352,356,28,24,2016,5
Brisbane-Sydney,Brisbane,Sydney,All Airlines,May-16,1395,1375,20,1257,1261,118,114,2016,5
Brisbane-Townsville,Brisbane,Townsville,All Airlines,May-16,334,334,0,316,318,18,16,2016,5
Broome-Perth,Broome,Perth,All Airlines,May-16,143,142,1,114,111,28,31,2016,5
Bundaberg-Brisbane,Bundaberg,Brisbane,All Airlines,May-16,165,165,0,156,156,9,9,2016,5
Cairns-Brisbane,Cairns,Brisbane,All Airlines,May-16,367,366,1,347,348,19,18,2016,5
Cairns-Melbourne,Cairns,Melbourne,All Airlines,May-16,186,186,0,148,149,38,37,2016,5
Cairns-Sydney,Cairns,Sydney,All Airlines,May-16,278,276,2,253,252,23,24,2016,5
Cairns-Townsville,Cairns,Townsville,All Airlines,May-16,207,207,0,198,198,9,9,2016,5
Canberra-Adelaide,Canberra,Adelaide,All Airlines,May-16,70,69,1,68,67,1,2,2016,5
Canberra-Brisbane,Canberra,Brisbane,All Airlines,May-16,252,252,0,239,231,13,21,2016,5
Canberra-Melbourne,Canberra,Melbourne,All Airlines,May-16,474,466,8,427,411,39,55,2016,5
Canberra-Sydney,Canberra,Sydney,All Airlines,May-16,787,753,34,642,656,111,97,2016,5
Coffs Harbour-Sydney,Coffs Harbour,Sydney,All Airlines,May-16,231,228,3,191,191,37,37,2016,5
Darwin-Alice Springs,Darwin,Alice Springs,All Airlines,May-16,65,64,1,61,61,3,3,2016,5
Darwin-Brisbane,Darwin,Brisbane,All Airlines,May-16,107,107,0,97,96,10,11,2016,5
Darwin-Melbourne,Darwin,Melbourne,All Airlines,May-16,88,88,0,69,73,19,15,2016,5
Darwin-Perth,Darwin,Perth,All Airlines,May-16,62,62,0,56,56,6,6,2016,5
Darwin-Sydney,Darwin,Sydney,All Airlines,May-16,99,98,1,76,81,22,17,2016,5
Dubbo-Sydney,Dubbo,Sydney,All Airlines,May-16,288,287,1,244,252,43,35,2016,5
Emerald-Brisbane,Emerald,Brisbane,All Airlines,May-16,203,200,3,185,191,15,9,2016,5
Geraldton-Perth,Geraldton,Perth,All Airlines,May-16,105,104,1,92,92,12,12,2016,5
Gladstone-Brisbane,Gladstone,Brisbane,All Airlines,May-16,312,309,3,293,300,16,9,2016,5
Gold Coast-Adelaide,Gold Coast,Adelaide,All Airlines,May-16,63,63,0,56,52,7,11,2016,5
Gold Coast-Melbourne,Gold Coast,Melbourne,All Airlines,May-16,432,429,3,365,370,64,59,2016,5
Gold Coast-Sydney,Gold Coast,Sydney,All Airlines,May-16,708,702,6,616,625,86,77,2016,5
Hamilton Island-Brisbane,Hamilton Island,Brisbane,All Airlines,May-16,63,63,0,58,58,5,5,2016,5
Hamilton Island-Melbourne,Hamilton Island,Melbourne,All Airlines,May-16,36,36,0,34,34,2,2,2016,5
Hamilton Island-Sydney,Hamilton Island,Sydney,All Airlines,May-16,71,70,1,57,60,13,10,2016,5
Hobart-Brisbane,Hobart,Brisbane,All Airlines,May-16,52,52,0,46,44,6,8,2016,5
Hobart-Melbourne,Hobart,Melbourne,All Airlines,May-16,469,463,6,365,359,98,104,2016,5
Hobart-Sydney,Hobart,Sydney,All Airlines,May-16,170,170,0,133,136,37,34,2016,5
Kalgoorlie-Perth,Kalgoorlie,Perth,All Airlines,May-16,142,141,1,124,123,17,18,2016,5
Karratha-Perth,Karratha,Perth,All Airlines,May-16,281,269,12,245,240,24,29,2016,5
Launceston-Melbourne,Launceston,Melbourne,All Airlines,May-16,313,310,3,259,258,51,52,2016,5
Launceston-Sydney,Launceston,Sydney,All Airlines,May-16,62,62,0,52,54,10,8,2016,5
Mackay-Brisbane,Mackay,Brisbane,All Airlines,May-16,307,305,2,283,288,22,17,2016,5
Melbourne-Adelaide,Melbourne,Adelaide,All Airlines,May-16,731,725,6,639,625,86,100,2016,5
Melbourne-Brisbane,Melbourne,Brisbane,All Airlines,May-16,1003,993,10,868,882,125,111,2016,5
Melbourne-Cairns,Melbourne,Cairns,All Airlines,May-16,186,186,0,148,148,38,38,2016,5
Melbourne-Canberra,Melbourne,Canberra,All Airlines,May-16,476,467,9,414,416,53,51,2016,5
Melbourne-Darwin,Melbourne,Darwin,All Airlines,May-16,88,88,0,77,70,11,18,2016,5
Melbourne-Gold Coast,Melbourne,Gold Coast,All Airlines,May-16,433,430,3,365,374,65,56,2016,5
Melbourne-Hamilton Island,Melbourne,Hamilton Island,All Airlines,May-16,36,36,0,33,36,3,0,2016,5
Melbourne-Hobart,Melbourne,Hobart,All Airlines,May-16,469,463,6,403,395,60,68,2016,5
Melbourne-Launceston,Melbourne,Launceston,All Airlines,May-16,313,310,3,276,266,34,44,2016,5
Melbourne-Mildura,Melbourne,Mildura,All Airlines,May-16,217,216,1,191,187,25,29,2016,5
Melbourne-Newcastle,Melbourne,Newcastle,All Airlines,May-16,133,133,0,105,109,28,24,2016,5
Melbourne-Perth,Melbourne,Perth,All Airlines,May-16,403,399,4,347,308,52,91,2016,5
Melbourne-Sunshine Coast,Melbourne,Sunshine Coast,All Airlines,May-16,106,103,3,89,89,14,14,2016,5
Melbourne-Sydney,Melbourne,Sydney,All Airlines,May-16,2326,2256,70,1942,1995,314,261,2016,5
Mildura-Melbourne,Mildura,Melbourne,All Airlines,May-16,217,215,2,195,190,20,25,2016,5
Moranbah-Brisbane,Moranbah,Brisbane,All Airlines,May-16,174,168,6,153,157,15,11,2016,5
Mount Isa-Brisbane,Mount Isa,Brisbane,All Airlines,May-16,74,74,0,70,70,4,4,2016,5
Newcastle-Brisbane,Newcastle,Brisbane,All Airlines,May-16,256,252,4,234,237,18,15,2016,5
Newcastle-Melbourne,Newcastle,Melbourne,All Airlines,May-16,133,133,0,113,114,20,19,2016,5
Newman-Perth,Newman,Perth,All Airlines,May-16,192,189,3,179,178,10,11,2016,5
Perth-Adelaide,Perth,Adelaide,All Airlines,May-16,206,202,4,178,182,24,20,2016,5
Perth-Brisbane,Perth,Brisbane,All Airlines,May-16,234,234,0,221,211,13,23,2016,5
Perth-Broome,Perth,Broome,All Airlines,May-16,143,142,1,122,117,20,25,2016,5
Perth-Darwin,Perth,Darwin,All Airlines,May-16,62,62,0,57,58,5,4,2016,5
Perth-Geraldton,Perth,Geraldton,All Airlines,May-16,105,104,1,95,93,9,11,2016,5
Perth-Kalgoorlie,Perth,Kalgoorlie,All Airlines,May-16,143,142,1,126,127,16,15,2016,5
Perth-Karratha,Perth,Karratha,All Airlines,May-16,283,273,10,250,236,23,37,2016,5
Perth-Melbourne,Perth,Melbourne,All Airlines,May-16,402,398,4,334,353,64,45,2016,5
Perth-Newman,Perth,Newman,All Airlines,May-16,191,190,1,179,180,11,10,2016,5
Perth-Port Hedland,Perth,Port Hedland,All Airlines,May-16,195,190,5,176,164,14,26,2016,5
Perth-Sydney,Perth,Sydney,All Airlines,May-16,359,356,3,302,330,54,26,2016,5
Port Hedland-Perth,Port Hedland,Perth,All Airlines,May-16,196,190,6,168,168,22,22,2016,5
Port Lincoln-Adelaide,Port Lincoln,Adelaide,All Airlines,May-16,325,321,4,292,289,29,32,2016,5
Port Macquarie-Sydney,Port Macquarie,Sydney,All Airlines,May-16,200,199,1,151,146,48,53,2016,5
Proserpine-Brisbane,Proserpine,Brisbane,All Airlines,May-16,53,53,0,50,51,3,2,2016,5
Rockhampton-Brisbane,Rockhampton,Brisbane,All Airlines,May-16,384,379,5,356,365,23,14,2016,5
Sunshine Coast-Melbourne,Sunshine Coast,Melbourne,All Airlines,May-16,106,103,3,76,77,27,26,2016,5
Sunshine Coast-Sydney,Sunshine Coast,Sydney,All Airlines,May-16,141,139,2,98,110,41,29,2016,5
Sydney-Adelaide,Sydney,Adelaide,All Airlines,May-16,546,537,9,470,448,67,89,2016,5
Sydney-Albury,Sydney,Albury,All Airlines,May-16,283,281,2,249,234,32,47,2016,5
Sydney-Armidale,Sydney,Armidale,All Airlines,May-16,203,202,1,152,150,50,52,2016,5
Sydney-Ayers Rock,Sydney,Ayers Rock,All Airlines,May-16,62,61,1,57,54,4,7,2016,5
Sydney-Ballina,Sydney,Ballina,All Airlines,May-16,127,126,1,107,107,19,19,2016,5
Sydney-Brisbane,Sydney,Brisbane,All Airlines,May-16,1373,1354,19,1248,1229,106,125,2016,5
Sydney-Cairns,Sydney,Cairns,All Airlines,May-16,279,277,2,252,256,25,21,2016,5
Sydney-Canberra,Sydney,Canberra,All Airlines,May-16,788,759,29,630,614,129,145,2016,5
Sydney-Coffs Harbour,Sydney,Coffs Harbour,All Airlines,May-16,231,228,3,193,194,35,34,2016,5
Sydney-Darwin,Sydney,Darwin,All Airlines,May-16,99,99,0,87,87,12,12,2016,5
Sydney-Dubbo,Sydney,Dubbo,All Airlines,May-16,288,287,1,239,241,48,46,2016,5
Sydney-Gold Coast,Sydney,Gold Coast,All Airlines,May-16,708,702,6,626,624,76,78,2016,5
Sydney-Hamilton Island,Sydney,Hamilton Island,All Airlines,May-16,71,71,0,61,61,10,10,2016,5
Sydney-Hobart,Sydney,Hobart,All Airlines,May-16,171,171,0,142,142,29,29,2016,5
Sydney-Launceston,Sydney,Launceston,All Airlines,May-16,62,62,0,58,57,4,5,2016,5
Sydney-Melbourne,Sydney,Melbourne,All Airlines,May-16,2325,2255,70,1975,1850,280,405,2016,5
Sydney-Perth,Sydney,Perth,All Airlines,May-16,367,365,2,312,266,53,99,2016,5
Sydney-Port Macquarie,Sydney,Port Macquarie,All Airlines,May-16,199,199,0,168,155,31,44,2016,5
Sydney-Sunshine Coast,Sydney,Sunshine Coast,All Airlines,May-16,142,140,2,110,110,30,30,2016,5
Sydney-Tamworth,Sydney,Tamworth,All Airlines,May-16,186,182,4,158,149,24,33,2016,5
Sydney-Townsville,Sydney,Townsville,All Airlines,May-16,44,43,1,39,40,4,3,2016,5
Sydney-Wagga Wagga,Sydney,Wagga Wagga,All Airlines,May-16,256,255,1,227,215,28,40,2016,5
Tamworth-Sydney,Tamworth,Sydney,All Airlines,May-16,185,181,4,148,142,33,39,2016,5
Townsville-Brisbane,Townsville,Brisbane,All Airlines,May-16,334,334,0,317,321,17,13,2016,5
Townsville-Cairns,Townsville,Cairns,All Airlines,May-16,205,204,1,193,193,11,11,2016,5
Townsville-Sydney,Townsville,Sydney,All Airlines,May-16,44,43,1,36,36,7,7,2016,5
Wagga Wagga-Sydney,Wagga Wagga,Sydney,All Airlines,May-16,256,255,1,217,221,38,34,2016,5
Adelaide-Alice Springs,Adelaide,Alice Springs,All Airlines,Jun-16,44,44,0,42,40,2,4,2016,6
Adelaide-Brisbane,Adelaide,Brisbane,All Airlines,Jun-16,251,251,0,227,230,24,21,2016,6
Adelaide-Canberra,Adelaide,Canberra,All Airlines,Jun-16,64,64,0,55,59,9,5,2016,6
Adelaide-Gold Coast,Adelaide,Gold Coast,All Airlines,Jun-16,62,62,0,55,58,7,4,2016,6
Adelaide-Melbourne,Adelaide,Melbourne,All Airlines,Jun-16,699,687,12,570,580,117,107,2016,6
Adelaide-Perth,Adelaide,Perth,All Airlines,Jun-16,203,203,0,184,166,19,37,2016,6
Adelaide-Port Lincoln,Adelaide,Port Lincoln,All Airlines,Jun-16,314,311,3,294,289,17,22,2016,6
Adelaide-Sydney,Adelaide,Sydney,All Airlines,Jun-16,521,512,9,443,443,69,69,2016,6
Albury-Sydney,Albury,Sydney,All Airlines,Jun-16,268,265,3,211,211,54,54,2016,6
Alice Springs-Adelaide,Alice Springs,Adelaide,All Airlines,Jun-16,44,44,0,34,35,10,9,2016,6
Alice Springs-Darwin,Alice Springs,Darwin,All Airlines,Jun-16,72,72,0,69,69,3,3,2016,6
Armidale-Sydney,Armidale,Sydney,All Airlines,Jun-16,194,183,11,138,139,45,44,2016,6
Ayers Rock-Sydney,Ayers Rock,Sydney,All Airlines,Jun-16,60,60,0,37,48,23,12,2016,6
Ballina-Sydney,Ballina,Sydney,All Airlines,Jun-16,129,126,3,98,103,28,23,2016,6
Brisbane-Adelaide,Brisbane,Adelaide,All Airlines,Jun-16,251,251,0,223,214,28,37,2016,6
Brisbane-Bundaberg,Brisbane,Bundaberg,All Airlines,Jun-16,162,162,0,145,147,17,15,2016,6
Brisbane-Cairns,Brisbane,Cairns,All Airlines,Jun-16,374,373,1,312,328,61,45,2016,6
Brisbane-Canberra,Brisbane,Canberra,All Airlines,Jun-16,227,227,0,198,202,29,25,2016,6
Brisbane-Darwin,Brisbane,Darwin,All Airlines,Jun-16,124,124,0,111,115,13,9,2016,6
Brisbane-Emerald,Brisbane,Emerald,All Airlines,Jun-16,204,203,1,190,182,13,21,2016,6
Brisbane-Gladstone,Brisbane,Gladstone,All Airlines,Jun-16,315,306,9,280,267,26,39,2016,6
Brisbane-Hamilton Island,Brisbane,Hamilton Island,All Airlines,Jun-16,59,58,1,51,51,7,7,2016,6
Brisbane-Hobart,Brisbane,Hobart,All Airlines,Jun-16,53,53,0,47,47,6,6,2016,6
Brisbane-Mackay,Brisbane,Mackay,All Airlines,Jun-16,304,297,7,254,250,43,47,2016,6
Brisbane-Melbourne,Brisbane,Melbourne,All Airlines,Jun-16,1001,982,19,840,799,142,183,2016,6
Brisbane-Moranbah,Brisbane,Moranbah,All Airlines,Jun-16,179,164,15,151,148,13,16,2016,6
Brisbane-Mount Isa,Brisbane,Mount Isa,All Airlines,Jun-16,74,74,0,71,71,3,3,2016,6
Brisbane-Newcastle,Brisbane,Newcastle,All Airlines,Jun-16,260,255,5,214,211,41,44,2016,6
Brisbane-Perth,Brisbane,Perth,All Airlines,Jun-16,230,230,0,199,152,31,78,2016,6
Brisbane-Proserpine,Brisbane,Proserpine,All Airlines,Jun-16,53,53,0,47,49,6,4,2016,6
Brisbane-Rockhampton,Brisbane,Rockhampton,All Airlines,Jun-16,379,374,5,331,326,43,48,2016,6
Brisbane-Sydney,Brisbane,Sydney,All Airlines,Jun-16,1360,1323,37,1141,1129,182,194,2016,6
Brisbane-Townsville,Brisbane,Townsville,All Airlines,Jun-16,329,327,2,290,295,37,32,2016,6
Broome-Perth,Broome,Perth,All Airlines,Jun-16,137,137,0,110,107,27,30,2016,6
Bundaberg-Brisbane,Bundaberg,Brisbane,All Airlines,Jun-16,162,162,0,146,147,16,15,2016,6
Cairns-Brisbane,Cairns,Brisbane,All Airlines,Jun-16,374,373,1,329,331,44,42,2016,6
Cairns-Melbourne,Cairns,Melbourne,All Airlines,Jun-16,203,203,0,146,144,57,59,2016,6
Cairns-Sydney,Cairns,Sydney,All Airlines,Jun-16,297,295,2,252,251,43,44,2016,6
Cairns-Townsville,Cairns,Townsville,All Airlines,Jun-16,216,215,1,200,200,15,15,2016,6
Canberra-Adelaide,Canberra,Adelaide,All Airlines,Jun-16,64,64,0,57,57,7,7,2016,6
Canberra-Brisbane,Canberra,Brisbane,All Airlines,Jun-16,227,227,0,193,191,34,36,2016,6
Canberra-Melbourne,Canberra,Melbourne,All Airlines,Jun-16,431,423,8,368,360,55,63,2016,6
Canberra-Sydney,Canberra,Sydney,All Airlines,Jun-16,736,701,35,595,600,106,101,2016,6
Coffs Harbour-Sydney,Coffs Harbour,Sydney,All Airlines,Jun-16,222,216,6,173,174,43,42,2016,6
Darwin-Alice Springs,Darwin,Alice Springs,All Airlines,Jun-16,72,70,2,63,63,7,7,2016,6
Darwin-Brisbane,Darwin,Brisbane,All Airlines,Jun-16,124,124,0,112,112,12,12,2016,6
Darwin-Melbourne,Darwin,Melbourne,All Airlines,Jun-16,92,92,0,69,77,23,15,2016,6
Darwin-Perth,Darwin,Perth,All Airlines,Jun-16,68,68,0,62,61,6,7,2016,6
Darwin-Sydney,Darwin,Sydney,All Airlines,Jun-16,113,113,0,80,91,33,22,2016,6
Dubbo-Sydney,Dubbo,Sydney,All Airlines,Jun-16,274,268,6,227,218,41,50,2016,6
Emerald-Brisbane,Emerald,Brisbane,All Airlines,Jun-16,207,205,2,188,190,17,15,2016,6
Geraldton-Perth,Geraldton,Perth,All Airlines,Jun-16,104,103,1,91,96,12,7,2016,6
Gladstone-Brisbane,Gladstone,Brisbane,All Airlines,Jun-16,315,307,8,275,277,32,30,2016,6
Gold Coast-Adelaide,Gold Coast,Adelaide,All Airlines,Jun-16,62,62,0,57,48,5,14,2016,6
Gold Coast-Melbourne,Gold Coast,Melbourne,All Airlines,Jun-16,452,443,9,332,339,111,104,2016,6
Gold Coast-Sydney,Gold Coast,Sydney,All Airlines,Jun-16,699,682,17,552,555,130,127,2016,6
Hamilton Island-Brisbane,Hamilton Island,Brisbane,All Airlines,Jun-16,59,58,1,49,52,9,6,2016,6
Hamilton Island-Melbourne,Hamilton Island,Melbourne,All Airlines,Jun-16,33,32,1,25,27,7,5,2016,6
Hamilton Island-Sydney,Hamilton Island,Sydney,All Airlines,Jun-16,71,70,1,50,54,20,16,2016,6
Hobart-Brisbane,Hobart,Brisbane,All Airlines,Jun-16,53,53,0,42,41,11,12,2016,6
Hobart-Melbourne,Hobart,Melbourne,All Airlines,Jun-16,464,460,4,349,334,111,126,2016,6
Hobart-Sydney,Hobart,Sydney,All Airlines,Jun-16,174,172,2,135,136,37,36,2016,6
Kalgoorlie-Perth,Kalgoorlie,Perth,All Airlines,Jun-16,143,139,4,117,117,22,22,2016,6
Karratha-Perth,Karratha,Perth,All Airlines,Jun-16,263,254,9,216,211,38,43,2016,6
Launceston-Melbourne,Launceston,Melbourne,All Airlines,Jun-16,316,305,11,235,230,70,75,2016,6
Launceston-Sydney,Launceston,Sydney,All Airlines,Jun-16,63,63,0,45,45,18,18,2016,6
Mackay-Brisbane,Mackay,Brisbane,All Airlines,Jun-16,302,296,6,249,254,47,42,2016,6
Melbourne-Adelaide,Melbourne,Adelaide,All Airlines,Jun-16,699,690,9,580,575,110,115,2016,6
Melbourne-Brisbane,Melbourne,Brisbane,All Airlines,Jun-16,998,980,18,827,794,153,186,2016,6
Melbourne-Cairns,Melbourne,Cairns,All Airlines,Jun-16,205,205,0,145,150,60,55,2016,6
Melbourne-Canberra,Melbourne,Canberra,All Airlines,Jun-16,431,421,10,365,363,56,58,2016,6
Melbourne-Darwin,Melbourne,Darwin,All Airlines,Jun-16,92,92,0,72,71,20,21,2016,6
Melbourne-Gold Coast,Melbourne,Gold Coast,All Airlines,Jun-16,452,444,8,349,327,95,117,2016,6
Melbourne-Hamilton Island,Melbourne,Hamilton Island,All Airlines,Jun-16,33,32,1,27,28,5,4,2016,6
Melbourne-Hobart,Melbourne,Hobart,All Airlines,Jun-16,464,460,4,381,372,79,88,2016,6
Melbourne-Launceston,Melbourne,Launceston,All Airlines,Jun-16,317,307,10,254,240,53,67,2016,6
Melbourne-Mildura,Melbourne,Mildura,All Airlines,Jun-16,205,204,1,169,163,35,41,2016,6
Melbourne-Newcastle,Melbourne,Newcastle,All Airlines,Jun-16,139,134,5,101,104,33,30,2016,6
Melbourne-Perth,Melbourne,Perth,All Airlines,Jun-16,424,423,1,341,322,82,101,2016,6
Melbourne-Sunshine Coast,Melbourne,Sunshine Coast,All Airlines,Jun-16,117,116,1,92,94,24,22,2016,6
Melbourne-Sydney,Melbourne,Sydney,All Airlines,Jun-16,2242,2123,119,1695,1686,428,437,2016,6
Mildura-Melbourne,Mildura,Melbourne,All Airlines,Jun-16,205,204,1,156,154,48,50,2016,6
Moranbah-Brisbane,Moranbah,Brisbane,All Airlines,Jun-16,175,163,12,147,148,16,15,2016,6
Mount Isa-Brisbane,Mount Isa,Brisbane,All Airlines,Jun-16,74,74,0,70,71,4,3,2016,6
Newcastle-Brisbane,Newcastle,Brisbane,All Airlines,Jun-16,260,255,5,221,220,34,35,2016,6
Newcastle-Melbourne,Newcastle,Melbourne,All Airlines,Jun-16,138,134,4,93,94,41,40,2016,6
Newman-Perth,Newman,Perth,All Airlines,Jun-16,184,182,2,172,169,10,13,2016,6
Perth-Adelaide,Perth,Adelaide,All Airlines,Jun-16,209,206,3,180,190,26,16,2016,6
Perth-Brisbane,Perth,Brisbane,All Airlines,Jun-16,232,232,0,206,209,26,23,2016,6
Perth-Broome,Perth,Broome,All Airlines,Jun-16,137,137,0,119,118,18,19,2016,6
Perth-Darwin,Perth,Darwin,All Airlines,Jun-16,69,69,0,60,60,9,9,2016,6
Perth-Geraldton,Perth,Geraldton,All Airlines,Jun-16,104,104,0,93,92,11,12,2016,6
Perth-Kalgoorlie,Perth,Kalgoorlie,All Airlines,Jun-16,142,139,3,120,114,19,25,2016,6
Perth-Karratha,Perth,Karratha,All Airlines,Jun-16,266,257,9,220,213,37,44,2016,6
Perth-Melbourne,Perth,Melbourne,All Airlines,Jun-16,421,418,3,332,359,86,59,2016,6
Perth-Newman,Perth,Newman,All Airlines,Jun-16,184,183,1,171,169,12,14,2016,6
Perth-Port Hedland,Perth,Port Hedland,All Airlines,Jun-16,188,186,2,168,159,18,27,2016,6
Perth-Sydney,Perth,Sydney,All Airlines,Jun-16,362,361,1,295,322,66,39,2016,6
Port Hedland-Perth,Port Hedland,Perth,All Airlines,Jun-16,185,183,2,163,165,20,18,2016,6
Port Lincoln-Adelaide,Port Lincoln,Adelaide,All Airlines,Jun-16,314,310,4,283,272,27,38,2016,6
Port Macquarie-Sydney,Port Macquarie,Sydney,All Airlines,Jun-16,192,188,4,148,148,40,40,2016,6
Proserpine-Brisbane,Proserpine,Brisbane,All Airlines,Jun-16,53,53,0,44,44,9,9,2016,6
Rockhampton-Brisbane,Rockhampton,Brisbane,All Airlines,Jun-16,382,372,10,328,332,44,40,2016,6
Sunshine Coast-Melbourne,Sunshine Coast,Melbourne,All Airlines,Jun-16,117,116,1,74,82,42,34,2016,6
Sunshine Coast-Sydney,Sunshine Coast,Sydney,All Airlines,Jun-16,144,134,10,87,88,47,46,2016,6
Sydney-Adelaide,Sydney,Adelaide,All Airlines,Jun-16,516,507,9,427,410,80,97,2016,6
Sydney-Albury,Sydney,Albury,All Airlines,Jun-16,266,263,3,216,207,47,56,2016,6
Sydney-Armidale,Sydney,Armidale,All Airlines,Jun-16,193,189,4,158,137,31,52,2016,6
Sydney-Ayers Rock,Sydney,Ayers Rock,All Airlines,Jun-16,60,60,0,53,41,7,19,2016,6
Sydney-Ballina,Sydney,Ballina,All Airlines,Jun-16,131,129,2,112,110,17,19,2016,6
Sydney-Brisbane,Sydney,Brisbane,All Airlines,Jun-16,1339,1303,36,1109,1048,194,255,2016,6
Sydney-Cairns,Sydney,Cairns,All Airlines,Jun-16,297,296,1,257,257,39,39,2016,6
Sydney-Canberra,Sydney,Canberra,All Airlines,Jun-16,736,703,33,593,592,110,111,2016,6
Sydney-Coffs Harbour,Sydney,Coffs Harbour,All Airlines,Jun-16,222,218,4,177,176,41,42,2016,6
Sydney-Darwin,Sydney,Darwin,All Airlines,Jun-16,114,114,0,98,88,16,26,2016,6
Sydney-Dubbo,Sydney,Dubbo,All Airlines,Jun-16,273,268,5,221,219,47,49,2016,6
Sydney-Gold Coast,Sydney,Gold Coast,All Airlines,Jun-16,700,683,17,569,557,114,126,2016,6
Sydney-Hamilton Island,Sydney,Hamilton Island,All Airlines,Jun-16,72,70,2,62,57,8,13,2016,6
Sydney-Hobart,Sydney,Hobart,All Airlines,Jun-16,174,173,1,132,136,41,37,2016,6
Sydney-Launceston,Sydney,Launceston,All Airlines,Jun-16,63,63,0,56,55,7,8,2016,6
Sydney-Melbourne,Sydney,Melbourne,All Airlines,Jun-16,2243,2121,122,1742,1645,379,476,2016,6
Sydney-Perth,Sydney,Perth,All Airlines,Jun-16,367,365,2,315,267,50,98,2016,6
Sydney-Port Macquarie,Sydney,Port Macquarie,All Airlines,Jun-16,193,189,4,156,149,33,40,2016,6
Sydney-Sunshine Coast,Sydney,Sunshine Coast,All Airlines,Jun-16,144,136,8,95,96,41,40,2016,6
Sydney-Tamworth,Sydney,Tamworth,All Airlines,Jun-16,181,175,6,145,138,30,37,2016,6
Sydney-Townsville,Sydney,Townsville,All Airlines,Jun-16,43,43,0,38,37,5,6,2016,6
Sydney-Wagga Wagga,Sydney,Wagga Wagga,All Airlines,Jun-16,244,241,3,202,193,39,48,2016,6
Tamworth-Sydney,Tamworth,Sydney,All Airlines,Jun-16,180,175,5,139,140,36,35,2016,6
Townsville-Brisbane,Townsville,Brisbane,All Airlines,Jun-16,328,325,3,288,288,37,37,2016,6
Townsville-Cairns,Townsville,Cairns,All Airlines,Jun-16,216,214,2,202,203,12,11,2016,6
Townsville-Sydney,Townsville,Sydney,All Airlines,Jun-16,43,43,0,32,32,11,11,2016,6
Wagga Wagga-Sydney,Wagga Wagga,Sydney,All Airlines,Jun-16,239,236,3,201,195,35,41,2016,6
Adelaide-Alice Springs,Adelaide,Alice Springs,All Airlines,Jul-16,43,43,0,37,35,6,8,2016,7
Adelaide-Brisbane,Adelaide,Brisbane,All Airlines,Jul-16,286,286,0,236,241,50,45,2016,7
Adelaide-Canberra,Adelaide,Canberra,All Airlines,Jul-16,69,68,1,57,59,11,9,2016,7
Adelaide-Gold Coast,Adelaide,Gold Coast,All Airlines,Jul-16,70,69,1,58,61,11,8,2016,7
Adelaide-Melbourne,Adelaide,Melbourne,All Airlines,Jul-16,777,769,8,582,599,187,170,2016,7
Adelaide-Perth,Adelaide,Perth,All Airlines,Jul-16,219,217,2,187,167,30,50,2016,7
Adelaide-Port Lincoln,Adelaide,Port Lincoln,All Airlines,Jul-16,322,316,6,282,272,34,44,2016,7
Adelaide-Sydney,Adelaide,Sydney,All Airlines,Jul-16,570,560,10,432,439,128,121,2016,7
Albury-Sydney,Albury,Sydney,All Airlines,Jul-16,278,269,9,193,187,76,82,2016,7
Alice Springs-Adelaide,Alice Springs,Adelaide,All Airlines,Jul-16,43,42,1,27,29,15,13,2016,7
Alice Springs-Darwin,Alice Springs,Darwin,All Airlines,Jul-16,74,74,0,64,63,10,11,2016,7
Armidale-Sydney,Armidale,Sydney,All Airlines,Jul-16,196,190,6,136,133,54,57,2016,7
Ayers Rock-Sydney,Ayers Rock,Sydney,All Airlines,Jul-16,62,61,1,33,38,28,23,2016,7
Ballina-Sydney,Ballina,Sydney,All Airlines,Jul-16,142,142,0,97,96,45,46,2016,7
Brisbane-Adelaide,Brisbane,Adelaide,All Airlines,Jul-16,286,285,1,247,233,38,52,2016,7
Brisbane-Bundaberg,Brisbane,Bundaberg,All Airlines,Jul-16,162,161,1,132,131,29,30,2016,7
Brisbane-Cairns,Brisbane,Cairns,All Airlines,Jul-16,415,415,0,331,335,84,80,2016,7
Brisbane-Canberra,Brisbane,Canberra,All Airlines,Jul-16,250,249,1,216,217,33,32,2016,7
Brisbane-Darwin,Brisbane,Darwin,All Airlines,Jul-16,137,137,0,120,117,17,20,2016,7
Brisbane-Emerald,Brisbane,Emerald,All Airlines,Jul-16,210,201,9,185,172,16,29,2016,7
Brisbane-Gladstone,Brisbane,Gladstone,All Airlines,Jul-16,327,309,18,274,256,35,53,2016,7
Brisbane-Hamilton Island,Brisbane,Hamilton Island,All Airlines,Jul-16,63,63,0,54,52,9,11,2016,7
Brisbane-Hobart,Brisbane,Hobart,All Airlines,Jul-16,60,60,0,56,53,4,7,2016,7
Brisbane-Mackay,Brisbane,Mackay,All Airlines,Jul-16,307,299,8,248,242,51,57,2016,7
Brisbane-Melbourne,Brisbane,Melbourne,All Airlines,Jul-16,1112,1091,21,893,801,198,290,2016,7
Brisbane-Moranbah,Brisbane,Moranbah,All Airlines,Jul-16,172,155,17,129,126,26,29,2016,7
Brisbane-Mount Isa,Brisbane,Mount Isa,All Airlines,Jul-16,73,73,0,69,67,4,6,2016,7
Brisbane-Newcastle,Brisbane,Newcastle,All Airlines,Jul-16,276,270,6,214,209,56,61,2016,7
Brisbane-Perth,Brisbane,Perth,All Airlines,Jul-16,241,241,0,188,176,53,65,2016,7
Brisbane-Proserpine,Brisbane,Proserpine,All Airlines,Jul-16,62,62,0,44,42,18,20,2016,7
Brisbane-Rockhampton,Brisbane,Rockhampton,All Airlines,Jul-16,389,378,11,317,305,61,73,2016,7
Brisbane-Sydney,Brisbane,Sydney,All Airlines,Jul-16,1486,1454,32,1200,1156,254,298,2016,7
Brisbane-Townsville,Brisbane,Townsville,All Airlines,Jul-16,343,341,2,288,282,53,59,2016,7
Broome-Perth,Broome,Perth,All Airlines,Jul-16,152,151,1,118,113,33,38,2016,7
Bundaberg-Brisbane,Bundaberg,Brisbane,All Airlines,Jul-16,162,160,2,131,136,29,24,2016,7
Cairns-Brisbane,Cairns,Brisbane,All Airlines,Jul-16,415,414,1,334,346,80,68,2016,7
Cairns-Melbourne,Cairns,Melbourne,All Airlines,Jul-16,253,253,0,143,156,110,97,2016,7
Cairns-Sydney,Cairns,Sydney,All Airlines,Jul-16,347,344,3,242,270,102,74,2016,7
Cairns-Townsville,Cairns,Townsville,All Airlines,Jul-16,214,209,5,187,187,22,22,2016,7
Canberra-Adelaide,Canberra,Adelaide,All Airlines,Jul-16,69,68,1,62,56,6,12,2016,7
Canberra-Brisbane,Canberra,Brisbane,All Airlines,Jul-16,250,248,2,217,202,31,46,2016,7
Canberra-Melbourne,Canberra,Melbourne,All Airlines,Jul-16,476,456,20,372,353,84,103,2016,7
Canberra-Sydney,Canberra,Sydney,All Airlines,Jul-16,781,731,50,579,575,152,156,2016,7
Coffs Harbour-Sydney,Coffs Harbour,Sydney,All Airlines,Jul-16,230,221,9,184,179,37,42,2016,7
Darwin-Alice Springs,Darwin,Alice Springs,All Airlines,Jul-16,74,74,0,69,67,5,7,2016,7
Darwin-Brisbane,Darwin,Brisbane,All Airlines,Jul-16,137,137,0,110,105,27,32,2016,7
Darwin-Melbourne,Darwin,Melbourne,All Airlines,Jul-16,102,101,1,77,82,24,19,2016,7
Darwin-Perth,Darwin,Perth,All Airlines,Jul-16,73,73,0,66,67,7,6,2016,7
Darwin-Sydney,Darwin,Sydney,All Airlines,Jul-16,132,131,1,97,101,34,30,2016,7
Dubbo-Sydney,Dubbo,Sydney,All Airlines,Jul-16,282,276,6,210,205,66,71,2016,7
Emerald-Brisbane,Emerald,Brisbane,All Airlines,Jul-16,210,200,10,172,171,28,29,2016,7
Geraldton-Perth,Geraldton,Perth,All Airlines,Jul-16,104,102,2,86,86,16,16,2016,7
Gladstone-Brisbane,Gladstone,Brisbane,All Airlines,Jul-16,327,309,18,259,256,50,53,2016,7
Gold Coast-Adelaide,Gold Coast,Adelaide,All Airlines,Jul-16,70,69,1,61,51,8,18,2016,7
Gold Coast-Melbourne,Gold Coast,Melbourne,All Airlines,Jul-16,537,531,6,375,365,156,166,2016,7
Gold Coast-Sydney,Gold Coast,Sydney,All Airlines,Jul-16,805,792,13,614,611,178,181,2016,7
Hamilton Island-Brisbane,Hamilton Island,Brisbane,All Airlines,Jul-16,63,62,1,47,49,15,13,2016,7
Hamilton Island-Melbourne,Hamilton Island,Melbourne,All Airlines,Jul-16,37,36,1,31,33,5,3,2016,7
Hamilton Island-Sydney,Hamilton Island,Sydney,All Airlines,Jul-16,91,91,0,50,59,41,32,2016,7
Hobart-Brisbane,Hobart,Brisbane,All Airlines,Jul-16,59,59,0,46,50,13,9,2016,7
Hobart-Melbourne,Hobart,Melbourne,All Airlines,Jul-16,504,489,15,361,333,128,156,2016,7
Hobart-Sydney,Hobart,Sydney,All Airlines,Jul-16,195,189,6,139,145,50,44,2016,7
Kalgoorlie-Perth,Kalgoorlie,Perth,All Airlines,Jul-16,141,141,0,122,122,19,19,2016,7
Karratha-Perth,Karratha,Perth,All Airlines,Jul-16,275,267,8,242,239,25,28,2016,7
Launceston-Melbourne,Launceston,Melbourne,All Airlines,Jul-16,340,330,10,243,232,87,98,2016,7
Launceston-Sydney,Launceston,Sydney,All Airlines,Jul-16,73,73,0,52,49,21,24,2016,7
Mackay-Brisbane,Mackay,Brisbane,All Airlines,Jul-16,309,300,9,225,237,75,63,2016,7
Melbourne-Adelaide,Melbourne,Adelaide,All Airlines,Jul-16,776,770,6,612,566,158,204,2016,7
Melbourne-Brisbane,Melbourne,Brisbane,All Airlines,Jul-16,1115,1094,21,865,850,229,244,2016,7
Melbourne-Cairns,Melbourne,Cairns,All Airlines,Jul-16,253,253,0,175,154,78,99,2016,7
Melbourne-Canberra,Melbourne,Canberra,All Airlines,Jul-16,476,457,19,375,366,82,91,2016,7
Melbourne-Darwin,Melbourne,Darwin,All Airlines,Jul-16,102,102,0,84,84,18,18,2016,7
Melbourne-Gold Coast,Melbourne,Gold Coast,All Airlines,Jul-16,538,531,7,404,394,127,137,2016,7
Melbourne-Hamilton Island,Melbourne,Hamilton Island,All Airlines,Jul-16,37,36,1,33,32,3,4,2016,7
Melbourne-Hobart,Melbourne,Hobart,All Airlines,Jul-16,506,491,15,380,367,111,124,2016,7
Melbourne-Launceston,Melbourne,Launceston,All Airlines,Jul-16,340,330,10,253,240,77,90,2016,7
Melbourne-Mildura,Melbourne,Mildura,All Airlines,Jul-16,215,213,2,172,165,41,48,2016,7
Melbourne-Newcastle,Melbourne,Newcastle,All Airlines,Jul-16,149,148,1,101,112,47,36,2016,7
Melbourne-Perth,Melbourne,Perth,All Airlines,Jul-16,448,446,2,354,294,92,152,2016,7
Melbourne-Sunshine Coast,Melbourne,Sunshine Coast,All Airlines,Jul-16,140,139,1,118,118,21,21,2016,7
Melbourne-Sydney,Melbourne,Sydney,All Airlines,Jul-16,2444,2293,151,1766,1763,527,530,2016,7
Mildura-Melbourne,Mildura,Melbourne,All Airlines,Jul-16,215,213,2,166,164,47,49,2016,7
Moranbah-Brisbane,Moranbah,Brisbane,All Airlines,Jul-16,168,153,15,125,123,28,30,2016,7
Mount Isa-Brisbane,Mount Isa,Brisbane,All Airlines,Jul-16,74,74,0,68,69,6,5,2016,7
Newcastle-Brisbane,Newcastle,Brisbane,All Airlines,Jul-16,275,270,5,212,216,58,54,2016,7
Newcastle-Melbourne,Newcastle,Melbourne,All Airlines,Jul-16,149,149,0,98,87,51,62,2016,7
Newman-Perth,Newman,Perth,All Airlines,Jul-16,174,169,5,149,146,20,23,2016,7
Perth-Adelaide,Perth,Adelaide,All Airlines,Jul-16,224,222,2,186,200,36,22,2016,7
Perth-Brisbane,Perth,Brisbane,All Airlines,Jul-16,236,236,0,207,205,29,31,2016,7
Perth-Broome,Perth,Broome,All Airlines,Jul-16,152,150,2,130,130,20,20,2016,7
Perth-Darwin,Perth,Darwin,All Airlines,Jul-16,72,72,0,65,67,7,5,2016,7
Perth-Geraldton,Perth,Geraldton,All Airlines,Jul-16,104,102,2,89,89,13,13,2016,7
Perth-Kalgoorlie,Perth,Kalgoorlie,All Airlines,Jul-16,140,140,0,121,123,19,17,2016,7
Perth-Karratha,Perth,Karratha,All Airlines,Jul-16,274,269,5,247,242,22,27,2016,7
Perth-Melbourne,Perth,Melbourne,All Airlines,Jul-16,450,449,1,332,370,117,79,2016,7
Perth-Newman,Perth,Newman,All Airlines,Jul-16,176,172,4,159,160,13,12,2016,7
Perth-Port Hedland,Perth,Port Hedland,All Airlines,Jul-16,187,184,3,165,160,19,24,2016,7
Perth-Sydney,Perth,Sydney,All Airlines,Jul-16,383,380,3,287,337,93,43,2016,7
Port Hedland-Perth,Port Hedland,Perth,All Airlines,Jul-16,182,182,0,167,165,15,17,2016,7
Port Lincoln-Adelaide,Port Lincoln,Adelaide,All Airlines,Jul-16,324,316,8,274,265,42,51,2016,7
Port Macquarie-Sydney,Port Macquarie,Sydney,All Airlines,Jul-16,196,193,3,124,113,69,80,2016,7
Proserpine-Brisbane,Proserpine,Brisbane,All Airlines,Jul-16,62,62,0,41,45,21,17,2016,7
Rockhampton-Brisbane,Rockhampton,Brisbane,All Airlines,Jul-16,389,378,11,304,304,74,74,2016,7
Sunshine Coast-Melbourne,Sunshine Coast,Melbourne,All Airlines,Jul-16,140,139,1,92,87,47,52,2016,7
Sunshine Coast-Sydney,Sunshine Coast,Sydney,All Airlines,Jul-16,175,172,3,106,113,66,59,2016,7
Sydney-Adelaide,Sydney,Adelaide,All Airlines,Jul-16,564,556,8,455,383,101,173,2016,7
Sydney-Albury,Sydney,Albury,All Airlines,Jul-16,279,269,10,194,188,75,81,2016,7
Sydney-Armidale,Sydney,Armidale,All Airlines,Jul-16,195,194,1,143,131,51,63,2016,7
Sydney-Ayers Rock,Sydney,Ayers Rock,All Airlines,Jul-16,62,62,0,55,39,7,23,2016,7
Sydney-Ballina,Sydney,Ballina,All Airlines,Jul-16,141,141,0,119,115,22,26,2016,7
Sydney-Brisbane,Sydney,Brisbane,All Airlines,Jul-16,1488,1453,35,1153,1076,300,377,2016,7
Sydney-Cairns,Sydney,Cairns,All Airlines,Jul-16,346,343,3,271,250,72,93,2016,7
Sydney-Canberra,Sydney,Canberra,All Airlines,Jul-16,776,730,46,552,543,178,187,2016,7
Sydney-Coffs Harbour,Sydney,Coffs Harbour,All Airlines,Jul-16,231,221,10,180,176,41,45,2016,7
Sydney-Darwin,Sydney,Darwin,All Airlines,Jul-16,132,132,0,99,97,33,35,2016,7
Sydney-Dubbo,Sydney,Dubbo,All Airlines,Jul-16,280,275,5,204,209,71,66,2016,7
Sydney-Gold Coast,Sydney,Gold Coast,All Airlines,Jul-16,805,791,14,624,627,167,164,2016,7
Sydney-Hamilton Island,Sydney,Hamilton Island,All Airlines,Jul-16,91,91,0,75,58,16,33,2016,7
Sydney-Hobart,Sydney,Hobart,All Airlines,Jul-16,195,191,4,151,148,40,43,2016,7
Sydney-Launceston,Sydney,Launceston,All Airlines,Jul-16,73,73,0,59,63,14,10,2016,7
Sydney-Melbourne,Sydney,Melbourne,All Airlines,Jul-16,2439,2294,145,1722,1490,572,804,2016,7
Sydney-Perth,Sydney,Perth,All Airlines,Jul-16,381,380,1,297,249,83,131,2016,7
Sydney-Port Macquarie,Sydney,Port Macquarie,All Airlines,Jul-16,196,194,2,129,130,65,64,2016,7
Sydney-Sunshine Coast,Sydney,Sunshine Coast,All Airlines,Jul-16,175,173,2,124,123,49,50,2016,7
Sydney-Tamworth,Sydney,Tamworth,All Airlines,Jul-16,208,197,11,137,137,60,60,2016,7
Sydney-Townsville,Sydney,Townsville,All Airlines,Jul-16,64,64,0,50,48,14,16,2016,7
Sydney-Wagga Wagga,Sydney,Wagga Wagga,All Airlines,Jul-16,257,253,4,207,196,46,57,2016,7
Tamworth-Sydney,Tamworth,Sydney,All Airlines,Jul-16,207,195,12,145,146,50,49,2016,7
Townsville-Brisbane,Townsville,Brisbane,All Airlines,Jul-16,344,342,2,275,278,67,64,2016,7
Townsville-Cairns,Townsville,Cairns,All Airlines,Jul-16,214,208,6,184,184,24,24,2016,7
Townsville-Sydney,Townsville,Sydney,All Airlines,Jul-16,64,64,0,36,45,28,19,2016,7
Wagga Wagga-Sydney,Wagga Wagga,Sydney,All Airlines,Jul-16,257,253,4,198,196,55,57,2016,7
Adelaide-Alice Springs,Adelaide,Alice Springs,All Airlines,Aug-16,45,45,0,43,42,2,3,2016,8
Adelaide-Brisbane,Adelaide,Brisbane,All Airlines,Aug-16,288,286,2,269,272,17,14,2016,8
Adelaide-Canberra,Adelaide,Canberra,All Airlines,Aug-16,77,77,0,71,75,6,2,2016,8
Adelaide-Gold Coast,Adelaide,Gold Coast,All Airlines,Aug-16,66,66,0,58,60,8,6,2016,8
Adelaide-Melbourne,Adelaide,Melbourne,All Airlines,Aug-16,758,749,9,674,679,75,70,2016,8
Adelaide-Perth,Adelaide,Perth,All Airlines,Aug-16,226,224,2,214,193,10,31,2016,8
Adelaide-Port Lincoln,Adelaide,Port Lincoln,All Airlines,Aug-16,325,321,4,310,297,11,24,2016,8
Adelaide-Sydney,Adelaide,Sydney,All Airlines,Aug-16,566,562,4,518,515,44,47,2016,8
Albury-Sydney,Albury,Sydney,All Airlines,Aug-16,285,285,0,251,239,34,46,2016,8
Alice Springs-Adelaide,Alice Springs,Adelaide,All Airlines,Aug-16,45,45,0,35,40,10,5,2016,8
Alice Springs-Darwin,Alice Springs,Darwin,All Airlines,Aug-16,76,75,1,70,72,5,3,2016,8
Armidale-Sydney,Armidale,Sydney,All Airlines,Aug-16,198,194,4,161,154,33,40,2016,8
Ayers Rock-Sydney,Ayers Rock,Sydney,All Airlines,Aug-16,62,61,1,47,55,14,6,2016,8
Ballina-Sydney,Ballina,Sydney,All Airlines,Aug-16,131,131,0,112,110,19,21,2016,8
Brisbane-Adelaide,Brisbane,Adelaide,All Airlines,Aug-16,288,286,2,265,268,21,18,2016,8
Brisbane-Bundaberg,Brisbane,Bundaberg,All Airlines,Aug-16,170,170,0,156,154,14,16,2016,8
Brisbane-Cairns,Brisbane,Cairns,All Airlines,Aug-16,409,409,0,347,352,62,57,2016,8
Brisbane-Canberra,Brisbane,Canberra,All Airlines,Aug-16,258,258,0,233,234,25,24,2016,8
Brisbane-Darwin,Brisbane,Darwin,All Airlines,Aug-16,131,131,0,121,117,10,14,2016,8
Brisbane-Emerald,Brisbane,Emerald,All Airlines,Aug-16,219,218,1,204,196,14,22,2016,8
Brisbane-Gladstone,Brisbane,Gladstone,All Airlines,Aug-16,328,317,11,298,288,19,29,2016,8
Brisbane-Hamilton Island,Brisbane,Hamilton Island,All Airlines,Aug-16,60,60,0,55,52,5,8,2016,8
Brisbane-Hobart,Brisbane,Hobart,All Airlines,Aug-16,58,58,0,56,57,2,1,2016,8
Brisbane-Mackay,Brisbane,Mackay,All Airlines,Aug-16,312,309,3,281,275,28,34,2016,8
Brisbane-Melbourne,Brisbane,Melbourne,All Airlines,Aug-16,1064,1036,28,936,921,100,115,2016,8
Brisbane-Moranbah,Brisbane,Moranbah,All Airlines,Aug-16,184,177,7,165,158,12,19,2016,8
Brisbane-Mount Isa,Brisbane,Mount Isa,All Airlines,Aug-16,77,77,0,73,69,4,8,2016,8
Brisbane-Newcastle,Brisbane,Newcastle,All Airlines,Aug-16,280,277,3,249,250,28,27,2016,8
Brisbane-Perth,Brisbane,Perth,All Airlines,Aug-16,247,245,2,219,185,26,60,2016,8
Brisbane-Proserpine,Brisbane,Proserpine,All Airlines,Aug-16,63,63,0,51,52,12,11,2016,8
Brisbane-Rockhampton,Brisbane,Rockhampton,All Airlines,Aug-16,381,372,9,335,330,37,42,2016,8
Brisbane-Sydney,Brisbane,Sydney,All Airlines,Aug-16,1466,1441,25,1312,1292,129,149,2016,8
Brisbane-Townsville,Brisbane,Townsville,All Airlines,Aug-16,343,339,4,312,306,27,33,2016,8
Broome-Perth,Broome,Perth,All Airlines,Aug-16,155,153,2,123,113,30,40,2016,8
Bundaberg-Brisbane,Bundaberg,Brisbane,All Airlines,Aug-16,170,170,0,155,155,15,15,2016,8
Cairns-Brisbane,Cairns,Brisbane,All Airlines,Aug-16,409,409,0,362,364,47,45,2016,8
Cairns-Melbourne,Cairns,Melbourne,All Airlines,Aug-16,228,228,0,177,165,51,63,2016,8
Cairns-Sydney,Cairns,Sydney,All Airlines,Aug-16,328,327,1,293,290,34,37,2016,8
Cairns-Townsville,Cairns,Townsville,All Airlines,Aug-16,223,220,3,211,211,9,9,2016,8
Canberra-Adelaide,Canberra,Adelaide,All Airlines,Aug-16,77,77,0,70,71,7,6,2016,8
Canberra-Brisbane,Canberra,Brisbane,All Airlines,Aug-16,258,257,1,231,221,26,36,2016,8
Canberra-Melbourne,Canberra,Melbourne,All Airlines,Aug-16,487,474,13,443,433,31,41,2016,8
Canberra-Sydney,Canberra,Sydney,All Airlines,Aug-16,813,777,36,692,691,85,86,2016,8
Coffs Harbour-Sydney,Coffs Harbour,Sydney,All Airlines,Aug-16,230,229,1,190,195,39,34,2016,8
Darwin-Alice Springs,Darwin,Alice Springs,All Airlines,Aug-16,76,75,1,73,65,2,10,2016,8
Darwin-Brisbane,Darwin,Brisbane,All Airlines,Aug-16,131,131,0,112,113,19,18,2016,8
Darwin-Melbourne,Darwin,Melbourne,All Airlines,Aug-16,102,102,0,79,79,23,23,2016,8
Darwin-Perth,Darwin,Perth,All Airlines,Aug-16,71,71,0,63,58,8,13,2016,8
Darwin-Sydney,Darwin,Sydney,All Airlines,Aug-16,115,113,2,82,86,31,27,2016,8
Dubbo-Sydney,Dubbo,Sydney,All Airlines,Aug-16,291,288,3,251,236,37,52,2016,8
Emerald-Brisbane,Emerald,Brisbane,All Airlines,Aug-16,218,216,2,197,204,19,12,2016,8
Geraldton-Perth,Geraldton,Perth,All Airlines,Aug-16,104,102,2,83,83,19,19,2016,8
Gladstone-Brisbane,Gladstone,Brisbane,All Airlines,Aug-16,328,316,12,286,291,30,25,2016,8
Gold Coast-Adelaide,Gold Coast,Adelaide,All Airlines,Aug-16,65,65,0,55,54,10,11,2016,8
Gold Coast-Melbourne,Gold Coast,Melbourne,All Airlines,Aug-16,492,489,3,403,431,86,58,2016,8
Gold Coast-Sydney,Gold Coast,Sydney,All Airlines,Aug-16,732,728,4,657,664,71,64,2016,8
Hamilton Island-Brisbane,Hamilton Island,Brisbane,All Airlines,Aug-16,60,60,0,51,52,9,8,2016,8
Hamilton Island-Melbourne,Hamilton Island,Melbourne,All Airlines,Aug-16,34,34,0,29,30,5,4,2016,8
Hamilton Island-Sydney,Hamilton Island,Sydney,All Airlines,Aug-16,91,91,0,61,67,30,24,2016,8
Hobart-Brisbane,Hobart,Brisbane,All Airlines,Aug-16,57,57,0,50,52,7,5,2016,8
Hobart-Melbourne,Hobart,Melbourne,All Airlines,Aug-16,474,467,7,395,386,72,81,2016,8
Hobart-Sydney,Hobart,Sydney,All Airlines,Aug-16,176,175,1,150,157,25,18,2016,8
Kalgoorlie-Perth,Kalgoorlie,Perth,All Airlines,Aug-16,151,149,2,127,126,22,23,2016,8
Karratha-Perth,Karratha,Perth,All Airlines,Aug-16,294,283,11,259,247,24,36,2016,8
Launceston-Melbourne,Launceston,Melbourne,All Airlines,Aug-16,305,299,6,262,264,37,35,2016,8
Launceston-Sydney,Launceston,Sydney,All Airlines,Aug-16,62,62,0,53,55,9,7,2016,8
Mackay-Brisbane,Mackay,Brisbane,All Airlines,Aug-16,312,310,2,268,273,42,37,2016,8
Melbourne-Adelaide,Melbourne,Adelaide,All Airlines,Aug-16,759,750,9,667,645,83,105,2016,8
Melbourne-Brisbane,Melbourne,Brisbane,All Airlines,Aug-16,1064,1037,27,925,929,112,108,2016,8
Melbourne-Cairns,Melbourne,Cairns,All Airlines,Aug-16,227,227,0,169,174,58,53,2016,8
Melbourne-Canberra,Melbourne,Canberra,All Airlines,Aug-16,487,474,13,435,432,39,42,2016,8
Melbourne-Darwin,Melbourne,Darwin,All Airlines,Aug-16,102,102,0,92,83,10,19,2016,8
Melbourne-Gold Coast,Melbourne,Gold Coast,All Airlines,Aug-16,492,489,3,429,434,60,55,2016,8
Melbourne-Hamilton Island,Melbourne,Hamilton Island,All Airlines,Aug-16,34,34,0,30,32,4,2,2016,8
Melbourne-Hobart,Melbourne,Hobart,All Airlines,Aug-16,474,468,6,416,418,52,50,2016,8
Melbourne-Launceston,Melbourne,Launceston,All Airlines,Aug-16,305,301,4,269,270,32,31,2016,8
Melbourne-Mildura,Melbourne,Mildura,All Airlines,Aug-16,217,216,1,205,195,11,21,2016,8
Melbourne-Newcastle,Melbourne,Newcastle,All Airlines,Aug-16,139,138,1,117,122,21,16,2016,8
Melbourne-Perth,Melbourne,Perth,All Airlines,Aug-16,442,442,0,372,351,70,91,2016,8
Melbourne-Sunshine Coast,Melbourne,Sunshine Coast,All Airlines,Aug-16,120,120,0,99,107,21,13,2016,8
Melbourne-Sydney,Melbourne,Sydney,All Airlines,Aug-16,2458,2351,107,2082,2042,269,309,2016,8
Mildura-Melbourne,Mildura,Melbourne,All Airlines,Aug-16,217,215,2,197,191,18,24,2016,8
Moranbah-Brisbane,Moranbah,Brisbane,All Airlines,Aug-16,179,174,5,163,163,11,11,2016,8
Mount Isa-Brisbane,Mount Isa,Brisbane,All Airlines,Aug-16,76,76,0,70,71,6,5,2016,8
Newcastle-Brisbane,Newcastle,Brisbane,All Airlines,Aug-16,281,278,3,262,262,16,16,2016,8
Newcastle-Melbourne,Newcastle,Melbourne,All Airlines,Aug-16,139,138,1,126,117,12,21,2016,8
Newman-Perth,Newman,Perth,All Airlines,Aug-16,187,182,5,166,165,16,17,2016,8
Perth-Adelaide,Perth,Adelaide,All Airlines,Aug-16,229,227,2,200,215,27,12,2016,8
Perth-Brisbane,Perth,Brisbane,All Airlines,Aug-16,247,246,1,227,234,19,12,2016,8
Perth-Broome,Perth,Broome,All Airlines,Aug-16,155,155,0,135,133,20,22,2016,8
Perth-Darwin,Perth,Darwin,All Airlines,Aug-16,71,71,0,65,66,6,5,2016,8
Perth-Geraldton,Perth,Geraldton,All Airlines,Aug-16,104,103,1,86,87,17,16,2016,8
Perth-Kalgoorlie,Perth,Kalgoorlie,All Airlines,Aug-16,151,149,2,130,132,19,17,2016,8
Perth-Karratha,Perth,Karratha,All Airlines,Aug-16,298,289,9,270,262,19,27,2016,8
Perth-Melbourne,Perth,Melbourne,All Airlines,Aug-16,444,443,1,386,409,57,34,2016,8
Perth-Newman,Perth,Newman,All Airlines,Aug-16,187,183,4,174,170,9,13,2016,8
Perth-Port Hedland,Perth,Port Hedland,All Airlines,Aug-16,191,187,4,167,160,20,27,2016,8
Perth-Sydney,Perth,Sydney,All Airlines,Aug-16,387,384,3,315,352,69,32,2016,8
Port Hedland-Perth,Port Hedland,Perth,All Airlines,Aug-16,192,188,4,166,163,22,25,2016,8
Port Lincoln-Adelaide,Port Lincoln,Adelaide,All Airlines,Aug-16,325,321,4,296,295,25,26,2016,8
Port Macquarie-Sydney,Port Macquarie,Sydney,All Airlines,Aug-16,201,197,4,165,157,32,40,2016,8
Proserpine-Brisbane,Proserpine,Brisbane,All Airlines,Aug-16,63,63,0,52,55,11,8,2016,8
Rockhampton-Brisbane,Rockhampton,Brisbane,All Airlines,Aug-16,381,371,10,331,327,40,44,2016,8
Sunshine Coast-Melbourne,Sunshine Coast,Melbourne,All Airlines,Aug-16,120,120,0,88,93,32,27,2016,8
Sunshine Coast-Sydney,Sunshine Coast,Sydney,All Airlines,Aug-16,149,149,0,117,124,32,25,2016,8
Sydney-Adelaide,Sydney,Adelaide,All Airlines,Aug-16,564,559,5,498,495,61,64,2016,8
Sydney-Albury,Sydney,Albury,All Airlines,Aug-16,285,285,0,237,238,48,47,2016,8
Sydney-Armidale,Sydney,Armidale,All Airlines,Aug-16,198,198,0,161,153,37,45,2016,8
Sydney-Ayers Rock,Sydney,Ayers Rock,All Airlines,Aug-16,62,62,0,59,50,3,12,2016,8
Sydney-Ballina,Sydney,Ballina,All Airlines,Aug-16,130,130,0,117,116,13,14,2016,8
Sydney-Brisbane,Sydney,Brisbane,All Airlines,Aug-16,1466,1440,26,1284,1250,156,190,2016,8
Sydney-Cairns,Sydney,Cairns,All Airlines,Aug-16,328,328,0,277,291,51,37,2016,8
Sydney-Canberra,Sydney,Canberra,All Airlines,Aug-16,810,777,33,651,680,126,97,2016,8
Sydney-Coffs Harbour,Sydney,Coffs Harbour,All Airlines,Aug-16,230,228,2,196,192,32,36,2016,8
Sydney-Darwin,Sydney,Darwin,All Airlines,Aug-16,115,114,1,100,94,14,20,2016,8
Sydney-Dubbo,Sydney,Dubbo,All Airlines,Aug-16,289,287,2,233,236,54,51,2016,8
Sydney-Gold Coast,Sydney,Gold Coast,All Airlines,Aug-16,732,729,3,662,658,67,71,2016,8
Sydney-Hamilton Island,Sydney,Hamilton Island,All Airlines,Aug-16,91,91,0,76,69,15,22,2016,8
Sydney-Hobart,Sydney,Hobart,All Airlines,Aug-16,176,175,1,151,155,24,20,2016,8
Sydney-Launceston,Sydney,Launceston,All Airlines,Aug-16,62,62,0,59,60,3,2,2016,8
Sydney-Melbourne,Sydney,Melbourne,All Airlines,Aug-16,2459,2350,109,2090,2012,260,338,2016,8
Sydney-Perth,Sydney,Perth,All Airlines,Aug-16,392,391,1,338,304,53,87,2016,8
Sydney-Port Macquarie,Sydney,Port Macquarie,All Airlines,Aug-16,201,197,4,159,161,38,36,2016,8
Sydney-Sunshine Coast,Sydney,Sunshine Coast,All Airlines,Aug-16,149,149,0,124,129,25,20,2016,8
Sydney-Tamworth,Sydney,Tamworth,All Airlines,Aug-16,214,212,2,180,169,32,43,2016,8
Sydney-Townsville,Sydney,Townsville,All Airlines,Aug-16,62,62,0,58,59,4,3,2016,8
Sydney-Wagga Wagga,Sydney,Wagga Wagga,All Airlines,Aug-16,259,256,3,227,217,29,39,2016,8
Tamworth-Sydney,Tamworth,Sydney,All Airlines,Aug-16,216,213,3,172,175,41,38,2016,8
Townsville-Brisbane,Townsville,Brisbane,All Airlines,Aug-16,343,338,5,299,307,39,31,2016,8
Townsville-Cairns,Townsville,Cairns,All Airlines,Aug-16,223,221,2,209,212,12,9,2016,8
Townsville-Sydney,Townsville,Sydney,All Airlines,Aug-16,62,62,0,57,58,5,4,2016,8
Wagga Wagga-Sydney,Wagga Wagga,Sydney,All Airlines,Aug-16,260,257,3,221,218,36,39,2016,8
Adelaide-Alice Springs,Adelaide,Alice Springs,All Airlines,Sep-16,43,43,0,43,40,0,3,2016,9
Adelaide-Brisbane,Adelaide,Brisbane,All Airlines,Sep-16,281,280,1,239,250,41,30,2016,9
Adelaide-Canberra,Adelaide,Canberra,All Airlines,Sep-16,74,74,0,64,65,10,9,2016,9
Adelaide-Gold Coast,Adelaide,Gold Coast,All Airlines,Sep-16,69,69,0,56,58,13,11,2016,9
Adelaide-Melbourne,Adelaide,Melbourne,All Airlines,Sep-16,758,740,18,607,629,133,111,2016,9
Adelaide-Perth,Adelaide,Perth,All Airlines,Sep-16,221,219,2,196,191,23,28,2016,9
Adelaide-Port Lincoln,Adelaide,Port Lincoln,All Airlines,Sep-16,319,312,7,289,278,23,34,2016,9
Adelaide-Sydney,Adelaide,Sydney,All Airlines,Sep-16,580,571,9,478,490,93,81,2016,9
Albury-Sydney,Albury,Sydney,All Airlines,Sep-16,274,272,2,215,212,57,60,2016,9
Alice Springs-Adelaide,Alice Springs,Adelaide,All Airlines,Sep-16,43,43,0,30,29,13,14,2016,9
Alice Springs-Darwin,Alice Springs,Darwin,All Airlines,Sep-16,73,73,0,68,69,5,4,2016,9
Armidale-Sydney,Armidale,Sydney,All Airlines,Sep-16,197,195,2,143,147,52,48,2016,9
Ayers Rock-Sydney,Ayers Rock,Sydney,All Airlines,Sep-16,60,60,0,29,43,31,17,2016,9
Ballina-Sydney,Ballina,Sydney,All Airlines,Sep-16,143,143,0,114,115,29,28,2016,9
Brisbane-Adelaide,Brisbane,Adelaide,All Airlines,Sep-16,280,280,0,254,237,26,43,2016,9
Brisbane-Bundaberg,Brisbane,Bundaberg,All Airlines,Sep-16,163,162,1,138,141,24,21,2016,9
Brisbane-Cairns,Brisbane,Cairns,All Airlines,Sep-16,415,415,0,333,356,82,59,2016,9
Brisbane-Canberra,Brisbane,Canberra,All Airlines,Sep-16,249,248,1,227,228,21,20,2016,9
Brisbane-Darwin,Brisbane,Darwin,All Airlines,Sep-16,133,133,0,119,116,14,17,2016,9
Brisbane-Emerald,Brisbane,Emerald,All Airlines,Sep-16,210,208,2,191,173,17,35,2016,9
Brisbane-Gladstone,Brisbane,Gladstone,All Airlines,Sep-16,313,298,15,270,256,28,42,2016,9
Brisbane-Hamilton Island,Brisbane,Hamilton Island,All Airlines,Sep-16,60,60,0,50,51,10,9,2016,9
Brisbane-Hobart,Brisbane,Hobart,All Airlines,Sep-16,58,58,0,56,57,2,1,2016,9
Brisbane-Mackay,Brisbane,Mackay,All Airlines,Sep-16,304,304,0,263,265,41,39,2016,9
Brisbane-Melbourne,Brisbane,Melbourne,All Airlines,Sep-16,1102,1074,28,902,884,172,190,2016,9
Brisbane-Moranbah,Brisbane,Moranbah,All Airlines,Sep-16,162,152,10,135,135,17,17,2016,9
Brisbane-Mount Isa,Brisbane,Mount Isa,All Airlines,Sep-16,73,73,0,70,66,3,7,2016,9
Brisbane-Newcastle,Brisbane,Newcastle,All Airlines,Sep-16,277,276,1,227,235,49,41,2016,9
Brisbane-Perth,Brisbane,Perth,All Airlines,Sep-16,242,242,0,210,186,32,56,2016,9
Brisbane-Proserpine,Brisbane,Proserpine,All Airlines,Sep-16,62,62,0,50,55,12,7,2016,9
Brisbane-Rockhampton,Brisbane,Rockhampton,All Airlines,Sep-16,377,368,9,315,305,53,63,2016,9
Brisbane-Sydney,Brisbane,Sydney,All Airlines,Sep-16,1468,1447,21,1256,1249,191,198,2016,9
Brisbane-Townsville,Brisbane,Townsville,All Airlines,Sep-16,343,343,0,307,311,36,32,2016,9
Broome-Perth,Broome,Perth,All Airlines,Sep-16,151,150,1,122,119,28,31,2016,9
Bundaberg-Brisbane,Bundaberg,Brisbane,All Airlines,Sep-16,163,162,1,143,138,19,24,2016,9
Cairns-Brisbane,Cairns,Brisbane,All Airlines,Sep-16,414,414,0,353,356,61,58,2016,9
Cairns-Melbourne,Cairns,Melbourne,All Airlines,Sep-16,239,239,0,169,187,70,52,2016,9
Cairns-Sydney,Cairns,Sydney,All Airlines,Sep-16,329,324,5,278,285,46,39,2016,9
Cairns-Townsville,Cairns,Townsville,All Airlines,Sep-16,206,202,4,189,191,13,11,2016,9
Canberra-Adelaide,Canberra,Adelaide,All Airlines,Sep-16,74,73,1,66,66,7,7,2016,9
Canberra-Brisbane,Canberra,Brisbane,All Airlines,Sep-16,249,248,1,217,212,31,36,2016,9
Canberra-Melbourne,Canberra,Melbourne,All Airlines,Sep-16,470,459,11,420,421,39,38,2016,9
Canberra-Sydney,Canberra,Sydney,All Airlines,Sep-16,737,711,26,595,611,116,100,2016,9
Coffs Harbour-Sydney,Coffs Harbour,Sydney,All Airlines,Sep-16,226,224,2,183,172,41,52,2016,9
Darwin-Alice Springs,Darwin,Alice Springs,All Airlines,Sep-16,73,73,0,68,66,5,7,2016,9
Darwin-Brisbane,Darwin,Brisbane,All Airlines,Sep-16,133,133,0,114,108,19,25,2016,9
Darwin-Melbourne,Darwin,Melbourne,All Airlines,Sep-16,89,89,0,67,75,22,14,2016,9
Darwin-Perth,Darwin,Perth,All Airlines,Sep-16,69,69,0,62,64,7,5,2016,9
Darwin-Sydney,Darwin,Sydney,All Airlines,Sep-16,109,109,0,86,94,23,15,2016,9
Dubbo-Sydney,Dubbo,Sydney,All Airlines,Sep-16,277,274,3,220,221,54,53,2016,9
Emerald-Brisbane,Emerald,Brisbane,All Airlines,Sep-16,210,204,6,172,176,32,28,2016,9
Geraldton-Perth,Geraldton,Perth,All Airlines,Sep-16,104,104,0,97,95,7,9,2016,9
Gladstone-Brisbane,Gladstone,Brisbane,All Airlines,Sep-16,313,299,14,259,261,40,38,2016,9
Gold Coast-Adelaide,Gold Coast,Adelaide,All Airlines,Sep-16,70,70,0,59,44,11,26,2016,9
Gold Coast-Melbourne,Gold Coast,Melbourne,All Airlines,Sep-16,529,525,4,395,410,130,115,2016,9
Gold Coast-Sydney,Gold Coast,Sydney,All Airlines,Sep-16,787,785,2,650,649,135,136,2016,9
Hamilton Island-Brisbane,Hamilton Island,Brisbane,All Airlines,Sep-16,61,61,0,48,50,13,11,2016,9
Hamilton Island-Melbourne,Hamilton Island,Melbourne,All Airlines,Sep-16,38,38,0,34,34,4,4,2016,9
Hamilton Island-Sydney,Hamilton Island,Sydney,All Airlines,Sep-16,87,87,0,61,67,26,20,2016,9
Hobart-Brisbane,Hobart,Brisbane,All Airlines,Sep-16,59,59,0,53,53,6,6,2016,9
Hobart-Melbourne,Hobart,Melbourne,All Airlines,Sep-16,477,468,9,366,352,102,116,2016,9
Hobart-Sydney,Hobart,Sydney,All Airlines,Sep-16,191,190,1,154,156,36,34,2016,9
Kalgoorlie-Perth,Kalgoorlie,Perth,All Airlines,Sep-16,142,142,0,134,134,8,8,2016,9
Karratha-Perth,Karratha,Perth,All Airlines,Sep-16,290,278,12,258,256,20,22,2016,9
Launceston-Melbourne,Launceston,Melbourne,All Airlines,Sep-16,321,315,6,249,255,66,60,2016,9
Launceston-Sydney,Launceston,Sydney,All Airlines,Sep-16,69,68,1,53,53,15,15,2016,9
Mackay-Brisbane,Mackay,Brisbane,All Airlines,Sep-16,305,304,1,250,262,54,42,2016,9
Melbourne-Adelaide,Melbourne,Adelaide,All Airlines,Sep-16,758,742,16,641,610,101,132,2016,9
Melbourne-Brisbane,Melbourne,Brisbane,All Airlines,Sep-16,1098,1073,25,919,886,154,187,2016,9
Melbourne-Cairns,Melbourne,Cairns,All Airlines,Sep-16,242,242,0,176,164,66,78,2016,9
Melbourne-Canberra,Melbourne,Canberra,All Airlines,Sep-16,467,455,12,410,410,45,45,2016,9
Melbourne-Darwin,Melbourne,Darwin,All Airlines,Sep-16,89,89,0,74,66,15,23,2016,9
Melbourne-Gold Coast,Melbourne,Gold Coast,All Airlines,Sep-16,530,526,4,417,409,109,117,2016,9
Melbourne-Hamilton Island,Melbourne,Hamilton Island,All Airlines,Sep-16,38,38,0,33,36,5,2,2016,9
Melbourne-Hobart,Melbourne,Hobart,All Airlines,Sep-16,477,470,7,394,387,76,83,2016,9
Melbourne-Launceston,Melbourne,Launceston,All Airlines,Sep-16,323,317,6,264,250,53,67,2016,9
Melbourne-Mildura,Melbourne,Mildura,All Airlines,Sep-16,211,210,1,191,179,19,31,2016,9
Melbourne-Newcastle,Melbourne,Newcastle,All Airlines,Sep-16,145,144,1,113,120,31,24,2016,9
Melbourne-Perth,Melbourne,Perth,All Airlines,Sep-16,477,468,9,393,396,75,72,2016,9
Melbourne-Sunshine Coast,Melbourne,Sunshine Coast,All Airlines,Sep-16,140,140,0,120,116,20,24,2016,9
Melbourne-Sydney,Melbourne,Sydney,All Airlines,Sep-16,2418,2292,126,1916,1899,376,393,2016,9
Mildura-Melbourne,Mildura,Melbourne,All Airlines,Sep-16,212,212,0,172,169,40,43,2016,9
Moranbah-Brisbane,Moranbah,Brisbane,All Airlines,Sep-16,160,149,11,133,134,16,15,2016,9
Mount Isa-Brisbane,Mount Isa,Brisbane,All Airlines,Sep-16,74,74,0,65,65,9,9,2016,9
Newcastle-Brisbane,Newcastle,Brisbane,All Airlines,Sep-16,276,275,1,233,233,42,42,2016,9
Newcastle-Melbourne,Newcastle,Melbourne,All Airlines,Sep-16,145,143,2,110,111,33,32,2016,9
Newman-Perth,Newman,Perth,All Airlines,Sep-16,189,187,2,180,176,7,11,2016,9
Perth-Adelaide,Perth,Adelaide,All Airlines,Sep-16,227,225,2,199,201,26,24,2016,9
Perth-Brisbane,Perth,Brisbane,All Airlines,Sep-16,244,244,0,214,219,30,25,2016,9
Perth-Broome,Perth,Broome,All Airlines,Sep-16,151,151,0,140,132,11,19,2016,9
Perth-Darwin,Perth,Darwin,All Airlines,Sep-16,69,69,0,63,64,6,5,2016,9
Perth-Geraldton,Perth,Geraldton,All Airlines,Sep-16,104,104,0,95,97,9,7,2016,9
Perth-Kalgoorlie,Perth,Kalgoorlie,All Airlines,Sep-16,143,143,0,135,132,8,11,2016,9
Perth-Karratha,Perth,Karratha,All Airlines,Sep-16,292,285,7,267,263,18,22,2016,9
Perth-Melbourne,Perth,Melbourne,All Airlines,Sep-16,475,465,10,391,411,74,54,2016,9
Perth-Newman,Perth,Newman,All Airlines,Sep-16,190,188,2,183,184,5,4,2016,9
Perth-Port Hedland,Perth,Port Hedland,All Airlines,Sep-16,201,200,1,189,185,11,15,2016,9
Perth-Sydney,Perth,Sydney,All Airlines,Sep-16,376,374,2,331,357,43,17,2016,9
Port Hedland-Perth,Port Hedland,Perth,All Airlines,Sep-16,200,198,2,187,184,11,14,2016,9
Port Lincoln-Adelaide,Port Lincoln,Adelaide,All Airlines,Sep-16,321,314,7,280,270,34,44,2016,9
Port Macquarie-Sydney,Port Macquarie,Sydney,All Airlines,Sep-16,193,191,2,135,118,56,73,2016,9
Proserpine-Brisbane,Proserpine,Brisbane,All Airlines,Sep-16,62,62,0,52,54,10,8,2016,9
Rockhampton-Brisbane,Rockhampton,Brisbane,All Airlines,Sep-16,377,368,9,317,316,51,52,2016,9
Sunshine Coast-Melbourne,Sunshine Coast,Melbourne,All Airlines,Sep-16,139,139,0,91,99,48,40,2016,9
Sunshine Coast-Sydney,Sunshine Coast,Sydney,All Airlines,Sep-16,168,167,1,107,113,60,54,2016,9
Sydney-Adelaide,Sydney,Adelaide,All Airlines,Sep-16,576,567,9,509,474,58,93,2016,9
Sydney-Albury,Sydney,Albury,All Airlines,Sep-16,274,273,1,197,200,76,73,2016,9
Sydney-Armidale,Sydney,Armidale,All Airlines,Sep-16,200,197,3,152,129,45,68,2016,9
Sydney-Ayers Rock,Sydney,Ayers Rock,All Airlines,Sep-16,60,60,0,52,33,8,27,2016,9
Sydney-Ballina,Sydney,Ballina,All Airlines,Sep-16,142,142,0,133,128,9,14,2016,9
Sydney-Brisbane,Sydney,Brisbane,All Airlines,Sep-16,1463,1444,19,1253,1175,191,269,2016,9
Sydney-Cairns,Sydney,Cairns,All Airlines,Sep-16,329,326,3,268,266,58,60,2016,9
Sydney-Canberra,Sydney,Canberra,All Airlines,Sep-16,738,712,26,577,576,135,136,2016,9
Sydney-Coffs Harbour,Sydney,Coffs Harbour,All Airlines,Sep-16,226,224,2,175,172,49,52,2016,9
Sydney-Darwin,Sydney,Darwin,All Airlines,Sep-16,109,109,0,92,82,17,27,2016,9
Sydney-Dubbo,Sydney,Dubbo,All Airlines,Sep-16,277,277,0,208,210,69,67,2016,9
Sydney-Gold Coast,Sydney,Gold Coast,All Airlines,Sep-16,787,785,2,662,641,123,144,2016,9
Sydney-Hamilton Island,Sydney,Hamilton Island,All Airlines,Sep-16,87,87,0,76,70,11,17,2016,9
Sydney-Hobart,Sydney,Hobart,All Airlines,Sep-16,191,190,1,151,155,39,35,2016,9
Sydney-Launceston,Sydney,Launceston,All Airlines,Sep-16,69,68,1,62,65,6,3,2016,9
Sydney-Melbourne,Sydney,Melbourne,All Airlines,Sep-16,2423,2303,120,1894,1799,409,504,2016,9
Sydney-Perth,Sydney,Perth,All Airlines,Sep-16,381,381,0,323,330,58,51,2016,9
Sydney-Port Macquarie,Sydney,Port Macquarie,All Airlines,Sep-16,192,190,2,140,124,50,66,2016,9
Sydney-Sunshine Coast,Sydney,Sunshine Coast,All Airlines,Sep-16,167,167,0,123,126,44,41,2016,9
Sydney-Tamworth,Sydney,Tamworth,All Airlines,Sep-16,208,202,6,161,148,41,54,2016,9
Sydney-Townsville,Sydney,Townsville,All Airlines,Sep-16,61,61,0,55,52,6,9,2016,9
Sydney-Wagga Wagga,Sydney,Wagga Wagga,All Airlines,Sep-16,249,248,1,197,186,51,62,2016,9
Tamworth-Sydney,Tamworth,Sydney,All Airlines,Sep-16,208,201,7,157,157,44,44,2016,9
Townsville-Brisbane,Townsville,Brisbane,All Airlines,Sep-16,344,343,1,300,306,43,37,2016,9
Townsville-Cairns,Townsville,Cairns,All Airlines,Sep-16,208,201,7,181,186,20,15,2016,9
Townsville-Sydney,Townsville,Sydney,All Airlines,Sep-16,60,60,0,46,49,14,11,2016,9
Wagga Wagga-Sydney,Wagga Wagga,Sydney,All Airlines,Sep-16,250,249,1,191,194,58,55,2016,9
Adelaide-Alice Springs,Adelaide,Alice Springs,All Airlines,Oct-16,44,44,0,41,39,3,5,2016,10
Adelaide-Brisbane,Adelaide,Brisbane,All Airlines,Oct-16,294,293,1,252,266,41,27,2016,10
Adelaide-Canberra,Adelaide,Canberra,All Airlines,Oct-16,73,73,0,60,65,13,8,2016,10
Adelaide-Gold Coast,Adelaide,Gold Coast,All Airlines,Oct-16,76,75,1,62,66,13,9,2016,10
Adelaide-Melbourne,Adelaide,Melbourne,All Airlines,Oct-16,765,750,15,573,593,177,157,2016,10
Adelaide-Perth,Adelaide,Perth,All Airlines,Oct-16,226,226,0,195,171,31,55,2016,10
Adelaide-Port Lincoln,Adelaide,Port Lincoln,All Airlines,Oct-16,320,320,0,299,296,21,24,2016,10
Adelaide-Sydney,Adelaide,Sydney,All Airlines,Oct-16,587,579,8,453,479,126,100,2016,10
Albury-Sydney,Albury,Sydney,All Airlines,Oct-16,273,272,1,228,232,44,40,2016,10
Alice Springs-Adelaide,Alice Springs,Adelaide,All Airlines,Oct-16,44,44,0,37,37,7,7,2016,10
Alice Springs-Darwin,Alice Springs,Darwin,All Airlines,Oct-16,73,73,0,67,68,6,5,2016,10
Armidale-Sydney,Armidale,Sydney,All Airlines,Oct-16,198,196,2,147,145,49,51,2016,10
Ayers Rock-Sydney,Ayers Rock,Sydney,All Airlines,Oct-16,62,60,2,50,56,10,4,2016,10
Ballina-Sydney,Ballina,Sydney,All Airlines,Oct-16,141,141,0,109,103,32,38,2016,10
Brisbane-Adelaide,Brisbane,Adelaide,All Airlines,Oct-16,295,295,0,267,258,28,37,2016,10
Brisbane-Bundaberg,Brisbane,Bundaberg,All Airlines,Oct-16,164,164,0,149,152,15,12,2016,10
Brisbane-Cairns,Brisbane,Cairns,All Airlines,Oct-16,412,409,3,347,368,62,41,2016,10
Brisbane-Canberra,Brisbane,Canberra,All Airlines,Oct-16,254,253,1,230,225,23,28,2016,10
Brisbane-Darwin,Brisbane,Darwin,All Airlines,Oct-16,124,124,0,117,113,7,11,2016,10
Brisbane-Emerald,Brisbane,Emerald,All Airlines,Oct-16,205,202,3,192,186,10,16,2016,10
Brisbane-Gladstone,Brisbane,Gladstone,All Airlines,Oct-16,300,291,9,269,266,22,25,2016,10
Brisbane-Hamilton Island,Brisbane,Hamilton Island,All Airlines,Oct-16,63,63,0,60,61,3,2,2016,10
Brisbane-Hobart,Brisbane,Hobart,All Airlines,Oct-16,59,59,0,58,55,1,4,2016,10
Brisbane-Mackay,Brisbane,Mackay,All Airlines,Oct-16,309,307,2,274,275,33,32,2016,10
Brisbane-Melbourne,Brisbane,Melbourne,All Airlines,Oct-16,1103,1081,22,957,859,124,222,2016,10
Brisbane-Moranbah,Brisbane,Moranbah,All Airlines,Oct-16,163,155,8,142,141,13,14,2016,10
Brisbane-Mount Isa,Brisbane,Mount Isa,All Airlines,Oct-16,74,73,1,68,68,5,5,2016,10
Brisbane-Newcastle,Brisbane,Newcastle,All Airlines,Oct-16,274,271,3,230,228,41,43,2016,10
Brisbane-Perth,Brisbane,Perth,All Airlines,Oct-16,245,245,0,203,192,42,53,2016,10
Brisbane-Proserpine,Brisbane,Proserpine,All Airlines,Oct-16,64,64,0,51,56,13,8,2016,10
Brisbane-Rockhampton,Brisbane,Rockhampton,All Airlines,Oct-16,370,366,4,329,330,37,36,2016,10
Brisbane-Sydney,Brisbane,Sydney,All Airlines,Oct-16,1460,1430,30,1258,1234,172,196,2016,10
Brisbane-Townsville,Brisbane,Townsville,All Airlines,Oct-16,341,337,4,292,307,45,30,2016,10
Broome-Perth,Broome,Perth,All Airlines,Oct-16,152,150,2,120,126,30,24,2016,10
Bundaberg-Brisbane,Bundaberg,Brisbane,All Airlines,Oct-16,164,164,0,154,151,10,13,2016,10
Cairns-Brisbane,Cairns,Brisbane,All Airlines,Oct-16,413,410,3,372,355,38,55,2016,10
Cairns-Melbourne,Cairns,Melbourne,All Airlines,Oct-16,234,232,2,179,137,53,95,2016,10
Cairns-Sydney,Cairns,Sydney,All Airlines,Oct-16,344,343,1,283,272,60,71,2016,10
Cairns-Townsville,Cairns,Townsville,All Airlines,Oct-16,191,190,1,188,188,2,2,2016,10
Canberra-Adelaide,Canberra,Adelaide,All Airlines,Oct-16,73,73,0,61,62,12,11,2016,10
Canberra-Brisbane,Canberra,Brisbane,All Airlines,Oct-16,253,250,3,218,222,32,28,2016,10
Canberra-Melbourne,Canberra,Melbourne,All Airlines,Oct-16,467,457,10,401,385,56,72,2016,10
Canberra-Sydney,Canberra,Sydney,All Airlines,Oct-16,743,711,32,601,623,110,88,2016,10
Coffs Harbour-Sydney,Coffs Harbour,Sydney,All Airlines,Oct-16,223,219,4,166,165,53,54,2016,10
Darwin-Alice Springs,Darwin,Alice Springs,All Airlines,Oct-16,73,73,0,69,69,4,4,2016,10
Darwin-Brisbane,Darwin,Brisbane,All Airlines,Oct-16,124,124,0,105,104,19,20,2016,10
Darwin-Melbourne,Darwin,Melbourne,All Airlines,Oct-16,93,92,1,75,75,17,17,2016,10
Darwin-Perth,Darwin,Perth,All Airlines,Oct-16,68,68,0,59,61,9,7,2016,10
Darwin-Sydney,Darwin,Sydney,All Airlines,Oct-16,113,113,0,91,95,22,18,2016,10
Dubbo-Sydney,Dubbo,Sydney,All Airlines,Oct-16,273,268,5,218,214,50,54,2016,10
Emerald-Brisbane,Emerald,Brisbane,All Airlines,Oct-16,205,202,3,180,177,22,25,2016,10
Geraldton-Perth,Geraldton,Perth,All Airlines,Oct-16,104,104,0,87,88,17,16,2016,10
Gladstone-Brisbane,Gladstone,Brisbane,All Airlines,Oct-16,301,290,11,268,263,22,27,2016,10
Gold Coast-Adelaide,Gold Coast,Adelaide,All Airlines,Oct-16,76,76,0,68,59,8,17,2016,10
Gold Coast-Melbourne,Gold Coast,Melbourne,All Airlines,Oct-16,543,535,8,407,398,128,137,2016,10
Gold Coast-Sydney,Gold Coast,Sydney,All Airlines,Oct-16,815,801,14,635,645,166,156,2016,10
Hamilton Island-Brisbane,Hamilton Island,Brisbane,All Airlines,Oct-16,63,63,0,59,61,4,2,2016,10
Hamilton Island-Melbourne,Hamilton Island,Melbourne,All Airlines,Oct-16,37,37,0,29,30,8,7,2016,10
Hamilton Island-Sydney,Hamilton Island,Sydney,All Airlines,Oct-16,93,93,0,65,69,28,24,2016,10
Hobart-Brisbane,Hobart,Brisbane,All Airlines,Oct-16,59,59,0,47,52,12,7,2016,10
Hobart-Melbourne,Hobart,Melbourne,All Airlines,Oct-16,499,492,7,347,316,145,176,2016,10
Hobart-Sydney,Hobart,Sydney,All Airlines,Oct-16,213,211,2,155,166,56,45,2016,10
Kalgoorlie-Perth,Kalgoorlie,Perth,All Airlines,Oct-16,140,140,0,128,128,12,12,2016,10
Karratha-Perth,Karratha,Perth,All Airlines,Oct-16,288,271,17,242,245,29,26,2016,10
Launceston-Melbourne,Launceston,Melbourne,All Airlines,Oct-16,329,316,13,222,213,94,103,2016,10
Launceston-Sydney,Launceston,Sydney,All Airlines,Oct-16,69,69,0,43,49,26,20,2016,10
Mackay-Brisbane,Mackay,Brisbane,All Airlines,Oct-16,309,306,3,277,277,29,29,2016,10
Melbourne-Adelaide,Melbourne,Adelaide,All Airlines,Oct-16,761,744,17,599,556,145,188,2016,10
Melbourne-Brisbane,Melbourne,Brisbane,All Airlines,Oct-16,1104,1084,20,887,896,197,188,2016,10
Melbourne-Cairns,Melbourne,Cairns,All Airlines,Oct-16,231,230,1,165,172,65,58,2016,10
Melbourne-Canberra,Melbourne,Canberra,All Airlines,Oct-16,467,456,11,380,376,76,80,2016,10
Melbourne-Darwin,Melbourne,Darwin,All Airlines,Oct-16,93,93,0,76,76,17,17,2016,10
Melbourne-Gold Coast,Melbourne,Gold Coast,All Airlines,Oct-16,545,538,7,425,421,113,117,2016,10
Melbourne-Hamilton Island,Melbourne,Hamilton Island,All Airlines,Oct-16,37,37,0,33,34,4,3,2016,10
Melbourne-Hobart,Melbourne,Hobart,All Airlines,Oct-16,498,493,5,385,374,108,119,2016,10
Melbourne-Launceston,Melbourne,Launceston,All Airlines,Oct-16,329,316,13,237,219,79,97,2016,10
Melbourne-Mildura,Melbourne,Mildura,All Airlines,Oct-16,209,209,0,170,160,39,49,2016,10
Melbourne-Newcastle,Melbourne,Newcastle,All Airlines,Oct-16,148,146,2,93,98,53,48,2016,10
Melbourne-Perth,Melbourne,Perth,All Airlines,Oct-16,490,484,6,365,300,119,184,2016,10
Melbourne-Sunshine Coast,Melbourne,Sunshine Coast,All Airlines,Oct-16,132,131,1,103,107,28,24,2016,10
Melbourne-Sydney,Melbourne,Sydney,All Airlines,Oct-16,2431,2318,113,1810,1810,508,508,2016,10
Mildura-Melbourne,Mildura,Melbourne,All Airlines,Oct-16,210,209,1,168,152,41,57,2016,10
Moranbah-Brisbane,Moranbah,Brisbane,All Airlines,Oct-16,160,150,10,141,138,9,12,2016,10
Mount Isa-Brisbane,Mount Isa,Brisbane,All Airlines,Oct-16,73,71,2,66,64,5,7,2016,10
Newcastle-Brisbane,Newcastle,Brisbane,All Airlines,Oct-16,275,272,3,238,242,34,30,2016,10
Newcastle-Melbourne,Newcastle,Melbourne,All Airlines,Oct-16,148,146,2,94,93,52,53,2016,10
Newman-Perth,Newman,Perth,All Airlines,Oct-16,185,178,7,166,165,12,13,2016,10
Perth-Adelaide,Perth,Adelaide,All Airlines,Oct-16,228,228,0,195,208,33,20,2016,10
Perth-Brisbane,Perth,Brisbane,All Airlines,Oct-16,245,245,0,222,225,23,20,2016,10
Perth-Broome,Perth,Broome,All Airlines,Oct-16,154,152,2,137,133,15,19,2016,10
Perth-Darwin,Perth,Darwin,All Airlines,Oct-16,68,68,0,64,60,4,8,2016,10
Perth-Geraldton,Perth,Geraldton,All Airlines,Oct-16,104,104,0,88,89,16,15,2016,10
Perth-Kalgoorlie,Perth,Kalgoorlie,All Airlines,Oct-16,139,139,0,128,130,11,9,2016,10
Perth-Karratha,Perth,Karratha,All Airlines,Oct-16,288,272,16,251,242,21,30,2016,10
Perth-Melbourne,Perth,Melbourne,All Airlines,Oct-16,489,480,9,356,400,124,80,2016,10
Perth-Newman,Perth,Newman,All Airlines,Oct-16,183,180,3,174,169,6,11,2016,10
Perth-Port Hedland,Perth,Port Hedland,All Airlines,Oct-16,197,190,7,172,162,18,28,2016,10
Perth-Sydney,Perth,Sydney,All Airlines,Oct-16,389,388,1,293,350,95,38,2016,10
Port Hedland-Perth,Port Hedland,Perth,All Airlines,Oct-16,198,188,10,173,174,15,14,2016,10
Port Lincoln-Adelaide,Port Lincoln,Adelaide,All Airlines,Oct-16,320,320,0,291,293,29,27,2016,10
Port Macquarie-Sydney,Port Macquarie,Sydney,All Airlines,Oct-16,195,191,4,140,139,51,52,2016,10
Proserpine-Brisbane,Proserpine,Brisbane,All Airlines,Oct-16,64,64,0,53,56,11,8,2016,10
Rockhampton-Brisbane,Rockhampton,Brisbane,All Airlines,Oct-16,370,362,8,335,332,27,30,2016,10
Sunshine Coast-Melbourne,Sunshine Coast,Melbourne,All Airlines,Oct-16,132,130,2,83,85,47,45,2016,10
Sunshine Coast-Sydney,Sunshine Coast,Sydney,All Airlines,Oct-16,190,188,2,114,123,74,65,2016,10
Sydney-Adelaide,Sydney,Adelaide,All Airlines,Oct-16,584,582,2,466,433,116,149,2016,10
Sydney-Albury,Sydney,Albury,All Airlines,Oct-16,273,271,2,223,216,48,55,2016,10
Sydney-Armidale,Sydney,Armidale,All Airlines,Oct-16,197,196,1,162,149,34,47,2016,10
Sydney-Ayers Rock,Sydney,Ayers Rock,All Airlines,Oct-16,62,61,1,57,58,4,3,2016,10
Sydney-Ballina,Sydney,Ballina,All Airlines,Oct-16,142,142,0,124,122,18,20,2016,10
Sydney-Brisbane,Sydney,Brisbane,All Airlines,Oct-16,1464,1432,32,1206,1201,226,231,2016,10
Sydney-Cairns,Sydney,Cairns,All Airlines,Oct-16,344,343,1,281,296,62,47,2016,10
Sydney-Canberra,Sydney,Canberra,All Airlines,Oct-16,743,717,26,589,577,128,140,2016,10
Sydney-Coffs Harbour,Sydney,Coffs Harbour,All Airlines,Oct-16,223,219,4,164,165,55,54,2016,10
Sydney-Darwin,Sydney,Darwin,All Airlines,Oct-16,112,112,0,92,96,20,16,2016,10
Sydney-Dubbo,Sydney,Dubbo,All Airlines,Oct-16,276,271,5,214,218,57,53,2016,10
Sydney-Gold Coast,Sydney,Gold Coast,All Airlines,Oct-16,813,804,9,663,670,141,134,2016,10
Sydney-Hamilton Island,Sydney,Hamilton Island,All Airlines,Oct-16,93,93,0,83,84,10,9,2016,10
Sydney-Hobart,Sydney,Hobart,All Airlines,Oct-16,213,212,1,173,178,39,34,2016,10
Sydney-Launceston,Sydney,Launceston,All Airlines,Oct-16,70,70,0,56,62,14,8,2016,10
Sydney-Melbourne,Sydney,Melbourne,All Airlines,Oct-16,2426,2316,110,1886,1649,430,667,2016,10
Sydney-Perth,Sydney,Perth,All Airlines,Oct-16,393,392,1,310,263,82,129,2016,10
Sydney-Port Macquarie,Sydney,Port Macquarie,All Airlines,Oct-16,196,193,3,151,142,42,51,2016,10
Sydney-Sunshine Coast,Sydney,Sunshine Coast,All Airlines,Oct-16,190,188,2,129,137,59,51,2016,10
Sydney-Tamworth,Sydney,Tamworth,All Airlines,Oct-16,208,196,12,160,150,36,46,2016,10
Sydney-Townsville,Sydney,Townsville,All Airlines,Oct-16,62,62,0,53,54,9,8,2016,10
Sydney-Wagga Wagga,Sydney,Wagga Wagga,All Airlines,Oct-16,244,242,2,195,187,47,55,2016,10
Tamworth-Sydney,Tamworth,Sydney,All Airlines,Oct-16,208,196,12,160,155,36,41,2016,10
Townsville-Brisbane,Townsville,Brisbane,All Airlines,Oct-16,341,335,6,296,297,39,38,2016,10
Townsville-Cairns,Townsville,Cairns,All Airlines,Oct-16,192,190,2,186,186,4,4,2016,10
Townsville-Sydney,Townsville,Sydney,All Airlines,Oct-16,63,63,0,52,52,11,11,2016,10
Wagga Wagga-Sydney,Wagga Wagga,Sydney,All Airlines,Oct-16,243,241,2,197,196,44,45,2016,10
Adelaide-Alice Springs,Adelaide,Alice Springs,All Airlines,Nov-16,43,43,0,41,40,2,3,2016,11
Adelaide-Brisbane,Adelaide,Brisbane,All Airlines,Nov-16,294,291,3,255,253,36,38,2016,11
Adelaide-Canberra,Adelaide,Canberra,All Airlines,Nov-16,74,74,0,68,68,6,6,2016,11
Adelaide-Gold Coast,Adelaide,Gold Coast,All Airlines,Nov-16,59,58,1,54,55,4,3,2016,11
Adelaide-Melbourne,Adelaide,Melbourne,All Airlines,Nov-16,741,730,11,575,561,155,169,2016,11
Adelaide-Perth,Adelaide,Perth,All Airlines,Nov-16,216,215,1,199,206,16,9,2016,11
Adelaide-Port Lincoln,Adelaide,Port Lincoln,All Airlines,Nov-16,311,311,0,289,285,22,26,2016,11
Adelaide-Sydney,Adelaide,Sydney,All Airlines,Nov-16,593,587,6,497,503,90,84,2016,11
Albury-Sydney,Albury,Sydney,All Airlines,Nov-16,273,268,5,213,217,55,51,2016,11
Alice Springs-Adelaide,Alice Springs,Adelaide,All Airlines,Nov-16,43,43,0,39,42,4,1,2016,11
Alice Springs-Darwin,Alice Springs,Darwin,All Airlines,Nov-16,64,63,1,57,57,6,6,2016,11
Armidale-Sydney,Armidale,Sydney,All Airlines,Nov-16,196,195,1,141,137,54,58,2016,11
Ayers Rock-Sydney,Ayers Rock,Sydney,All Airlines,Nov-16,55,55,0,36,44,19,11,2016,11
Ballina-Sydney,Ballina,Sydney,All Airlines,Nov-16,121,121,0,87,89,34,32,2016,11
Brisbane-Adelaide,Brisbane,Adelaide,All Airlines,Nov-16,297,292,5,261,255,31,37,2016,11
Brisbane-Bundaberg,Brisbane,Bundaberg,All Airlines,Nov-16,160,160,0,135,134,25,26,2016,11
Brisbane-Cairns,Brisbane,Cairns,All Airlines,Nov-16,379,377,2,310,318,67,59,2016,11
Brisbane-Canberra,Brisbane,Canberra,All Airlines,Nov-16,244,242,2,216,216,26,26,2016,11
Brisbane-Darwin,Brisbane,Darwin,All Airlines,Nov-16,117,116,1,101,88,15,28,2016,11
Brisbane-Emerald,Brisbane,Emerald,All Airlines,Nov-16,199,195,4,178,177,17,18,2016,11
Brisbane-Gladstone,Brisbane,Gladstone,All Airlines,Nov-16,264,263,1,218,209,45,54,2016,11
Brisbane-Hamilton Island,Brisbane,Hamilton Island,All Airlines,Nov-16,68,68,0,64,63,4,5,2016,11
Brisbane-Hobart,Brisbane,Hobart,All Airlines,Nov-16,60,60,0,50,49,10,11,2016,11
Brisbane-Mackay,Brisbane,Mackay,All Airlines,Nov-16,294,290,4,236,239,54,51,2016,11
Brisbane-Melbourne,Brisbane,Melbourne,All Airlines,Nov-16,1054,1031,23,844,749,187,282,2016,11
Brisbane-Moranbah,Brisbane,Moranbah,All Airlines,Nov-16,163,155,8,138,134,17,21,2016,11
Brisbane-Mount Isa,Brisbane,Mount Isa,All Airlines,Nov-16,74,73,1,64,63,9,10,2016,11
Brisbane-Newcastle,Brisbane,Newcastle,All Airlines,Nov-16,273,268,5,224,220,44,48,2016,11
Brisbane-Perth,Brisbane,Perth,All Airlines,Nov-16,233,233,0,193,198,40,35,2016,11
Brisbane-Proserpine,Brisbane,Proserpine,All Airlines,Nov-16,60,60,0,49,53,11,7,2016,11
Brisbane-Rockhampton,Brisbane,Rockhampton,All Airlines,Nov-16,360,357,3,299,291,58,66,2016,11
Brisbane-Sydney,Brisbane,Sydney,All Airlines,Nov-16,1450,1407,43,1223,1159,184,248,2016,11
Brisbane-Townsville,Brisbane,Townsville,All Airlines,Nov-16,326,326,0,279,280,47,46,2016,11
Broome-Perth,Broome,Perth,All Airlines,Nov-16,123,122,1,102,101,20,21,2016,11
Bundaberg-Brisbane,Bundaberg,Brisbane,All Airlines,Nov-16,160,160,0,134,131,26,29,2016,11
Cairns-Brisbane,Cairns,Brisbane,All Airlines,Nov-16,379,377,2,331,336,46,41,2016,11
Cairns-Melbourne,Cairns,Melbourne,All Airlines,Nov-16,191,191,0,140,120,51,71,2016,11
Cairns-Sydney,Cairns,Sydney,All Airlines,Nov-16,272,272,0,223,231,49,41,2016,11
Cairns-Townsville,Cairns,Townsville,All Airlines,Nov-16,184,183,1,174,175,9,8,2016,11
Canberra-Adelaide,Canberra,Adelaide,All Airlines,Nov-16,74,74,0,68,69,6,5,2016,11
Canberra-Brisbane,Canberra,Brisbane,All Airlines,Nov-16,244,243,1,213,221,30,22,2016,11
Canberra-Melbourne,Canberra,Melbourne,All Airlines,Nov-16,456,446,10,367,331,79,115,2016,11
Canberra-Sydney,Canberra,Sydney,All Airlines,Nov-16,769,728,41,634,643,94,85,2016,11
Coffs Harbour-Sydney,Coffs Harbour,Sydney,All Airlines,Nov-16,219,218,1,182,173,36,45,2016,11
Darwin-Alice Springs,Darwin,Alice Springs,All Airlines,Nov-16,64,63,1,63,63,0,0,2016,11
Darwin-Brisbane,Darwin,Brisbane,All Airlines,Nov-16,116,115,1,91,106,24,9,2016,11
Darwin-Melbourne,Darwin,Melbourne,All Airlines,Nov-16,83,83,0,65,70,18,13,2016,11
Darwin-Perth,Darwin,Perth,All Airlines,Nov-16,65,65,0,60,61,5,4,2016,11
Darwin-Sydney,Darwin,Sydney,All Airlines,Nov-16,95,94,1,72,78,22,16,2016,11
Dubbo-Sydney,Dubbo,Sydney,All Airlines,Nov-16,279,275,4,226,216,49,59,2016,11
Emerald-Brisbane,Emerald,Brisbane,All Airlines,Nov-16,199,194,5,174,176,20,18,2016,11
Geraldton-Perth,Geraldton,Perth,All Airlines,Nov-16,108,108,0,100,99,8,9,2016,11
Gladstone-Brisbane,Gladstone,Brisbane,All Airlines,Nov-16,265,262,3,219,223,43,39,2016,11
Gold Coast-Adelaide,Gold Coast,Adelaide,All Airlines,Nov-16,60,59,1,50,52,9,7,2016,11
Gold Coast-Melbourne,Gold Coast,Melbourne,All Airlines,Nov-16,476,472,4,324,334,148,138,2016,11
Gold Coast-Sydney,Gold Coast,Sydney,All Airlines,Nov-16,752,737,15,581,597,156,140,2016,11
Hamilton Island-Brisbane,Hamilton Island,Brisbane,All Airlines,Nov-16,68,68,0,60,60,8,8,2016,11
Hamilton Island-Melbourne,Hamilton Island,Melbourne,All Airlines,Nov-16,38,38,0,38,34,0,4,2016,11
Hamilton Island-Sydney,Hamilton Island,Sydney,All Airlines,Nov-16,90,90,0,65,71,25,19,2016,11
Hobart-Brisbane,Hobart,Brisbane,All Airlines,Nov-16,60,60,0,40,46,20,14,2016,11
Hobart-Melbourne,Hobart,Melbourne,All Airlines,Nov-16,482,477,5,305,306,172,171,2016,11
Hobart-Sydney,Hobart,Sydney,All Airlines,Nov-16,208,206,2,150,146,56,60,2016,11
Kalgoorlie-Perth,Kalgoorlie,Perth,All Airlines,Nov-16,139,139,0,127,129,12,10,2016,11
Karratha-Perth,Karratha,Perth,All Airlines,Nov-16,284,275,9,252,252,23,23,2016,11
Launceston-Melbourne,Launceston,Melbourne,All Airlines,Nov-16,351,341,10,223,222,118,119,2016,11
Launceston-Sydney,Launceston,Sydney,All Airlines,Nov-16,85,83,2,51,54,32,29,2016,11
Mackay-Brisbane,Mackay,Brisbane,All Airlines,Nov-16,293,287,6,244,250,43,37,2016,11
Melbourne-Adelaide,Melbourne,Adelaide,All Airlines,Nov-16,737,726,11,585,574,141,152,2016,11
Melbourne-Brisbane,Melbourne,Brisbane,All Airlines,Nov-16,1043,1021,22,851,821,170,200,2016,11
Melbourne-Cairns,Melbourne,Cairns,All Airlines,Nov-16,191,191,0,147,154,44,37,2016,11
Melbourne-Canberra,Melbourne,Canberra,All Airlines,Nov-16,457,446,11,375,375,71,71,2016,11
Melbourne-Darwin,Melbourne,Darwin,All Airlines,Nov-16,83,83,0,65,64,18,19,2016,11
Melbourne-Gold Coast,Melbourne,Gold Coast,All Airlines,Nov-16,477,474,3,363,360,111,114,2016,11
Melbourne-Hamilton Island,Melbourne,Hamilton Island,All Airlines,Nov-16,38,38,0,36,37,2,1,2016,11
Melbourne-Hobart,Melbourne,Hobart,All Airlines,Nov-16,482,478,4,361,358,117,120,2016,11
Melbourne-Launceston,Melbourne,Launceston,All Airlines,Nov-16,352,343,9,267,264,76,79,2016,11
Melbourne-Mildura,Melbourne,Mildura,All Airlines,Nov-16,207,207,0,167,160,40,47,2016,11
Melbourne-Newcastle,Melbourne,Newcastle,All Airlines,Nov-16,121,121,0,85,77,36,44,2016,11
Melbourne-Perth,Melbourne,Perth,All Airlines,Nov-16,460,453,7,351,361,102,92,2016,11
Melbourne-Sunshine Coast,Melbourne,Sunshine Coast,All Airlines,Nov-16,127,125,2,93,98,32,27,2016,11
Melbourne-Sydney,Melbourne,Sydney,All Airlines,Nov-16,2407,2297,110,1738,1653,559,644,2016,11
Mildura-Melbourne,Mildura,Melbourne,All Airlines,Nov-16,206,205,1,145,150,60,55,2016,11
Moranbah-Brisbane,Moranbah,Brisbane,All Airlines,Nov-16,158,150,8,130,130,20,20,2016,11
Mount Isa-Brisbane,Mount Isa,Brisbane,All Airlines,Nov-16,74,72,2,62,64,10,8,2016,11
Newcastle-Brisbane,Newcastle,Brisbane,All Airlines,Nov-16,274,267,7,224,223,43,44,2016,11
Newcastle-Melbourne,Newcastle,Melbourne,All Airlines,Nov-16,122,122,0,84,76,38,46,2016,11
Newman-Perth,Newman,Perth,All Airlines,Nov-16,185,183,2,170,165,13,18,2016,11
Perth-Adelaide,Perth,Adelaide,All Airlines,Nov-16,224,223,1,210,209,13,14,2016,11
Perth-Brisbane,Perth,Brisbane,All Airlines,Nov-16,229,229,0,209,206,20,23,2016,11
Perth-Broome,Perth,Broome,All Airlines,Nov-16,122,121,1,112,109,9,12,2016,11
Perth-Darwin,Perth,Darwin,All Airlines,Nov-16,65,65,0,62,61,3,4,2016,11
Perth-Geraldton,Perth,Geraldton,All Airlines,Nov-16,108,108,0,96,98,12,10,2016,11
Perth-Kalgoorlie,Perth,Kalgoorlie,All Airlines,Nov-16,140,139,1,130,131,9,8,2016,11
Perth-Karratha,Perth,Karratha,All Airlines,Nov-16,284,278,6,257,254,21,24,2016,11
Perth-Melbourne,Perth,Melbourne,All Airlines,Nov-16,456,448,8,373,351,75,97,2016,11
Perth-Newman,Perth,Newman,All Airlines,Nov-16,185,184,1,169,167,15,17,2016,11
Perth-Port Hedland,Perth,Port Hedland,All Airlines,Nov-16,189,186,3,170,163,16,23,2016,11
Perth-Sydney,Perth,Sydney,All Airlines,Nov-16,380,379,1,337,322,42,57,2016,11
Port Hedland-Perth,Port Hedland,Perth,All Airlines,Nov-16,189,185,4,170,169,15,16,2016,11
Port Lincoln-Adelaide,Port Lincoln,Adelaide,All Airlines,Nov-16,310,309,1,282,282,27,27,2016,11
Port Macquarie-Sydney,Port Macquarie,Sydney,All Airlines,Nov-16,191,189,2,139,133,50,56,2016,11
Proserpine-Brisbane,Proserpine,Brisbane,All Airlines,Nov-16,60,60,0,46,48,14,12,2016,11
Rockhampton-Brisbane,Rockhampton,Brisbane,All Airlines,Nov-16,359,355,4,291,283,64,72,2016,11
Sunshine Coast-Melbourne,Sunshine Coast,Melbourne,All Airlines,Nov-16,127,125,2,77,75,48,50,2016,11
Sunshine Coast-Sydney,Sunshine Coast,Sydney,All Airlines,Nov-16,186,185,1,131,134,54,51,2016,11
Sydney-Adelaide,Sydney,Adelaide,All Airlines,Nov-16,585,580,5,459,467,121,113,2016,11
Sydney-Albury,Sydney,Albury,All Airlines,Nov-16,272,268,4,219,215,49,53,2016,11
Sydney-Armidale,Sydney,Armidale,All Airlines,Nov-16,197,197,0,143,142,54,55,2016,11
Sydney-Ayers Rock,Sydney,Ayers Rock,All Airlines,Nov-16,56,56,0,50,48,6,8,2016,11
Sydney-Ballina,Sydney,Ballina,All Airlines,Nov-16,120,120,0,95,92,25,28,2016,11
Sydney-Brisbane,Sydney,Brisbane,All Airlines,Nov-16,1469,1426,43,1183,1143,243,283,2016,11
Sydney-Cairns,Sydney,Cairns,All Airlines,Nov-16,271,271,0,235,224,36,47,2016,11
Sydney-Canberra,Sydney,Canberra,All Airlines,Nov-16,769,731,38,593,597,138,134,2016,11
Sydney-Coffs Harbour,Sydney,Coffs Harbour,All Airlines,Nov-16,219,218,1,176,179,42,39,2016,11
Sydney-Darwin,Sydney,Darwin,All Airlines,Nov-16,96,96,0,80,77,16,19,2016,11
Sydney-Dubbo,Sydney,Dubbo,All Airlines,Nov-16,279,276,3,219,221,57,55,2016,11
Sydney-Gold Coast,Sydney,Gold Coast,All Airlines,Nov-16,750,738,12,597,595,141,143,2016,11
Sydney-Hamilton Island,Sydney,Hamilton Island,All Airlines,Nov-16,90,90,0,73,76,17,14,2016,11
Sydney-Hobart,Sydney,Hobart,All Airlines,Nov-16,208,207,1,165,163,42,44,2016,11
Sydney-Launceston,Sydney,Launceston,All Airlines,Nov-16,83,82,1,61,62,21,20,2016,11
Sydney-Melbourne,Sydney,Melbourne,All Airlines,Nov-16,2397,2287,110,1677,1504,610,783,2016,11
Sydney-Perth,Sydney,Perth,All Airlines,Nov-16,382,381,1,311,312,70,69,2016,11
Sydney-Port Macquarie,Sydney,Port Macquarie,All Airlines,Nov-16,191,188,3,141,138,47,50,2016,11
Sydney-Sunshine Coast,Sydney,Sunshine Coast,All Airlines,Nov-16,186,185,1,155,154,30,31,2016,11
Sydney-Tamworth,Sydney,Tamworth,All Airlines,Nov-16,194,187,7,150,148,37,39,2016,11
Sydney-Townsville,Sydney,Townsville,All Airlines,Nov-16,49,49,0,35,37,14,12,2016,11
Sydney-Wagga Wagga,Sydney,Wagga Wagga,All Airlines,Nov-16,248,247,1,211,209,36,38,2016,11
Tamworth-Sydney,Tamworth,Sydney,All Airlines,Nov-16,195,187,8,156,154,31,33,2016,11
Townsville-Brisbane,Townsville,Brisbane,All Airlines,Nov-16,325,323,2,280,282,43,41,2016,11
Townsville-Cairns,Townsville,Cairns,All Airlines,Nov-16,185,182,3,166,169,16,13,2016,11
Townsville-Sydney,Townsville,Sydney,All Airlines,Nov-16,49,49,0,33,35,16,14,2016,11
Wagga Wagga-Sydney,Wagga Wagga,Sydney,All Airlines,Nov-16,248,247,1,214,214,33,33,2016,11
Adelaide-Alice Springs,Adelaide,Alice Springs,All Airlines,Dec-16,46,45,1,44,42,1,3,2016,12
Adelaide-Brisbane,Adelaide,Brisbane,All Airlines,Dec-16,290,285,5,240,242,45,43,2016,12
Adelaide-Canberra,Adelaide,Canberra,All Airlines,Dec-16,69,69,0,64,64,5,5,2016,12
Adelaide-Gold Coast,Adelaide,Gold Coast,All Airlines,Dec-16,61,61,0,55,54,6,7,2016,12
Adelaide-Melbourne,Adelaide,Melbourne,All Airlines,Dec-16,742,732,10,557,552,175,180,2016,12
Adelaide-Perth,Adelaide,Perth,All Airlines,Dec-16,214,214,0,177,186,37,28,2016,12
Adelaide-Port Lincoln,Adelaide,Port Lincoln,All Airlines,Dec-16,302,301,1,276,267,25,34,2016,12
Adelaide-Sydney,Adelaide,Sydney,All Airlines,Dec-16,619,604,15,508,529,96,75,2016,12
Albury-Sydney,Albury,Sydney,All Airlines,Dec-16,255,251,4,200,202,51,49,2016,12
Alice Springs-Adelaide,Alice Springs,Adelaide,All Airlines,Dec-16,46,45,1,41,42,4,3,2016,12
Alice Springs-Darwin,Alice Springs,Darwin,All Airlines,Dec-16,58,57,1,49,49,8,8,2016,12
Armidale-Sydney,Armidale,Sydney,All Airlines,Dec-16,180,174,6,121,119,53,55,2016,12
Ayers Rock-Sydney,Ayers Rock,Sydney,All Airlines,Dec-16,53,51,2,41,41,10,10,2016,12
Ballina-Sydney,Ballina,Sydney,All Airlines,Dec-16,158,157,1,108,126,49,31,2016,12
Brisbane-Adelaide,Brisbane,Adelaide,All Airlines,Dec-16,293,290,3,238,244,52,46,2016,12
Brisbane-Bundaberg,Brisbane,Bundaberg,All Airlines,Dec-16,164,164,0,150,144,14,20,2016,12
Brisbane-Cairns,Brisbane,Cairns,All Airlines,Dec-16,429,426,3,351,375,75,51,2016,12
Brisbane-Canberra,Brisbane,Canberra,All Airlines,Dec-16,243,241,2,211,210,30,31,2016,12
Brisbane-Darwin,Brisbane,Darwin,All Airlines,Dec-16,131,131,0,114,122,17,9,2016,12
Brisbane-Emerald,Brisbane,Emerald,All Airlines,Dec-16,184,182,2,163,165,19,17,2016,12
Brisbane-Gladstone,Brisbane,Gladstone,All Airlines,Dec-16,233,233,0,187,178,46,55,2016,12
Brisbane-Hamilton Island,Brisbane,Hamilton Island,All Airlines,Dec-16,71,71,0,62,64,9,7,2016,12
Brisbane-Hobart,Brisbane,Hobart,All Airlines,Dec-16,67,67,0,62,62,5,5,2016,12
Brisbane-Mackay,Brisbane,Mackay,All Airlines,Dec-16,289,287,2,220,236,67,51,2016,12
Brisbane-Melbourne,Brisbane,Melbourne,All Airlines,Dec-16,1103,1080,23,853,796,227,284,2016,12
Brisbane-Moranbah,Brisbane,Moranbah,All Airlines,Dec-16,132,129,3,111,111,18,18,2016,12
Brisbane-Mount Isa,Brisbane,Mount Isa,All Airlines,Dec-16,67,65,2,56,59,9,6,2016,12
Brisbane-Newcastle,Brisbane,Newcastle,All Airlines,Dec-16,280,270,10,211,213,59,57,2016,12
Brisbane-Perth,Brisbane,Perth,All Airlines,Dec-16,249,248,1,204,207,44,41,2016,12
Brisbane-Proserpine,Brisbane,Proserpine,All Airlines,Dec-16,80,80,0,61,67,19,13,2016,12
Brisbane-Rockhampton,Brisbane,Rockhampton,All Airlines,Dec-16,366,363,3,303,312,60,51,2016,12
Brisbane-Sydney,Brisbane,Sydney,All Airlines,Dec-16,1461,1417,44,1175,1157,242,260,2016,12
Brisbane-Townsville,Brisbane,Townsville,All Airlines,Dec-16,339,333,6,261,274,72,59,2016,12
Broome-Perth,Broome,Perth,All Airlines,Dec-16,125,125,0,106,112,19,13,2016,12
Bundaberg-Brisbane,Bundaberg,Brisbane,All Airlines,Dec-16,164,164,0,144,138,20,26,2016,12
Cairns-Brisbane,Cairns,Brisbane,All Airlines,Dec-16,430,425,5,366,346,59,79,2016,12
Cairns-Melbourne,Cairns,Melbourne,All Airlines,Dec-16,225,223,2,167,145,56,78,2016,12
Cairns-Sydney,Cairns,Sydney,All Airlines,Dec-16,336,333,3,281,278,52,55,2016,12
Cairns-Townsville,Cairns,Townsville,All Airlines,Dec-16,177,176,1,174,172,2,4,2016,12
Canberra-Adelaide,Canberra,Adelaide,All Airlines,Dec-16,69,69,0,60,60,9,9,2016,12
Canberra-Brisbane,Canberra,Brisbane,All Airlines,Dec-16,244,242,2,214,219,28,23,2016,12
Canberra-Melbourne,Canberra,Melbourne,All Airlines,Dec-16,435,429,6,349,342,80,87,2016,12
Canberra-Sydney,Canberra,Sydney,All Airlines,Dec-16,623,603,20,507,516,96,87,2016,12
Coffs Harbour-Sydney,Coffs Harbour,Sydney,All Airlines,Dec-16,225,220,5,185,181,35,39,2016,12
Darwin-Alice Springs,Darwin,Alice Springs,All Airlines,Dec-16,58,57,1,51,52,6,5,2016,12
Darwin-Brisbane,Darwin,Brisbane,All Airlines,Dec-16,131,130,1,107,102,23,28,2016,12
Darwin-Melbourne,Darwin,Melbourne,All Airlines,Dec-16,92,91,1,60,62,31,29,2016,12
Darwin-Perth,Darwin,Perth,All Airlines,Dec-16,64,64,0,61,61,3,3,2016,12
Darwin-Sydney,Darwin,Sydney,All Airlines,Dec-16,114,114,0,83,89,31,25,2016,12
Dubbo-Sydney,Dubbo,Sydney,All Airlines,Dec-16,255,252,3,202,193,50,59,2016,12
Emerald-Brisbane,Emerald,Brisbane,All Airlines,Dec-16,185,181,4,156,151,25,30,2016,12
Geraldton-Perth,Geraldton,Perth,All Airlines,Dec-16,94,94,0,84,86,10,8,2016,12
Gladstone-Brisbane,Gladstone,Brisbane,All Airlines,Dec-16,234,233,1,178,186,55,47,2016,12
Gold Coast-Adelaide,Gold Coast,Adelaide,All Airlines,Dec-16,61,61,0,54,54,7,7,2016,12
Gold Coast-Melbourne,Gold Coast,Melbourne,All Airlines,Dec-16,572,559,13,412,424,147,135,2016,12
Gold Coast-Sydney,Gold Coast,Sydney,All Airlines,Dec-16,849,825,24,615,631,210,194,2016,12
Hamilton Island-Brisbane,Hamilton Island,Brisbane,All Airlines,Dec-16,71,71,0,62,61,9,10,2016,12
Hamilton Island-Melbourne,Hamilton Island,Melbourne,All Airlines,Dec-16,43,43,0,39,37,4,6,2016,12
Hamilton Island-Sydney,Hamilton Island,Sydney,All Airlines,Dec-16,100,99,1,73,77,26,22,2016,12
Hobart-Brisbane,Hobart,Brisbane,All Airlines,Dec-16,67,67,0,49,57,18,10,2016,12
Hobart-Melbourne,Hobart,Melbourne,All Airlines,Dec-16,559,554,5,356,348,198,206,2016,12
Hobart-Sydney,Hobart,Sydney,All Airlines,Dec-16,255,252,3,192,189,60,63,2016,12
Kalgoorlie-Perth,Kalgoorlie,Perth,All Airlines,Dec-16,134,132,2,110,116,22,16,2016,12
Karratha-Perth,Karratha,Perth,All Airlines,Dec-16,268,260,8,225,228,35,32,2016,12
Launceston-Melbourne,Launceston,Melbourne,All Airlines,Dec-16,416,404,12,287,285,117,119,2016,12
Launceston-Sydney,Launceston,Sydney,All Airlines,Dec-16,121,119,2,75,83,44,36,2016,12
Mackay-Brisbane,Mackay,Brisbane,All Airlines,Dec-16,291,289,2,231,224,58,65,2016,12
Melbourne-Adelaide,Melbourne,Adelaide,All Airlines,Dec-16,738,727,11,555,529,172,198,2016,12
Melbourne-Brisbane,Melbourne,Brisbane,All Airlines,Dec-16,1095,1067,28,839,833,228,234,2016,12
Melbourne-Cairns,Melbourne,Cairns,All Airlines,Dec-16,225,224,1,168,183,56,41,2016,12
Melbourne-Canberra,Melbourne,Canberra,All Airlines,Dec-16,435,426,9,350,345,76,81,2016,12
Melbourne-Darwin,Melbourne,Darwin,All Airlines,Dec-16,92,91,1,62,67,29,24,2016,12
Melbourne-Gold Coast,Melbourne,Gold Coast,All Airlines,Dec-16,572,562,10,433,424,129,138,2016,12
Melbourne-Hamilton Island,Melbourne,Hamilton Island,All Airlines,Dec-16,43,43,0,40,40,3,3,2016,12
Melbourne-Hobart,Melbourne,Hobart,All Airlines,Dec-16,560,555,5,403,394,152,161,2016,12
Melbourne-Launceston,Melbourne,Launceston,All Airlines,Dec-16,417,405,12,295,306,110,99,2016,12
Melbourne-Mildura,Melbourne,Mildura,All Airlines,Dec-16,194,193,1,159,149,34,44,2016,12
Melbourne-Newcastle,Melbourne,Newcastle,All Airlines,Dec-16,151,150,1,97,100,53,50,2016,12
Melbourne-Perth,Melbourne,Perth,All Airlines,Dec-16,483,477,6,365,338,112,139,2016,12
Melbourne-Sunshine Coast,Melbourne,Sunshine Coast,All Airlines,Dec-16,146,145,1,97,104,48,41,2016,12
Melbourne-Sydney,Melbourne,Sydney,All Airlines,Dec-16,2244,2134,110,1659,1606,475,528,2016,12
Mildura-Melbourne,Mildura,Melbourne,All Airlines,Dec-16,195,193,2,148,142,45,51,2016,12
Moranbah-Brisbane,Moranbah,Brisbane,All Airlines,Dec-16,129,125,4,109,108,16,17,2016,12
Mount Isa-Brisbane,Mount Isa,Brisbane,All Airlines,Dec-16,71,67,4,57,52,10,15,2016,12
Newcastle-Brisbane,Newcastle,Brisbane,All Airlines,Dec-16,281,273,8,226,220,47,53,2016,12
Newcastle-Melbourne,Newcastle,Melbourne,All Airlines,Dec-16,151,149,2,101,94,48,55,2016,12
Newman-Perth,Newman,Perth,All Airlines,Dec-16,168,163,5,148,150,15,13,2016,12
Perth-Adelaide,Perth,Adelaide,All Airlines,Dec-16,226,226,0,203,207,23,19,2016,12
Perth-Brisbane,Perth,Brisbane,All Airlines,Dec-16,246,245,1,209,221,36,24,2016,12
Perth-Broome,Perth,Broome,All Airlines,Dec-16,124,124,0,110,117,14,7,2016,12
Perth-Darwin,Perth,Darwin,All Airlines,Dec-16,64,64,0,59,60,5,4,2016,12
Perth-Geraldton,Perth,Geraldton,All Airlines,Dec-16,94,94,0,79,81,15,13,2016,12
Perth-Kalgoorlie,Perth,Kalgoorlie,All Airlines,Dec-16,135,133,2,107,107,26,26,2016,12
Perth-Karratha,Perth,Karratha,All Airlines,Dec-16,269,261,8,238,240,23,21,2016,12
Perth-Melbourne,Perth,Melbourne,All Airlines,Dec-16,479,471,8,390,402,81,69,2016,12
Perth-Newman,Perth,Newman,All Airlines,Dec-16,168,164,4,146,145,18,19,2016,12
Perth-Port Hedland,Perth,Port Hedland,All Airlines,Dec-16,184,181,3,162,157,19,24,2016,12
Perth-Sydney,Perth,Sydney,All Airlines,Dec-16,401,400,1,323,353,77,47,2016,12
Port Hedland-Perth,Port Hedland,Perth,All Airlines,Dec-16,185,180,5,161,165,19,15,2016,12
Port Lincoln-Adelaide,Port Lincoln,Adelaide,All Airlines,Dec-16,304,303,1,268,270,35,33,2016,12
Port Macquarie-Sydney,Port Macquarie,Sydney,All Airlines,Dec-16,194,187,7,132,132,55,55,2016,12
Proserpine-Brisbane,Proserpine,Brisbane,All Airlines,Dec-16,80,80,0,62,61,18,19,2016,12
Rockhampton-Brisbane,Rockhampton,Brisbane,All Airlines,Dec-16,367,364,3,314,295,50,69,2016,12
Sunshine Coast-Melbourne,Sunshine Coast,Melbourne,All Airlines,Dec-16,146,144,2,84,92,60,52,2016,12
Sunshine Coast-Sydney,Sunshine Coast,Sydney,All Airlines,Dec-16,201,197,4,136,135,61,62,2016,12
Sydney-Adelaide,Sydney,Adelaide,All Airlines,Dec-16,609,594,15,474,471,120,123,2016,12
Sydney-Albury,Sydney,Albury,All Airlines,Dec-16,256,252,4,209,202,43,50,2016,12
Sydney-Armidale,Sydney,Armidale,All Airlines,Dec-16,177,175,2,123,114,52,61,2016,12
Sydney-Ayers Rock,Sydney,Ayers Rock,All Airlines,Dec-16,54,52,2,45,45,7,7,2016,12
Sydney-Ballina,Sydney,Ballina,All Airlines,Dec-16,157,157,0,134,130,23,27,2016,12
Sydney-Brisbane,Sydney,Brisbane,All Airlines,Dec-16,1473,1436,37,1189,1161,247,275,2016,12
Sydney-Cairns,Sydney,Cairns,All Airlines,Dec-16,335,333,2,276,290,57,43,2016,12
Sydney-Canberra,Sydney,Canberra,All Airlines,Dec-16,622,605,17,484,480,121,125,2016,12
Sydney-Coffs Harbour,Sydney,Coffs Harbour,All Airlines,Dec-16,224,219,5,181,185,38,34,2016,12
Sydney-Darwin,Sydney,Darwin,All Airlines,Dec-16,113,113,0,92,91,21,22,2016,12
Sydney-Dubbo,Sydney,Dubbo,All Airlines,Dec-16,250,247,3,197,194,50,53,2016,12
Sydney-Gold Coast,Sydney,Gold Coast,All Airlines,Dec-16,850,826,24,677,669,149,157,2016,12
Sydney-Hamilton Island,Sydney,Hamilton Island,All Airlines,Dec-16,100,99,1,82,81,17,18,2016,12
Sydney-Hobart,Sydney,Hobart,All Airlines,Dec-16,254,251,3,202,208,49,43,2016,12
Sydney-Launceston,Sydney,Launceston,All Airlines,Dec-16,121,121,0,98,100,23,21,2016,12
Sydney-Melbourne,Sydney,Melbourne,All Airlines,Dec-16,2236,2119,117,1621,1488,498,631,2016,12
Sydney-Perth,Sydney,Perth,All Airlines,Dec-16,398,396,2,299,285,97,111,2016,12
Sydney-Port Macquarie,Sydney,Port Macquarie,All Airlines,Dec-16,193,187,6,129,129,58,58,2016,12
Sydney-Sunshine Coast,Sydney,Sunshine Coast,All Airlines,Dec-16,201,198,3,154,158,44,40,2016,12
Sydney-Tamworth,Sydney,Tamworth,All Airlines,Dec-16,192,188,4,145,146,43,42,2016,12
Sydney-Townsville,Sydney,Townsville,All Airlines,Dec-16,58,57,1,33,36,24,21,2016,12
Sydney-Wagga Wagga,Sydney,Wagga Wagga,All Airlines,Dec-16,222,221,1,187,176,34,45,2016,12
Tamworth-Sydney,Tamworth,Sydney,All Airlines,Dec-16,193,186,7,148,148,38,38,2016,12
Townsville-Brisbane,Townsville,Brisbane,All Airlines,Dec-16,341,335,6,274,275,61,60,2016,12
Townsville-Cairns,Townsville,Cairns,All Airlines,Dec-16,179,177,2,173,173,4,4,2016,12
Townsville-Sydney,Townsville,Sydney,All Airlines,Dec-16,58,57,1,32,36,25,21,2016,12
Wagga Wagga-Sydney,Wagga Wagga,Sydney,All Airlines,Dec-16,220,219,1,177,178,42,41,2016,12
Adelaide-Alice Springs,Adelaide,Alice Springs,All Airlines,Jan-17,43,43,0,38,40,5,3,2017,1
Adelaide-Brisbane,Adelaide,Brisbane,All Airlines,Jan-17,270,270,0,245,252,25,18,2017,1
Adelaide-Canberra,Adelaide,Canberra,All Airlines,Jan-17,60,60,0,56,58,4,2,2017,1
Adelaide-Gold Coast,Adelaide,Gold Coast,All Airlines,Jan-17,62,62,0,56,56,6,6,2017,1
Adelaide-Melbourne,Adelaide,Melbourne,All Airlines,Jan-17,710,704,6,606,621,98,83,2017,1
Adelaide-Perth,Adelaide,Perth,All Airlines,Jan-17,211,211,0,197,197,14,14,2017,1
Adelaide-Port Lincoln,Adelaide,Port Lincoln,All Airlines,Jan-17,280,278,2,263,261,15,17,2017,1
Adelaide-Sydney,Adelaide,Sydney,All Airlines,Jan-17,586,581,5,504,526,77,55,2017,1
Albury-Sydney,Albury,Sydney,All Airlines,Jan-17,211,211,0,193,191,18,20,2017,1
Alice Springs-Adelaide,Alice Springs,Adelaide,All Airlines,Jan-17,43,43,0,42,42,1,1,2017,1
Alice Springs-Darwin,Alice Springs,Darwin,All Airlines,Jan-17,44,43,1,36,38,7,5,2017,1
Armidale-Sydney,Armidale,Sydney,All Airlines,Jan-17,165,164,1,128,129,36,35,2017,1
Ayers Rock-Sydney,Ayers Rock,Sydney,All Airlines,Jan-17,53,53,0,47,48,6,5,2017,1
Ballina-Sydney,Ballina,Sydney,All Airlines,Jan-17,151,151,0,114,129,37,22,2017,1
Brisbane-Adelaide,Brisbane,Adelaide,All Airlines,Jan-17,275,275,0,247,260,28,15,2017,1
Brisbane-Bundaberg,Brisbane,Bundaberg,All Airlines,Jan-17,163,161,2,141,142,20,19,2017,1
Brisbane-Cairns,Brisbane,Cairns,All Airlines,Jan-17,427,425,2,376,396,49,29,2017,1
Brisbane-Canberra,Brisbane,Canberra,All Airlines,Jan-17,242,241,1,223,221,18,20,2017,1
Brisbane-Darwin,Brisbane,Darwin,All Airlines,Jan-17,127,127,0,117,124,10,3,2017,1
Brisbane-Emerald,Brisbane,Emerald,All Airlines,Jan-17,190,189,1,171,173,18,16,2017,1
Brisbane-Gladstone,Brisbane,Gladstone,All Airlines,Jan-17,217,214,3,187,177,27,37,2017,1
Brisbane-Hamilton Island,Brisbane,Hamilton Island,All Airlines,Jan-17,71,70,1,62,60,8,10,2017,1
Brisbane-Hobart,Brisbane,Hobart,All Airlines,Jan-17,65,65,0,64,62,1,3,2017,1
Brisbane-Mackay,Brisbane,Mackay,All Airlines,Jan-17,285,282,3,235,240,47,42,2017,1
Brisbane-Melbourne,Brisbane,Melbourne,All Airlines,Jan-17,1074,1062,12,933,921,129,141,2017,1
Brisbane-Moranbah,Brisbane,Moranbah,All Airlines,Jan-17,142,139,3,124,123,15,16,2017,1
Brisbane-Mount Isa,Brisbane,Mount Isa,All Airlines,Jan-17,76,75,1,70,71,5,4,2017,1
Brisbane-Newcastle,Brisbane,Newcastle,All Airlines,Jan-17,278,275,3,233,232,42,43,2017,1
Brisbane-Perth,Brisbane,Perth,All Airlines,Jan-17,242,242,0,212,229,30,13,2017,1
Brisbane-Proserpine,Brisbane,Proserpine,All Airlines,Jan-17,80,75,5,59,63,16,12,2017,1
Brisbane-Rockhampton,Brisbane,Rockhampton,All Airlines,Jan-17,312,306,6,267,267,39,39,2017,1
Brisbane-Sydney,Brisbane,Sydney,All Airlines,Jan-17,1400,1378,22,1243,1231,135,147,2017,1
Brisbane-Townsville,Brisbane,Townsville,All Airlines,Jan-17,341,334,7,293,305,41,29,2017,1
Broome-Perth,Broome,Perth,All Airlines,Jan-17,128,125,3,95,102,30,23,2017,1
Bundaberg-Brisbane,Bundaberg,Brisbane,All Airlines,Jan-17,163,161,2,141,137,20,24,2017,1
Cairns-Brisbane,Cairns,Brisbane,All Airlines,Jan-17,426,423,3,383,381,40,42,2017,1
Cairns-Melbourne,Cairns,Melbourne,All Airlines,Jan-17,227,226,1,184,180,42,46,2017,1
Cairns-Sydney,Cairns,Sydney,All Airlines,Jan-17,342,342,0,290,285,52,57,2017,1
Cairns-Townsville,Cairns,Townsville,All Airlines,Jan-17,164,163,1,152,152,11,11,2017,1
Canberra-Adelaide,Canberra,Adelaide,All Airlines,Jan-17,60,60,0,58,57,2,3,2017,1
Canberra-Brisbane,Canberra,Brisbane,All Airlines,Jan-17,242,237,5,215,216,22,21,2017,1
Canberra-Melbourne,Canberra,Melbourne,All Airlines,Jan-17,378,372,6,339,337,33,35,2017,1
Canberra-Sydney,Canberra,Sydney,All Airlines,Jan-17,487,472,15,432,430,40,42,2017,1
Coffs Harbour-Sydney,Coffs Harbour,Sydney,All Airlines,Jan-17,225,219,6,196,193,23,26,2017,1
Darwin-Alice Springs,Darwin,Alice Springs,All Airlines,Jan-17,44,43,1,42,41,1,2,2017,1
Darwin-Brisbane,Darwin,Brisbane,All Airlines,Jan-17,127,127,0,117,110,10,17,2017,1
Darwin-Melbourne,Darwin,Melbourne,All Airlines,Jan-17,90,90,0,79,80,11,10,2017,1
Darwin-Perth,Darwin,Perth,All Airlines,Jan-17,62,62,0,58,58,4,4,2017,1
Darwin-Sydney,Darwin,Sydney,All Airlines,Jan-17,97,97,0,92,82,5,15,2017,1
Dubbo-Sydney,Dubbo,Sydney,All Airlines,Jan-17,209,208,1,185,177,23,31,2017,1
Emerald-Brisbane,Emerald,Brisbane,All Airlines,Jan-17,189,187,2,171,167,16,20,2017,1
Geraldton-Perth,Geraldton,Perth,All Airlines,Jan-17,95,95,0,85,86,10,9,2017,1
Gladstone-Brisbane,Gladstone,Brisbane,All Airlines,Jan-17,217,214,3,186,186,28,28,2017,1
Gold Coast-Adelaide,Gold Coast,Adelaide,All Airlines,Jan-17,62,62,0,54,57,8,5,2017,1
Gold Coast-Melbourne,Gold Coast,Melbourne,All Airlines,Jan-17,582,581,1,480,505,101,76,2017,1
Gold Coast-Sydney,Gold Coast,Sydney,All Airlines,Jan-17,848,837,11,697,713,140,124,2017,1
Hamilton Island-Brisbane,Hamilton Island,Brisbane,All Airlines,Jan-17,71,70,1,57,58,13,12,2017,1
Hamilton Island-Melbourne,Hamilton Island,Melbourne,All Airlines,Jan-17,46,46,0,42,42,4,4,2017,1
Hamilton Island-Sydney,Hamilton Island,Sydney,All Airlines,Jan-17,95,94,1,75,76,19,18,2017,1
Hobart-Brisbane,Hobart,Brisbane,All Airlines,Jan-17,65,65,0,51,60,14,5,2017,1
Hobart-Melbourne,Hobart,Melbourne,All Airlines,Jan-17,582,579,3,442,450,137,129,2017,1
Hobart-Sydney,Hobart,Sydney,All Airlines,Jan-17,250,250,0,192,198,58,52,2017,1
Kalgoorlie-Perth,Kalgoorlie,Perth,All Airlines,Jan-17,127,125,2,107,111,18,14,2017,1
Karratha-Perth,Karratha,Perth,All Airlines,Jan-17,275,257,18,226,221,31,36,2017,1
Launceston-Melbourne,Launceston,Melbourne,All Airlines,Jan-17,414,405,9,321,322,84,83,2017,1
Launceston-Sydney,Launceston,Sydney,All Airlines,Jan-17,123,123,0,89,98,34,25,2017,1
Mackay-Brisbane,Mackay,Brisbane,All Airlines,Jan-17,284,281,3,229,225,52,56,2017,1
Melbourne-Adelaide,Melbourne,Adelaide,All Airlines,Jan-17,706,701,5,616,596,85,105,2017,1
Melbourne-Brisbane,Melbourne,Brisbane,All Airlines,Jan-17,1070,1060,10,926,934,134,126,2017,1
Melbourne-Cairns,Melbourne,Cairns,All Airlines,Jan-17,227,227,0,191,202,36,25,2017,1
Melbourne-Canberra,Melbourne,Canberra,All Airlines,Jan-17,378,373,5,332,330,41,43,2017,1
Melbourne-Darwin,Melbourne,Darwin,All Airlines,Jan-17,90,90,0,76,86,14,4,2017,1
Melbourne-Gold Coast,Melbourne,Gold Coast,All Airlines,Jan-17,581,580,1,502,507,78,73,2017,1
Melbourne-Hamilton Island,Melbourne,Hamilton Island,All Airlines,Jan-17,46,46,0,43,41,3,5,2017,1
Melbourne-Hobart,Melbourne,Hobart,All Airlines,Jan-17,581,580,1,487,501,93,79,2017,1
Melbourne-Launceston,Melbourne,Launceston,All Airlines,Jan-17,413,406,7,338,349,68,57,2017,1
Melbourne-Mildura,Melbourne,Mildura,All Airlines,Jan-17,174,173,1,153,148,20,25,2017,1
Melbourne-Newcastle,Melbourne,Newcastle,All Airlines,Jan-17,161,160,1,128,140,32,20,2017,1
Melbourne-Perth,Melbourne,Perth,All Airlines,Jan-17,472,471,1,385,395,86,76,2017,1
Melbourne-Sunshine Coast,Melbourne,Sunshine Coast,All Airlines,Jan-17,146,146,0,116,127,30,19,2017,1
Melbourne-Sydney,Melbourne,Sydney,All Airlines,Jan-17,2190,2138,52,1843,1824,295,314,2017,1
Mildura-Melbourne,Mildura,Melbourne,All Airlines,Jan-17,173,172,1,160,152,12,20,2017,1
Moranbah-Brisbane,Moranbah,Brisbane,All Airlines,Jan-17,138,134,4,122,116,12,18,2017,1
Mount Isa-Brisbane,Mount Isa,Brisbane,All Airlines,Jan-17,75,74,1,68,66,6,8,2017,1
Newcastle-Brisbane,Newcastle,Brisbane,All Airlines,Jan-17,277,270,7,238,238,32,32,2017,1
Newcastle-Melbourne,Newcastle,Melbourne,All Airlines,Jan-17,161,161,0,133,131,28,30,2017,1
Newman-Perth,Newman,Perth,All Airlines,Jan-17,164,160,4,151,152,9,8,2017,1
Perth-Adelaide,Perth,Adelaide,All Airlines,Jan-17,213,213,0,199,207,14,6,2017,1
Perth-Brisbane,Perth,Brisbane,All Airlines,Jan-17,236,236,0,215,218,21,18,2017,1
Perth-Broome,Perth,Broome,All Airlines,Jan-17,128,126,2,106,105,20,21,2017,1
Perth-Darwin,Perth,Darwin,All Airlines,Jan-17,62,62,0,59,58,3,4,2017,1
Perth-Geraldton,Perth,Geraldton,All Airlines,Jan-17,95,95,0,78,82,17,13,2017,1
Perth-Kalgoorlie,Perth,Kalgoorlie,All Airlines,Jan-17,126,124,2,111,110,13,14,2017,1
Perth-Karratha,Perth,Karratha,All Airlines,Jan-17,275,265,10,235,234,30,31,2017,1
Perth-Melbourne,Perth,Melbourne,All Airlines,Jan-17,466,466,0,404,428,62,38,2017,1
Perth-Newman,Perth,Newman,All Airlines,Jan-17,164,162,2,149,148,13,14,2017,1
Perth-Port Hedland,Perth,Port Hedland,All Airlines,Jan-17,180,177,3,158,148,19,29,2017,1
Perth-Sydney,Perth,Sydney,All Airlines,Jan-17,379,377,2,321,348,56,29,2017,1
Port Hedland-Perth,Port Hedland,Perth,All Airlines,Jan-17,180,174,6,153,155,21,19,2017,1
Port Lincoln-Adelaide,Port Lincoln,Adelaide,All Airlines,Jan-17,278,277,1,251,248,26,29,2017,1
Port Macquarie-Sydney,Port Macquarie,Sydney,All Airlines,Jan-17,187,186,1,152,155,34,31,2017,1
Proserpine-Brisbane,Proserpine,Brisbane,All Airlines,Jan-17,79,74,5,56,57,18,17,2017,1
Rockhampton-Brisbane,Rockhampton,Brisbane,All Airlines,Jan-17,312,306,6,267,260,39,46,2017,1
Sunshine Coast-Melbourne,Sunshine Coast,Melbourne,All Airlines,Jan-17,147,147,0,104,114,43,33,2017,1
Sunshine Coast-Sydney,Sunshine Coast,Sydney,All Airlines,Jan-17,203,200,3,158,164,42,36,2017,1
Sydney-Adelaide,Sydney,Adelaide,All Airlines,Jan-17,583,582,1,504,516,78,66,2017,1
Sydney-Albury,Sydney,Albury,All Airlines,Jan-17,211,211,0,188,188,23,23,2017,1
Sydney-Armidale,Sydney,Armidale,All Airlines,Jan-17,168,168,0,133,130,35,38,2017,1
Sydney-Ayers Rock,Sydney,Ayers Rock,All Airlines,Jan-17,53,53,0,48,52,5,1,2017,1
Sydney-Ballina,Sydney,Ballina,All Airlines,Jan-17,153,153,0,140,139,13,14,2017,1
Sydney-Brisbane,Sydney,Brisbane,All Airlines,Jan-17,1419,1397,22,1242,1270,155,127,2017,1
Sydney-Cairns,Sydney,Cairns,All Airlines,Jan-17,343,343,0,292,308,51,35,2017,1
Sydney-Canberra,Sydney,Canberra,All Airlines,Jan-17,486,477,9,413,416,64,61,2017,1
Sydney-Coffs Harbour,Sydney,Coffs Harbour,All Airlines,Jan-17,227,221,6,202,202,19,19,2017,1
Sydney-Darwin,Sydney,Darwin,All Airlines,Jan-17,97,97,0,82,94,15,3,2017,1
Sydney-Dubbo,Sydney,Dubbo,All Airlines,Jan-17,209,209,0,182,178,27,31,2017,1
Sydney-Gold Coast,Sydney,Gold Coast,All Airlines,Jan-17,847,840,7,751,753,89,87,2017,1
Sydney-Hamilton Island,Sydney,Hamilton Island,All Airlines,Jan-17,95,94,1,81,84,13,10,2017,1
Sydney-Hobart,Sydney,Hobart,All Airlines,Jan-17,251,251,0,210,218,41,33,2017,1
Sydney-Launceston,Sydney,Launceston,All Airlines,Jan-17,123,123,0,109,111,14,12,2017,1
Sydney-Melbourne,Sydney,Melbourne,All Airlines,Jan-17,2182,2130,52,1812,1786,318,344,2017,1
Sydney-Perth,Sydney,Perth,All Airlines,Jan-17,382,381,1,317,339,64,42,2017,1
Sydney-Port Macquarie,Sydney,Port Macquarie,All Airlines,Jan-17,188,187,1,150,150,37,37,2017,1
Sydney-Sunshine Coast,Sydney,Sunshine Coast,All Airlines,Jan-17,205,204,1,176,182,28,22,2017,1
Sydney-Tamworth,Sydney,Tamworth,All Airlines,Jan-17,197,194,3,164,168,30,26,2017,1
Sydney-Townsville,Sydney,Townsville,All Airlines,Jan-17,55,55,0,36,39,19,16,2017,1
Sydney-Wagga Wagga,Sydney,Wagga Wagga,All Airlines,Jan-17,174,174,0,150,147,24,27,2017,1
Tamworth-Sydney,Tamworth,Sydney,All Airlines,Jan-17,195,191,4,174,176,17,15,2017,1
Townsville-Brisbane,Townsville,Brisbane,All Airlines,Jan-17,341,335,6,301,304,34,31,2017,1
Townsville-Cairns,Townsville,Cairns,All Airlines,Jan-17,163,161,2,145,146,16,15,2017,1
Townsville-Sydney,Townsville,Sydney,All Airlines,Jan-17,55,54,1,36,37,18,17,2017,1
Wagga Wagga-Sydney,Wagga Wagga,Sydney,All Airlines,Jan-17,176,176,0,151,149,25,27,2017,1
Adelaide-Alice Springs,Adelaide,Alice Springs,All Airlines,Feb-17,40,40,0,39,39,1,1,2017,2
Adelaide-Brisbane,Adelaide,Brisbane,All Airlines,Feb-17,251,249,2,232,228,17,21,2017,2
Adelaide-Canberra,Adelaide,Canberra,All Airlines,Feb-17,68,68,0,63,63,5,5,2017,2
Adelaide-Gold Coast,Adelaide,Gold Coast,All Airlines,Feb-17,56,56,0,52,50,4,6,2017,2
Adelaide-Melbourne,Adelaide,Melbourne,All Airlines,Feb-17,678,669,9,558,559,111,110,2017,2
Adelaide-Perth,Adelaide,Perth,All Airlines,Feb-17,202,198,4,172,186,26,12,2017,2
Adelaide-Port Lincoln,Adelaide,Port Lincoln,All Airlines,Feb-17,292,290,2,282,276,8,14,2017,2
Adelaide-Sydney,Adelaide,Sydney,All Airlines,Feb-17,550,543,7,456,446,87,97,2017,2
Albury-Sydney,Albury,Sydney,All Airlines,Feb-17,249,245,4,197,182,48,63,2017,2
Alice Springs-Adelaide,Alice Springs,Adelaide,All Airlines,Feb-17,40,40,0,36,36,4,4,2017,2
Alice Springs-Darwin,Alice Springs,Darwin,All Airlines,Feb-17,50,50,0,42,44,8,6,2017,2
Armidale-Sydney,Armidale,Sydney,All Airlines,Feb-17,184,181,3,125,115,56,66,2017,2
Ayers Rock-Sydney,Ayers Rock,Sydney,All Airlines,Feb-17,52,52,0,37,37,15,15,2017,2
Ballina-Sydney,Ballina,Sydney,All Airlines,Feb-17,119,119,0,83,89,36,30,2017,2
Brisbane-Adelaide,Brisbane,Adelaide,All Airlines,Feb-17,255,253,2,236,238,17,15,2017,2
Brisbane-Bundaberg,Brisbane,Bundaberg,All Airlines,Feb-17,148,147,1,133,137,14,10,2017,2
Brisbane-Cairns,Brisbane,Cairns,All Airlines,Feb-17,324,321,3,267,283,54,38,2017,2
Brisbane-Canberra,Brisbane,Canberra,All Airlines,Feb-17,227,226,1,212,215,14,11,2017,2
Brisbane-Darwin,Brisbane,Darwin,All Airlines,Feb-17,101,101,0,88,94,13,7,2017,2
Brisbane-Emerald,Brisbane,Emerald,All Airlines,Feb-17,176,176,0,159,163,17,13,2017,2
Brisbane-Gladstone,Brisbane,Gladstone,All Airlines,Feb-17,206,203,3,180,174,23,29,2017,2
Brisbane-Hamilton Island,Brisbane,Hamilton Island,All Airlines,Feb-17,64,64,0,58,61,6,3,2017,2
Brisbane-Hobart,Brisbane,Hobart,All Airlines,Feb-17,56,56,0,54,52,2,4,2017,2
Brisbane-Mackay,Brisbane,Mackay,All Airlines,Feb-17,268,266,2,229,242,37,24,2017,2
Brisbane-Melbourne,Brisbane,Melbourne,All Airlines,Feb-17,923,907,16,830,806,77,101,2017,2
Brisbane-Moranbah,Brisbane,Moranbah,All Airlines,Feb-17,132,131,1,119,121,12,10,2017,2
Brisbane-Mount Isa,Brisbane,Mount Isa,All Airlines,Feb-17,68,68,0,64,65,4,3,2017,2
Brisbane-Newcastle,Brisbane,Newcastle,All Airlines,Feb-17,243,237,6,208,215,29,22,2017,2
Brisbane-Perth,Brisbane,Perth,All Airlines,Feb-17,223,223,0,203,210,20,13,2017,2
Brisbane-Proserpine,Brisbane,Proserpine,All Airlines,Feb-17,52,52,0,40,42,12,10,2017,2
Brisbane-Rockhampton,Brisbane,Rockhampton,All Airlines,Feb-17,334,328,6,295,297,33,31,2017,2
Brisbane-Sydney,Brisbane,Sydney,All Airlines,Feb-17,1327,1293,34,1100,1081,193,212,2017,2
Brisbane-Townsville,Brisbane,Townsville,All Airlines,Feb-17,296,295,1,266,269,29,26,2017,2
Broome-Perth,Broome,Perth,All Airlines,Feb-17,116,111,5,95,99,16,12,2017,2
Bundaberg-Brisbane,Bundaberg,Brisbane,All Airlines,Feb-17,148,147,1,135,132,12,15,2017,2
Cairns-Brisbane,Cairns,Brisbane,All Airlines,Feb-17,324,321,3,284,288,37,33,2017,2
Cairns-Melbourne,Cairns,Melbourne,All Airlines,Feb-17,156,156,0,106,114,50,42,2017,2
Cairns-Sydney,Cairns,Sydney,All Airlines,Feb-17,263,262,1,225,214,37,48,2017,2
Cairns-Townsville,Cairns,Townsville,All Airlines,Feb-17,174,171,3,158,157,13,14,2017,2
Canberra-Adelaide,Canberra,Adelaide,All Airlines,Feb-17,68,68,0,64,62,4,6,2017,2
Canberra-Brisbane,Canberra,Brisbane,All Airlines,Feb-17,226,225,1,210,210,15,15,2017,2
Canberra-Melbourne,Canberra,Melbourne,All Airlines,Feb-17,461,452,9,406,401,46,51,2017,2
Canberra-Sydney,Canberra,Sydney,All Airlines,Feb-17,714,669,45,571,560,98,109,2017,2
Coffs Harbour-Sydney,Coffs Harbour,Sydney,All Airlines,Feb-17,205,203,2,157,156,46,47,2017,2
Darwin-Alice Springs,Darwin,Alice Springs,All Airlines,Feb-17,50,47,3,43,41,4,6,2017,2
Darwin-Brisbane,Darwin,Brisbane,All Airlines,Feb-17,101,101,0,93,93,8,8,2017,2
Darwin-Melbourne,Darwin,Melbourne,All Airlines,Feb-17,75,74,1,70,68,4,6,2017,2
Darwin-Perth,Darwin,Perth,All Airlines,Feb-17,56,56,0,48,49,8,7,2017,2
Darwin-Sydney,Darwin,Sydney,All Airlines,Feb-17,80,80,0,61,58,19,22,2017,2
Dubbo-Sydney,Dubbo,Sydney,All Airlines,Feb-17,257,246,11,181,166,65,80,2017,2
Emerald-Brisbane,Emerald,Brisbane,All Airlines,Feb-17,176,176,0,157,156,19,20,2017,2
Geraldton-Perth,Geraldton,Perth,All Airlines,Feb-17,93,91,2,73,72,18,19,2017,2
Gladstone-Brisbane,Gladstone,Brisbane,All Airlines,Feb-17,207,203,4,182,183,21,20,2017,2
Gold Coast-Adelaide,Gold Coast,Adelaide,All Airlines,Feb-17,56,56,0,45,50,11,6,2017,2
Gold Coast-Melbourne,Gold Coast,Melbourne,All Airlines,Feb-17,393,392,1,310,333,82,59,2017,2
Gold Coast-Sydney,Gold Coast,Sydney,All Airlines,Feb-17,705,691,14,519,533,172,158,2017,2
Hamilton Island-Brisbane,Hamilton Island,Brisbane,All Airlines,Feb-17,64,64,0,61,60,3,4,2017,2
Hamilton Island-Melbourne,Hamilton Island,Melbourne,All Airlines,Feb-17,31,31,0,27,28,4,3,2017,2
Hamilton Island-Sydney,Hamilton Island,Sydney,All Airlines,Feb-17,64,64,0,51,51,13,13,2017,2
Hobart-Brisbane,Hobart,Brisbane,All Airlines,Feb-17,56,56,0,46,46,10,10,2017,2
Hobart-Melbourne,Hobart,Melbourne,All Airlines,Feb-17,478,474,4,354,370,120,104,2017,2
Hobart-Sydney,Hobart,Sydney,All Airlines,Feb-17,180,180,0,130,115,50,65,2017,2
Kalgoorlie-Perth,Kalgoorlie,Perth,All Airlines,Feb-17,133,130,3,114,115,16,15,2017,2
Karratha-Perth,Karratha,Perth,All Airlines,Feb-17,245,230,15,187,176,43,54,2017,2
Launceston-Melbourne,Launceston,Melbourne,All Airlines,Feb-17,332,325,7,266,264,59,61,2017,2
Launceston-Sydney,Launceston,Sydney,All Airlines,Feb-17,84,84,0,50,50,34,34,2017,2
Mackay-Brisbane,Mackay,Brisbane,All Airlines,Feb-17,268,265,3,238,236,27,29,2017,2
Melbourne-Adelaide,Melbourne,Adelaide,All Airlines,Feb-17,673,665,8,557,539,108,126,2017,2
Melbourne-Brisbane,Melbourne,Brisbane,All Airlines,Feb-17,917,900,17,794,770,106,130,2017,2
Melbourne-Cairns,Melbourne,Cairns,All Airlines,Feb-17,156,156,0,117,120,39,36,2017,2
Melbourne-Canberra,Melbourne,Canberra,All Airlines,Feb-17,461,451,10,417,417,34,34,2017,2
Melbourne-Darwin,Melbourne,Darwin,All Airlines,Feb-17,75,74,1,67,68,7,6,2017,2
Melbourne-Gold Coast,Melbourne,Gold Coast,All Airlines,Feb-17,393,392,1,324,316,68,76,2017,2
Melbourne-Hamilton Island,Melbourne,Hamilton Island,All Airlines,Feb-17,31,31,0,27,27,4,4,2017,2
Melbourne-Hobart,Melbourne,Hobart,All Airlines,Feb-17,478,473,5,405,389,68,84,2017,2
Melbourne-Launceston,Melbourne,Launceston,All Airlines,Feb-17,332,326,6,280,282,46,44,2017,2
Melbourne-Mildura,Melbourne,Mildura,All Airlines,Feb-17,188,188,0,172,166,16,22,2017,2
Melbourne-Newcastle,Melbourne,Newcastle,All Airlines,Feb-17,115,115,0,83,81,32,34,2017,2
Melbourne-Perth,Melbourne,Perth,All Airlines,Feb-17,410,403,7,327,325,76,78,2017,2
Melbourne-Sunshine Coast,Melbourne,Sunshine Coast,All Airlines,Feb-17,96,96,0,77,78,19,18,2017,2
Melbourne-Sydney,Melbourne,Sydney,All Airlines,Feb-17,2262,2173,89,1771,1608,402,565,2017,2
Mildura-Melbourne,Mildura,Melbourne,All Airlines,Feb-17,188,188,0,165,161,23,27,2017,2
Moranbah-Brisbane,Moranbah,Brisbane,All Airlines,Feb-17,128,127,1,115,109,12,18,2017,2
Mount Isa-Brisbane,Mount Isa,Brisbane,All Airlines,Feb-17,68,68,0,64,64,4,4,2017,2
Newcastle-Brisbane,Newcastle,Brisbane,All Airlines,Feb-17,243,236,7,210,209,26,27,2017,2
Newcastle-Melbourne,Newcastle,Melbourne,All Airlines,Feb-17,115,115,0,86,82,29,33,2017,2
Newman-Perth,Newman,Perth,All Airlines,Feb-17,156,152,4,133,131,19,21,2017,2
Perth-Adelaide,Perth,Adelaide,All Airlines,Feb-17,210,206,4,189,190,17,16,2017,2
Perth-Brisbane,Perth,Brisbane,All Airlines,Feb-17,219,219,0,198,188,21,31,2017,2
Perth-Broome,Perth,Broome,All Airlines,Feb-17,116,115,1,103,104,12,11,2017,2
Perth-Darwin,Perth,Darwin,All Airlines,Feb-17,56,56,0,51,50,5,6,2017,2
Perth-Geraldton,Perth,Geraldton,All Airlines,Feb-17,93,91,2,68,69,23,22,2017,2
Perth-Kalgoorlie,Perth,Kalgoorlie,All Airlines,Feb-17,132,130,2,109,108,21,22,2017,2
Perth-Karratha,Perth,Karratha,All Airlines,Feb-17,247,233,14,204,196,29,37,2017,2
Perth-Melbourne,Perth,Melbourne,All Airlines,Feb-17,411,404,7,356,366,48,38,2017,2
Perth-Newman,Perth,Newman,All Airlines,Feb-17,156,153,3,135,131,18,22,2017,2
Perth-Port Hedland,Perth,Port Hedland,All Airlines,Feb-17,167,164,3,140,126,24,38,2017,2
Perth-Sydney,Perth,Sydney,All Airlines,Feb-17,345,343,2,313,300,30,43,2017,2
Port Hedland-Perth,Port Hedland,Perth,All Airlines,Feb-17,168,162,6,133,128,29,34,2017,2
Port Lincoln-Adelaide,Port Lincoln,Adelaide,All Airlines,Feb-17,292,290,2,277,279,13,11,2017,2
Port Macquarie-Sydney,Port Macquarie,Sydney,All Airlines,Feb-17,176,171,5,111,106,60,65,2017,2
Proserpine-Brisbane,Proserpine,Brisbane,All Airlines,Feb-17,52,52,0,36,39,16,13,2017,2
Rockhampton-Brisbane,Rockhampton,Brisbane,All Airlines,Feb-17,334,327,7,296,298,31,29,2017,2
Sunshine Coast-Melbourne,Sunshine Coast,Melbourne,All Airlines,Feb-17,96,96,0,58,70,38,26,2017,2
Sunshine Coast-Sydney,Sunshine Coast,Sydney,All Airlines,Feb-17,154,151,3,104,110,47,41,2017,2
Sydney-Adelaide,Sydney,Adelaide,All Airlines,Feb-17,541,533,8,444,446,89,87,2017,2
Sydney-Albury,Sydney,Albury,All Airlines,Feb-17,250,246,4,198,197,48,49,2017,2
Sydney-Armidale,Sydney,Armidale,All Airlines,Feb-17,182,179,3,122,127,57,52,2017,2
Sydney-Ayers Rock,Sydney,Ayers Rock,All Airlines,Feb-17,52,52,0,44,48,8,4,2017,2
Sydney-Ballina,Sydney,Ballina,All Airlines,Feb-17,121,121,0,104,97,17,24,2017,2
Sydney-Brisbane,Sydney,Brisbane,All Airlines,Feb-17,1341,1308,33,1086,1067,222,241,2017,2
Sydney-Cairns,Sydney,Cairns,All Airlines,Feb-17,263,262,1,226,227,36,35,2017,2
Sydney-Canberra,Sydney,Canberra,All Airlines,Feb-17,711,672,39,547,554,125,118,2017,2
Sydney-Coffs Harbour,Sydney,Coffs Harbour,All Airlines,Feb-17,205,204,1,155,158,49,46,2017,2
Sydney-Darwin,Sydney,Darwin,All Airlines,Feb-17,80,79,1,68,66,11,13,2017,2
Sydney-Dubbo,Sydney,Dubbo,All Airlines,Feb-17,256,248,8,187,189,61,59,2017,2
Sydney-Gold Coast,Sydney,Gold Coast,All Airlines,Feb-17,705,693,12,550,542,143,151,2017,2
Sydney-Hamilton Island,Sydney,Hamilton Island,All Airlines,Feb-17,64,64,0,52,55,12,9,2017,2
Sydney-Hobart,Sydney,Hobart,All Airlines,Feb-17,180,180,0,155,152,25,28,2017,2
Sydney-Launceston,Sydney,Launceston,All Airlines,Feb-17,84,84,0,59,63,25,21,2017,2
Sydney-Melbourne,Sydney,Melbourne,All Airlines,Feb-17,2250,2155,95,1692,1650,463,505,2017,2
Sydney-Perth,Sydney,Perth,All Airlines,Feb-17,349,347,2,284,284,63,63,2017,2
Sydney-Port Macquarie,Sydney,Port Macquarie,All Airlines,Feb-17,176,172,4,113,114,59,58,2017,2
Sydney-Sunshine Coast,Sydney,Sunshine Coast,All Airlines,Feb-17,154,152,2,117,120,35,32,2017,2
Sydney-Tamworth,Sydney,Tamworth,All Airlines,Feb-17,180,174,6,129,133,45,41,2017,2
Sydney-Townsville,Sydney,Townsville,All Airlines,Feb-17,44,44,0,29,32,15,12,2017,2
Sydney-Wagga Wagga,Sydney,Wagga Wagga,All Airlines,Feb-17,222,220,2,188,179,32,41,2017,2
Tamworth-Sydney,Tamworth,Sydney,All Airlines,Feb-17,180,171,9,137,137,34,34,2017,2
Townsville-Brisbane,Townsville,Brisbane,All Airlines,Feb-17,296,295,1,271,274,24,21,2017,2
Townsville-Cairns,Townsville,Cairns,All Airlines,Feb-17,174,171,3,158,156,13,15,2017,2
Townsville-Sydney,Townsville,Sydney,All Airlines,Feb-17,44,44,0,32,33,12,11,2017,2
Wagga Wagga-Sydney,Wagga Wagga,Sydney,All Airlines,Feb-17,224,221,3,185,169,36,52,2017,2
Adelaide-Alice Springs,Adelaide,Alice Springs,All Airlines,Mar-17,45,45,0,42,43,3,2,2017,3
Adelaide-Brisbane,Adelaide,Brisbane,All Airlines,Mar-17,296,295,1,257,253,38,42,2017,3
Adelaide-Canberra,Adelaide,Canberra,All Airlines,Mar-17,77,76,1,67,67,9,9,2017,3
Adelaide-Gold Coast,Adelaide,Gold Coast,All Airlines,Mar-17,63,63,0,58,54,5,9,2017,3
Adelaide-Melbourne,Adelaide,Melbourne,All Airlines,Mar-17,767,749,18,584,576,165,173,2017,3
Adelaide-Perth,Adelaide,Perth,All Airlines,Mar-17,224,219,5,198,196,21,23,2017,3
Adelaide-Port Lincoln,Adelaide,Port Lincoln,All Airlines,Mar-17,326,323,3,304,294,19,29,2017,3
Adelaide-Sydney,Adelaide,Sydney,All Airlines,Mar-17,617,608,9,494,451,114,157,2017,3
Albury-Sydney,Albury,Sydney,All Airlines,Mar-17,290,282,8,209,193,73,89,2017,3
Alice Springs-Adelaide,Alice Springs,Adelaide,All Airlines,Mar-17,46,46,0,41,42,5,4,2017,3
Alice Springs-Darwin,Alice Springs,Darwin,All Airlines,Mar-17,65,65,0,56,57,9,8,2017,3
Armidale-Sydney,Armidale,Sydney,All Airlines,Mar-17,203,198,5,108,109,90,89,2017,3
Ayers Rock-Sydney,Ayers Rock,Sydney,All Airlines,Mar-17,59,59,0,44,44,15,15,2017,3
Ballina-Sydney,Ballina,Sydney,All Airlines,Mar-17,142,138,4,75,83,63,55,2017,3
Brisbane-Adelaide,Brisbane,Adelaide,All Airlines,Mar-17,300,299,1,254,270,45,29,2017,3
Brisbane-Bundaberg,Brisbane,Bundaberg,All Airlines,Mar-17,164,157,7,118,121,39,36,2017,3
Brisbane-Cairns,Brisbane,Cairns,All Airlines,Mar-17,385,384,1,302,319,82,65,2017,3
Brisbane-Canberra,Brisbane,Canberra,All Airlines,Mar-17,255,252,3,198,203,54,49,2017,3
Brisbane-Darwin,Brisbane,Darwin,All Airlines,Mar-17,115,114,1,90,92,24,22,2017,3
Brisbane-Emerald,Brisbane,Emerald,All Airlines,Mar-17,195,189,6,156,156,33,33,2017,3
Brisbane-Gladstone,Brisbane,Gladstone,All Airlines,Mar-17,236,231,5,168,158,63,73,2017,3
Brisbane-Hamilton Island,Brisbane,Hamilton Island,All Airlines,Mar-17,70,56,14,47,43,9,13,2017,3
Brisbane-Hobart,Brisbane,Hobart,All Airlines,Mar-17,61,61,0,53,53,8,8,2017,3
Brisbane-Mackay,Brisbane,Mackay,All Airlines,Mar-17,294,258,36,201,196,57,62,2017,3
Brisbane-Melbourne,Brisbane,Melbourne,All Airlines,Mar-17,1073,1039,34,851,864,188,175,2017,3
Brisbane-Moranbah,Brisbane,Moranbah,All Airlines,Mar-17,150,136,14,115,107,21,29,2017,3
Brisbane-Mount Isa,Brisbane,Mount Isa,All Airlines,Mar-17,74,74,0,66,66,8,8,2017,3
Brisbane-Newcastle,Brisbane,Newcastle,All Airlines,Mar-17,269,262,7,200,204,62,58,2017,3
Brisbane-Perth,Brisbane,Perth,All Airlines,Mar-17,247,246,1,201,212,45,34,2017,3
Brisbane-Proserpine,Brisbane,Proserpine,All Airlines,Mar-17,64,51,13,41,42,10,9,2017,3
Brisbane-Rockhampton,Brisbane,Rockhampton,All Airlines,Mar-17,354,347,7,289,275,58,72,2017,3
Brisbane-Sydney,Brisbane,Sydney,All Airlines,Mar-17,1466,1411,55,1120,1071,291,340,2017,3
Brisbane-Townsville,Brisbane,Townsville,All Airlines,Mar-17,341,316,25,260,261,56,55,2017,3
Broome-Perth,Broome,Perth,All Airlines,Mar-17,133,130,3,107,112,23,18,2017,3
Bundaberg-Brisbane,Bundaberg,Brisbane,All Airlines,Mar-17,164,157,7,126,117,31,40,2017,3
Cairns-Brisbane,Cairns,Brisbane,All Airlines,Mar-17,383,381,2,320,325,61,56,2017,3
Cairns-Melbourne,Cairns,Melbourne,All Airlines,Mar-17,179,179,0,136,134,43,45,2017,3
Cairns-Sydney,Cairns,Sydney,All Airlines,Mar-17,292,285,7,222,219,63,66,2017,3
Cairns-Townsville,Cairns,Townsville,All Airlines,Mar-17,196,178,18,157,157,21,21,2017,3
Canberra-Adelaide,Canberra,Adelaide,All Airlines,Mar-17,77,77,0,67,69,10,8,2017,3
Canberra-Brisbane,Canberra,Brisbane,All Airlines,Mar-17,254,250,4,209,213,41,37,2017,3
Canberra-Melbourne,Canberra,Melbourne,All Airlines,Mar-17,515,502,13,406,419,96,83,2017,3
Canberra-Sydney,Canberra,Sydney,All Airlines,Mar-17,765,726,39,594,571,132,155,2017,3
Coffs Harbour-Sydney,Coffs Harbour,Sydney,All Airlines,Mar-17,228,225,3,159,151,66,74,2017,3
Darwin-Alice Springs,Darwin,Alice Springs,All Airlines,Mar-17,65,65,0,62,62,3,3,2017,3
Darwin-Brisbane,Darwin,Brisbane,All Airlines,Mar-17,115,113,2,94,88,19,25,2017,3
Darwin-Melbourne,Darwin,Melbourne,All Airlines,Mar-17,85,85,0,72,69,13,16,2017,3
Darwin-Perth,Darwin,Perth,All Airlines,Mar-17,62,62,0,52,54,10,8,2017,3
Darwin-Sydney,Darwin,Sydney,All Airlines,Mar-17,90,90,0,75,61,15,29,2017,3
Dubbo-Sydney,Dubbo,Sydney,All Airlines,Mar-17,293,279,14,187,148,92,131,2017,3
Emerald-Brisbane,Emerald,Brisbane,All Airlines,Mar-17,198,191,7,149,148,42,43,2017,3
Geraldton-Perth,Geraldton,Perth,All Airlines,Mar-17,106,103,3,88,89,15,14,2017,3
Gladstone-Brisbane,Gladstone,Brisbane,All Airlines,Mar-17,235,230,5,167,170,63,60,2017,3
Gold Coast-Adelaide,Gold Coast,Adelaide,All Airlines,Mar-17,63,63,0,47,52,16,11,2017,3
Gold Coast-Melbourne,Gold Coast,Melbourne,All Airlines,Mar-17,450,442,8,274,319,168,123,2017,3
Gold Coast-Sydney,Gold Coast,Sydney,All Airlines,Mar-17,772,740,32,482,513,258,227,2017,3
Hamilton Island-Brisbane,Hamilton Island,Brisbane,All Airlines,Mar-17,71,57,14,42,41,15,16,2017,3
Hamilton Island-Melbourne,Hamilton Island,Melbourne,All Airlines,Mar-17,38,34,4,27,29,7,5,2017,3
Hamilton Island-Sydney,Hamilton Island,Sydney,All Airlines,Mar-17,78,63,15,36,44,27,19,2017,3
Hobart-Brisbane,Hobart,Brisbane,All Airlines,Mar-17,60,60,0,49,48,11,12,2017,3
Hobart-Melbourne,Hobart,Melbourne,All Airlines,Mar-17,523,519,4,371,372,148,147,2017,3
Hobart-Sydney,Hobart,Sydney,All Airlines,Mar-17,211,208,3,147,129,61,79,2017,3
Kalgoorlie-Perth,Kalgoorlie,Perth,All Airlines,Mar-17,147,145,2,131,132,14,13,2017,3
Karratha-Perth,Karratha,Perth,All Airlines,Mar-17,282,268,14,229,222,39,46,2017,3
Launceston-Melbourne,Launceston,Melbourne,All Airlines,Mar-17,368,360,8,266,268,94,92,2017,3
Launceston-Sydney,Launceston,Sydney,All Airlines,Mar-17,90,89,1,53,49,36,40,2017,3
Mackay-Brisbane,Mackay,Brisbane,All Airlines,Mar-17,294,255,39,190,193,65,62,2017,3
Melbourne-Adelaide,Melbourne,Adelaide,All Airlines,Mar-17,763,745,18,596,591,149,154,2017,3
Melbourne-Brisbane,Melbourne,Brisbane,All Airlines,Mar-17,1062,1027,35,858,802,169,225,2017,3
Melbourne-Cairns,Melbourne,Cairns,All Airlines,Mar-17,179,179,0,137,145,42,34,2017,3
Melbourne-Canberra,Melbourne,Canberra,All Airlines,Mar-17,513,498,15,433,418,65,80,2017,3
Melbourne-Darwin,Melbourne,Darwin,All Airlines,Mar-17,85,85,0,77,76,8,9,2017,3
Melbourne-Gold Coast,Melbourne,Gold Coast,All Airlines,Mar-17,450,443,7,342,313,101,130,2017,3
Melbourne-Hamilton Island,Melbourne,Hamilton Island,All Airlines,Mar-17,38,32,6,30,27,2,5,2017,3
Melbourne-Hobart,Melbourne,Hobart,All Airlines,Mar-17,524,520,4,407,406,113,114,2017,3
Melbourne-Launceston,Melbourne,Launceston,All Airlines,Mar-17,370,363,7,286,283,77,80,2017,3
Melbourne-Mildura,Melbourne,Mildura,All Airlines,Mar-17,216,216,0,173,180,43,36,2017,3
Melbourne-Newcastle,Melbourne,Newcastle,All Airlines,Mar-17,136,135,1,100,93,35,42,2017,3
Melbourne-Perth,Melbourne,Perth,All Airlines,Mar-17,462,457,5,363,341,94,116,2017,3
Melbourne-Sunshine Coast,Melbourne,Sunshine Coast,All Airlines,Mar-17,115,113,2,83,76,30,37,2017,3
Melbourne-Sydney,Melbourne,Sydney,All Airlines,Mar-17,2523,2394,129,1820,1575,574,819,2017,3
Mildura-Melbourne,Mildura,Melbourne,All Airlines,Mar-17,217,217,0,171,163,46,54,2017,3
Moranbah-Brisbane,Moranbah,Brisbane,All Airlines,Mar-17,146,131,15,107,96,24,35,2017,3
Mount Isa-Brisbane,Mount Isa,Brisbane,All Airlines,Mar-17,76,74,2,65,58,9,16,2017,3
Newcastle-Brisbane,Newcastle,Brisbane,All Airlines,Mar-17,268,261,7,203,196,58,65,2017,3
Newcastle-Melbourne,Newcastle,Melbourne,All Airlines,Mar-17,136,133,3,86,89,47,44,2017,3
Newman-Perth,Newman,Perth,All Airlines,Mar-17,178,172,6,158,155,14,17,2017,3
Perth-Adelaide,Perth,Adelaide,All Airlines,Mar-17,235,230,5,209,214,21,16,2017,3
Perth-Brisbane,Perth,Brisbane,All Airlines,Mar-17,246,245,1,216,219,29,26,2017,3
Perth-Broome,Perth,Broome,All Airlines,Mar-17,137,131,6,117,116,14,15,2017,3
Perth-Darwin,Perth,Darwin,All Airlines,Mar-17,62,62,0,56,51,6,11,2017,3
Perth-Geraldton,Perth,Geraldton,All Airlines,Mar-17,106,104,2,85,87,19,17,2017,3
Perth-Kalgoorlie,Perth,Kalgoorlie,All Airlines,Mar-17,149,146,3,132,133,14,13,2017,3
Perth-Karratha,Perth,Karratha,All Airlines,Mar-17,283,272,11,246,238,26,34,2017,3
Perth-Melbourne,Perth,Melbourne,All Airlines,Mar-17,459,454,5,386,379,68,75,2017,3
Perth-Newman,Perth,Newman,All Airlines,Mar-17,178,171,7,160,155,11,16,2017,3
Perth-Port Hedland,Perth,Port Hedland,All Airlines,Mar-17,192,187,5,167,150,20,37,2017,3
Perth-Sydney,Perth,Sydney,All Airlines,Mar-17,392,390,2,339,319,51,71,2017,3
Port Hedland-Perth,Port Hedland,Perth,All Airlines,Mar-17,193,185,8,158,158,27,27,2017,3
Port Lincoln-Adelaide,Port Lincoln,Adelaide,All Airlines,Mar-17,327,324,3,299,295,25,29,2017,3
Port Macquarie-Sydney,Port Macquarie,Sydney,All Airlines,Mar-17,198,190,8,117,118,73,72,2017,3
Proserpine-Brisbane,Proserpine,Brisbane,All Airlines,Mar-17,65,52,13,37,40,15,12,2017,3
Rockhampton-Brisbane,Rockhampton,Brisbane,All Airlines,Mar-17,354,348,6,284,269,64,79,2017,3
Sunshine Coast-Melbourne,Sunshine Coast,Melbourne,All Airlines,Mar-17,114,110,4,56,72,54,38,2017,3
Sunshine Coast-Sydney,Sunshine Coast,Sydney,All Airlines,Mar-17,172,167,5,106,113,61,54,2017,3
Sydney-Adelaide,Sydney,Adelaide,All Airlines,Mar-17,608,600,8,451,488,149,112,2017,3
Sydney-Albury,Sydney,Albury,All Airlines,Mar-17,286,278,8,198,200,80,78,2017,3
Sydney-Armidale,Sydney,Armidale,All Airlines,Mar-17,202,200,2,117,115,83,85,2017,3
Sydney-Ayers Rock,Sydney,Ayers Rock,All Airlines,Mar-17,59,59,0,50,54,9,5,2017,3
Sydney-Ballina,Sydney,Ballina,All Airlines,Mar-17,142,141,1,102,94,39,47,2017,3
Sydney-Brisbane,Sydney,Brisbane,All Airlines,Mar-17,1486,1435,51,1096,1039,339,396,2017,3
Sydney-Cairns,Sydney,Cairns,All Airlines,Mar-17,291,286,5,239,234,47,52,2017,3
Sydney-Canberra,Sydney,Canberra,All Airlines,Mar-17,767,728,39,554,583,174,145,2017,3
Sydney-Coffs Harbour,Sydney,Coffs Harbour,All Airlines,Mar-17,228,225,3,172,168,53,57,2017,3
Sydney-Darwin,Sydney,Darwin,All Airlines,Mar-17,91,91,0,69,73,22,18,2017,3
Sydney-Dubbo,Sydney,Dubbo,All Airlines,Mar-17,291,280,11,199,201,81,79,2017,3
Sydney-Gold Coast,Sydney,Gold Coast,All Airlines,Mar-17,773,744,29,558,540,186,204,2017,3
Sydney-Hamilton Island,Sydney,Hamilton Island,All Airlines,Mar-17,75,59,16,45,42,14,17,2017,3
Sydney-Hobart,Sydney,Hobart,All Airlines,Mar-17,209,207,2,167,177,40,30,2017,3
Sydney-Launceston,Sydney,Launceston,All Airlines,Mar-17,88,88,0,68,75,20,13,2017,3
Sydney-Melbourne,Sydney,Melbourne,All Airlines,Mar-17,2510,2379,131,1680,1721,699,658,2017,3
Sydney-Perth,Sydney,Perth,All Airlines,Mar-17,390,387,3,298,318,89,69,2017,3
Sydney-Port Macquarie,Sydney,Port Macquarie,All Airlines,Mar-17,197,190,7,128,123,62,67,2017,3
Sydney-Sunshine Coast,Sydney,Sunshine Coast,All Airlines,Mar-17,172,169,3,127,130,42,39,2017,3
Sydney-Tamworth,Sydney,Tamworth,All Airlines,Mar-17,204,197,7,139,141,58,56,2017,3
Sydney-Townsville,Sydney,Townsville,All Airlines,Mar-17,51,48,3,30,30,18,18,2017,3
Sydney-Wagga Wagga,Sydney,Wagga Wagga,All Airlines,Mar-17,262,257,5,191,191,66,66,2017,3
Tamworth-Sydney,Tamworth,Sydney,All Airlines,Mar-17,204,197,7,146,142,51,55,2017,3
Townsville-Brisbane,Townsville,Brisbane,All Airlines,Mar-17,341,313,28,262,262,51,51,2017,3
Townsville-Cairns,Townsville,Cairns,All Airlines,Mar-17,195,177,18,154,155,23,22,2017,3
Townsville-Sydney,Townsville,Sydney,All Airlines,Mar-17,52,47,5,30,31,17,16,2017,3
Wagga Wagga-Sydney,Wagga Wagga,Sydney,All Airlines,Mar-17,257,253,4,186,159,67,94,2017,3
Adelaide-Alice Springs,Adelaide,Alice Springs,All Airlines,Apr-17,42,42,0,34,38,8,4,2017,4
Adelaide-Brisbane,Adelaide,Brisbane,All Airlines,Apr-17,284,281,3,261,267,20,14,2017,4
Adelaide-Canberra,Adelaide,Canberra,All Airlines,Apr-17,62,62,0,55,59,7,3,2017,4
Adelaide-Gold Coast,Adelaide,Gold Coast,All Airlines,Apr-17,63,63,0,59,60,4,3,2017,4
Adelaide-Melbourne,Adelaide,Melbourne,All Airlines,Apr-17,719,715,4,600,603,115,112,2017,4
Adelaide-Perth,Adelaide,Perth,All Airlines,Apr-17,211,208,3,192,195,16,13,2017,4
Adelaide-Port Lincoln,Adelaide,Port Lincoln,All Airlines,Apr-17,297,294,3,276,273,18,21,2017,4
Adelaide-Sydney,Adelaide,Sydney,All Airlines,Apr-17,574,567,7,502,491,65,76,2017,4
Albury-Sydney,Albury,Sydney,All Airlines,Apr-17,252,250,2,223,211,27,39,2017,4
Alice Springs-Adelaide,Alice Springs,Adelaide,All Airlines,Apr-17,42,42,0,36,36,6,6,2017,4
Alice Springs-Darwin,Alice Springs,Darwin,All Airlines,Apr-17,71,68,3,65,64,3,4,2017,4
Armidale-Sydney,Armidale,Sydney,All Airlines,Apr-17,181,180,1,136,131,44,49,2017,4
Ayers Rock-Sydney,Ayers Rock,Sydney,All Airlines,Apr-17,60,60,0,39,46,21,14,2017,4
Ballina-Sydney,Ballina,Sydney,All Airlines,Apr-17,151,149,2,97,110,52,39,2017,4
Brisbane-Adelaide,Brisbane,Adelaide,All Airlines,Apr-17,282,278,4,264,267,14,11,2017,4
Brisbane-Bundaberg,Brisbane,Bundaberg,All Airlines,Apr-17,159,157,2,141,137,16,20,2017,4
Brisbane-Cairns,Brisbane,Cairns,All Airlines,Apr-17,415,413,2,368,384,45,29,2017,4
Brisbane-Canberra,Brisbane,Canberra,All Airlines,Apr-17,240,236,4,209,215,27,21,2017,4
Brisbane-Darwin,Brisbane,Darwin,All Airlines,Apr-17,121,121,0,112,119,9,2,2017,4
Brisbane-Emerald,Brisbane,Emerald,All Airlines,Apr-17,170,170,0,156,161,14,9,2017,4
Brisbane-Gladstone,Brisbane,Gladstone,All Airlines,Apr-17,230,227,3,198,197,29,30,2017,4
Brisbane-Hamilton Island,Brisbane,Hamilton Island,All Airlines,Apr-17,64,56,8,53,54,3,2,2017,4
Brisbane-Hobart,Brisbane,Hobart,All Airlines,Apr-17,61,61,0,58,58,3,3,2017,4
Brisbane-Mackay,Brisbane,Mackay,All Airlines,Apr-17,283,281,2,246,253,35,28,2017,4
Brisbane-Melbourne,Brisbane,Melbourne,All Airlines,Apr-17,1032,1018,14,871,840,147,178,2017,4
Brisbane-Moranbah,Brisbane,Moranbah,All Airlines,Apr-17,127,126,1,117,118,9,8,2017,4
Brisbane-Mount Isa,Brisbane,Mount Isa,All Airlines,Apr-17,68,67,1,56,60,11,7,2017,4
Brisbane-Newcastle,Brisbane,Newcastle,All Airlines,Apr-17,256,254,2,229,233,25,21,2017,4
Brisbane-Perth,Brisbane,Perth,All Airlines,Apr-17,237,237,0,214,220,23,17,2017,4
Brisbane-Proserpine,Brisbane,Proserpine,All Airlines,Apr-17,93,81,12,75,78,6,3,2017,4
Brisbane-Rockhampton,Brisbane,Rockhampton,All Airlines,Apr-17,289,200,89,163,164,37,36,2017,4
Brisbane-Sydney,Brisbane,Sydney,All Airlines,Apr-17,1391,1377,14,1225,1229,152,148,2017,4
Brisbane-Townsville,Brisbane,Townsville,All Airlines,Apr-17,322,318,4,291,302,27,16,2017,4
Broome-Perth,Broome,Perth,All Airlines,Apr-17,134,134,0,117,123,17,11,2017,4
Bundaberg-Brisbane,Bundaberg,Brisbane,All Airlines,Apr-17,159,157,2,137,134,20,23,2017,4
Cairns-Brisbane,Cairns,Brisbane,All Airlines,Apr-17,415,412,3,372,381,40,31,2017,4
Cairns-Melbourne,Cairns,Melbourne,All Airlines,Apr-17,217,217,0,169,164,48,53,2017,4
Cairns-Sydney,Cairns,Sydney,All Airlines,Apr-17,320,316,4,282,281,34,35,2017,4
Cairns-Townsville,Cairns,Townsville,All Airlines,Apr-17,173,172,1,163,163,9,9,2017,4
Canberra-Adelaide,Canberra,Adelaide,All Airlines,Apr-17,62,62,0,58,60,4,2,2017,4
Canberra-Brisbane,Canberra,Brisbane,All Airlines,Apr-17,239,237,2,206,209,31,28,2017,4
Canberra-Melbourne,Canberra,Melbourne,All Airlines,Apr-17,462,449,13,393,388,56,61,2017,4
Canberra-Sydney,Canberra,Sydney,All Airlines,Apr-17,647,611,36,542,551,69,60,2017,4
Coffs Harbour-Sydney,Coffs Harbour,Sydney,All Airlines,Apr-17,213,209,4,175,182,34,27,2017,4
Darwin-Alice Springs,Darwin,Alice Springs,All Airlines,Apr-17,71,68,3,67,67,1,1,2017,4
Darwin-Brisbane,Darwin,Brisbane,All Airlines,Apr-17,121,121,0,106,110,15,11,2017,4
Darwin-Melbourne,Darwin,Melbourne,All Airlines,Apr-17,90,90,0,73,76,17,14,2017,4
Darwin-Perth,Darwin,Perth,All Airlines,Apr-17,60,60,0,47,54,13,6,2017,4
Darwin-Sydney,Darwin,Sydney,All Airlines,Apr-17,103,101,2,82,73,19,28,2017,4
Dubbo-Sydney,Dubbo,Sydney,All Airlines,Apr-17,261,259,2,230,217,29,42,2017,4
Emerald-Brisbane,Emerald,Brisbane,All Airlines,Apr-17,170,170,0,158,156,12,14,2017,4
Geraldton-Perth,Geraldton,Perth,All Airlines,Apr-17,95,94,1,84,88,10,6,2017,4
Gladstone-Brisbane,Gladstone,Brisbane,All Airlines,Apr-17,229,224,5,188,193,36,31,2017,4
Gold Coast-Adelaide,Gold Coast,Adelaide,All Airlines,Apr-17,63,63,0,57,58,6,5,2017,4
Gold Coast-Melbourne,Gold Coast,Melbourne,All Airlines,Apr-17,522,516,6,372,393,144,123,2017,4
Gold Coast-Sydney,Gold Coast,Sydney,All Airlines,Apr-17,796,787,9,612,620,175,167,2017,4
Hamilton Island-Brisbane,Hamilton Island,Brisbane,All Airlines,Apr-17,65,58,7,55,56,3,2,2017,4
Hamilton Island-Sydney,Hamilton Island,Sydney,All Airlines,Apr-17,77,53,24,49,49,4,4,2017,4
Hobart-Brisbane,Hobart,Brisbane,All Airlines,Apr-17,61,61,0,51,52,10,9,2017,4
Hobart-Melbourne,Hobart,Melbourne,All Airlines,Apr-17,484,479,5,340,346,139,133,2017,4
Hobart-Sydney,Hobart,Sydney,All Airlines,Apr-17,205,205,0,160,165,45,40,2017,4
Kalgoorlie-Perth,Kalgoorlie,Perth,All Airlines,Apr-17,135,135,0,123,124,12,11,2017,4
Karratha-Perth,Karratha,Perth,All Airlines,Apr-17,247,239,8,221,223,18,16,2017,4
Launceston-Melbourne,Launceston,Melbourne,All Airlines,Apr-17,346,338,8,234,234,104,104,2017,4
Launceston-Sydney,Launceston,Sydney,All Airlines,Apr-17,86,85,1,47,51,38,34,2017,4
Mackay-Brisbane,Mackay,Brisbane,All Airlines,Apr-17,283,282,1,235,248,47,34,2017,4
Melbourne-Adelaide,Melbourne,Adelaide,All Airlines,Apr-17,718,715,3,616,610,99,105,2017,4
Melbourne-Brisbane,Melbourne,Brisbane,All Airlines,Apr-17,1042,1030,12,865,885,165,145,2017,4
Melbourne-Cairns,Melbourne,Cairns,All Airlines,Apr-17,219,219,0,169,181,50,38,2017,4
Melbourne-Canberra,Melbourne,Canberra,All Airlines,Apr-17,463,448,15,401,394,47,54,2017,4
Melbourne-Darwin,Melbourne,Darwin,All Airlines,Apr-17,90,90,0,73,72,17,18,2017,4
Melbourne-Gold Coast,Melbourne,Gold Coast,All Airlines,Apr-17,521,514,7,408,411,106,103,2017,4
Melbourne-Hobart,Melbourne,Hobart,All Airlines,Apr-17,484,479,5,367,367,112,112,2017,4
Melbourne-Launceston,Melbourne,Launceston,All Airlines,Apr-17,343,336,7,271,257,65,79,2017,4
Melbourne-Mildura,Melbourne,Mildura,All Airlines,Apr-17,195,195,0,167,166,28,29,2017,4
Melbourne-Newcastle,Melbourne,Newcastle,All Airlines,Apr-17,151,151,0,118,117,33,34,2017,4
Melbourne-Perth,Melbourne,Perth,All Airlines,Apr-17,434,434,0,339,378,95,56,2017,4
Melbourne-Sunshine Coast,Melbourne,Sunshine Coast,All Airlines,Apr-17,155,152,3,125,127,27,25,2017,4
Melbourne-Sydney,Melbourne,Sydney,All Airlines,Apr-17,2220,2145,75,1761,1713,384,432,2017,4
Mildura-Melbourne,Mildura,Melbourne,All Airlines,Apr-17,194,194,0,161,153,33,41,2017,4
Moranbah-Brisbane,Moranbah,Brisbane,All Airlines,Apr-17,123,119,4,115,115,4,4,2017,4
Mount Isa-Brisbane,Mount Isa,Brisbane,All Airlines,Apr-17,68,65,3,58,54,7,11,2017,4
Newcastle-Brisbane,Newcastle,Brisbane,All Airlines,Apr-17,256,253,3,233,232,20,21,2017,4
Newcastle-Melbourne,Newcastle,Melbourne,All Airlines,Apr-17,151,151,0,111,107,40,44,2017,4
Newman-Perth,Newman,Perth,All Airlines,Apr-17,158,152,6,144,145,8,7,2017,4
Perth-Adelaide,Perth,Adelaide,All Airlines,Apr-17,216,208,8,198,196,10,12,2017,4
Perth-Brisbane,Perth,Brisbane,All Airlines,Apr-17,231,231,0,219,217,12,14,2017,4
Perth-Broome,Perth,Broome,All Airlines,Apr-17,134,134,0,119,121,15,13,2017,4
Perth-Darwin,Perth,Darwin,All Airlines,Apr-17,60,60,0,56,54,4,6,2017,4
Perth-Geraldton,Perth,Geraldton,All Airlines,Apr-17,95,94,1,86,86,8,8,2017,4
Perth-Kalgoorlie,Perth,Kalgoorlie,All Airlines,Apr-17,134,134,0,126,127,8,7,2017,4
Perth-Karratha,Perth,Karratha,All Airlines,Apr-17,246,242,4,225,226,17,16,2017,4
Perth-Melbourne,Perth,Melbourne,All Airlines,Apr-17,433,432,1,381,362,51,70,2017,4
Perth-Newman,Perth,Newman,All Airlines,Apr-17,158,153,5,142,144,11,9,2017,4
Perth-Port Hedland,Perth,Port Hedland,All Airlines,Apr-17,177,176,1,158,160,18,16,2017,4
Perth-Sydney,Perth,Sydney,All Airlines,Apr-17,377,375,2,334,335,41,40,2017,4
Port Hedland-Perth,Port Hedland,Perth,All Airlines,Apr-17,177,175,2,152,161,23,14,2017,4
Port Lincoln-Adelaide,Port Lincoln,Adelaide,All Airlines,Apr-17,298,294,4,276,271,18,23,2017,4
Port Macquarie-Sydney,Port Macquarie,Sydney,All Airlines,Apr-17,184,182,2,154,155,28,27,2017,4
Proserpine-Brisbane,Proserpine,Brisbane,All Airlines,Apr-17,93,81,12,71,75,10,6,2017,4
Rockhampton-Brisbane,Rockhampton,Brisbane,All Airlines,Apr-17,303,199,104,170,172,29,27,2017,4
Sunshine Coast-Melbourne,Sunshine Coast,Melbourne,All Airlines,Apr-17,156,153,3,99,112,54,41,2017,4
Sunshine Coast-Sydney,Sunshine Coast,Sydney,All Airlines,Apr-17,202,199,3,128,140,71,59,2017,4
Sydney-Adelaide,Sydney,Adelaide,All Airlines,Apr-17,575,568,7,489,488,79,80,2017,4
Sydney-Albury,Sydney,Albury,All Airlines,Apr-17,253,252,1,211,217,41,35,2017,4
Sydney-Armidale,Sydney,Armidale,All Airlines,Apr-17,182,181,1,140,139,41,42,2017,4
Sydney-Ayers Rock,Sydney,Ayers Rock,All Airlines,Apr-17,59,59,0,54,48,5,11,2017,4
Sydney-Ballina,Sydney,Ballina,All Airlines,Apr-17,151,151,0,132,132,19,19,2017,4
Sydney-Brisbane,Sydney,Brisbane,All Airlines,Apr-17,1383,1369,14,1193,1208,176,161,2017,4
Sydney-Cairns,Sydney,Cairns,All Airlines,Apr-17,322,320,2,265,285,55,35,2017,4
Sydney-Canberra,Sydney,Canberra,All Airlines,Apr-17,645,613,32,526,536,87,77,2017,4
Sydney-Coffs Harbour,Sydney,Coffs Harbour,All Airlines,Apr-17,213,209,4,179,178,30,31,2017,4
Sydney-Darwin,Sydney,Darwin,All Airlines,Apr-17,103,103,0,81,96,22,7,2017,4
Sydney-Dubbo,Sydney,Dubbo,All Airlines,Apr-17,258,256,2,227,227,29,29,2017,4
Sydney-Gold Coast,Sydney,Gold Coast,All Airlines,Apr-17,797,789,8,624,640,165,149,2017,4
Sydney-Hamilton Island,Sydney,Hamilton Island,All Airlines,Apr-17,78,54,24,52,51,2,3,2017,4
Sydney-Hobart,Sydney,Hobart,All Airlines,Apr-17,205,205,0,175,182,30,23,2017,4
Sydney-Launceston,Sydney,Launceston,All Airlines,Apr-17,85,85,0,68,74,17,11,2017,4
Sydney-Melbourne,Sydney,Melbourne,All Airlines,Apr-17,2224,2152,72,1682,1624,470,528,2017,4
Sydney-Perth,Sydney,Perth,All Airlines,Apr-17,378,377,1,324,331,53,46,2017,4
Sydney-Port Macquarie,Sydney,Port Macquarie,All Airlines,Apr-17,185,184,1,158,158,26,26,2017,4
Sydney-Sunshine Coast,Sydney,Sunshine Coast,All Airlines,Apr-17,202,199,3,149,159,50,40,2017,4
Sydney-Tamworth,Sydney,Tamworth,All Airlines,Apr-17,194,191,3,169,168,22,23,2017,4
Sydney-Townsville,Sydney,Townsville,All Airlines,Apr-17,58,58,0,46,46,12,12,2017,4
Sydney-Wagga Wagga,Sydney,Wagga Wagga,All Airlines,Apr-17,228,226,2,198,199,28,27,2017,4
Tamworth-Sydney,Tamworth,Sydney,All Airlines,Apr-17,194,191,3,169,166,22,25,2017,4
Townsville-Brisbane,Townsville,Brisbane,All Airlines,Apr-17,321,317,4,291,291,26,26,2017,4
Townsville-Cairns,Townsville,Cairns,All Airlines,Apr-17,172,171,1,163,164,8,7,2017,4
Townsville-Sydney,Townsville,Sydney,All Airlines,Apr-17,59,59,0,43,45,16,14,2017,4
Wagga Wagga-Sydney,Wagga Wagga,Sydney,All Airlines,Apr-17,230,228,2,208,201,20,27,2017,4
Adelaide-Alice Springs,Adelaide,Alice Springs,All Airlines,May-17,45,45,0,38,37,7,8,2017,5
Adelaide-Brisbane,Adelaide,Brisbane,All Airlines,May-17,273,271,2,243,237,28,34,2017,5
Adelaide-Canberra,Adelaide,Canberra,All Airlines,May-17,67,67,0,57,58,10,9,2017,5
Adelaide-Gold Coast,Adelaide,Gold Coast,All Airlines,May-17,62,62,0,61,61,1,1,2017,5
Adelaide-Melbourne,Adelaide,Melbourne,All Airlines,May-17,715,709,6,624,628,85,81,2017,5
Adelaide-Perth,Adelaide,Perth,All Airlines,May-17,193,188,5,156,165,32,23,2017,5
Adelaide-Port Lincoln,Adelaide,Port Lincoln,All Airlines,May-17,325,320,5,306,296,14,24,2017,5
Adelaide-Sydney,Adelaide,Sydney,All Airlines,May-17,544,541,3,498,488,43,53,2017,5
Albury-Sydney,Albury,Sydney,All Airlines,May-17,276,272,4,246,250,26,22,2017,5
Alice Springs-Adelaide,Alice Springs,Adelaide,All Airlines,May-17,45,45,0,37,36,8,9,2017,5
Alice Springs-Darwin,Alice Springs,Darwin,All Airlines,May-17,73,73,0,68,70,5,3,2017,5
Armidale-Sydney,Armidale,Sydney,All Airlines,May-17,202,200,2,173,175,27,25,2017,5
Ayers Rock-Sydney,Ayers Rock,Sydney,All Airlines,May-17,62,61,1,45,52,16,9,2017,5
Ballina-Sydney,Ballina,Sydney,All Airlines,May-17,128,128,0,104,111,24,17,2017,5
Brisbane-Adelaide,Brisbane,Adelaide,All Airlines,May-17,264,263,1,234,242,29,21,2017,5
Brisbane-Bundaberg,Brisbane,Bundaberg,All Airlines,May-17,167,167,0,141,138,26,29,2017,5
Brisbane-Cairns,Brisbane,Cairns,All Airlines,May-17,371,371,0,329,328,42,43,2017,5
Brisbane-Canberra,Brisbane,Canberra,All Airlines,May-17,257,255,2,224,227,31,28,2017,5
Brisbane-Darwin,Brisbane,Darwin,All Airlines,May-17,122,122,0,108,103,14,19,2017,5
Brisbane-Emerald,Brisbane,Emerald,All Airlines,May-17,172,164,8,152,148,12,16,2017,5
Brisbane-Gladstone,Brisbane,Gladstone,All Airlines,May-17,226,226,0,201,200,25,26,2017,5
Brisbane-Hamilton Island,Brisbane,Hamilton Island,All Airlines,May-17,68,64,4,52,53,12,11,2017,5
Brisbane-Hobart,Brisbane,Hobart,All Airlines,May-17,52,52,0,47,46,5,6,2017,5
Brisbane-Mackay,Brisbane,Mackay,All Airlines,May-17,289,287,2,236,226,51,61,2017,5
Brisbane-Melbourne,Brisbane,Melbourne,All Airlines,May-17,999,977,22,842,856,135,121,2017,5
Brisbane-Moranbah,Brisbane,Moranbah,All Airlines,May-17,139,137,2,114,110,23,27,2017,5
Brisbane-Mount Isa,Brisbane,Mount Isa,All Airlines,May-17,77,77,0,71,66,6,11,2017,5
Brisbane-Newcastle,Brisbane,Newcastle,All Airlines,May-17,256,251,5,212,219,39,32,2017,5
Brisbane-Perth,Brisbane,Perth,All Airlines,May-17,235,235,0,200,200,35,35,2017,5
Brisbane-Proserpine,Brisbane,Proserpine,All Airlines,May-17,68,68,0,66,65,2,3,2017,5
Brisbane-Rockhampton,Brisbane,Rockhampton,All Airlines,May-17,319,319,0,280,272,39,47,2017,5
Brisbane-Sydney,Brisbane,Sydney,All Airlines,May-17,1400,1381,19,1217,1237,164,144,2017,5
Brisbane-Townsville,Brisbane,Townsville,All Airlines,May-17,338,334,4,295,293,39,41,2017,5
Broome-Perth,Broome,Perth,All Airlines,May-17,142,142,0,118,113,24,29,2017,5
Bundaberg-Brisbane,Bundaberg,Brisbane,All Airlines,May-17,167,167,0,133,138,34,29,2017,5
Cairns-Brisbane,Cairns,Brisbane,All Airlines,May-17,371,371,0,317,337,54,34,2017,5
Cairns-Melbourne,Cairns,Melbourne,All Airlines,May-17,189,189,0,153,164,36,25,2017,5
Cairns-Sydney,Cairns,Sydney,All Airlines,May-17,266,265,1,219,242,46,23,2017,5
Cairns-Townsville,Cairns,Townsville,All Airlines,May-17,189,187,2,180,178,7,9,2017,5
Canberra-Adelaide,Canberra,Adelaide,All Airlines,May-17,67,67,0,61,62,6,5,2017,5
Canberra-Brisbane,Canberra,Brisbane,All Airlines,May-17,257,257,0,217,218,40,39,2017,5
Canberra-Melbourne,Canberra,Melbourne,All Airlines,May-17,490,481,9,439,437,42,44,2017,5
Canberra-Sydney,Canberra,Sydney,All Airlines,May-17,749,738,11,677,677,61,61,2017,5
Coffs Harbour-Sydney,Coffs Harbour,Sydney,All Airlines,May-17,222,221,1,201,204,20,17,2017,5
Darwin-Alice Springs,Darwin,Alice Springs,All Airlines,May-17,73,73,0,70,70,3,3,2017,5
Darwin-Brisbane,Darwin,Brisbane,All Airlines,May-17,120,119,1,101,109,18,10,2017,5
Darwin-Melbourne,Darwin,Melbourne,All Airlines,May-17,88,88,0,72,82,16,6,2017,5
Darwin-Perth,Darwin,Perth,All Airlines,May-17,61,61,0,56,56,5,5,2017,5
Darwin-Sydney,Darwin,Sydney,All Airlines,May-17,101,100,1,70,86,30,14,2017,5
Dubbo-Sydney,Dubbo,Sydney,All Airlines,May-17,294,290,4,256,248,34,42,2017,5
Emerald-Brisbane,Emerald,Brisbane,All Airlines,May-17,171,162,9,137,143,25,19,2017,5
Geraldton-Perth,Geraldton,Perth,All Airlines,May-17,102,102,0,86,88,16,14,2017,5
Gladstone-Brisbane,Gladstone,Brisbane,All Airlines,May-17,226,226,0,200,199,26,27,2017,5
Gold Coast-Adelaide,Gold Coast,Adelaide,All Airlines,May-17,62,62,0,59,59,3,3,2017,5
Gold Coast-Melbourne,Gold Coast,Melbourne,All Airlines,May-17,411,408,3,297,343,111,65,2017,5
Gold Coast-Sydney,Gold Coast,Sydney,All Airlines,May-17,682,680,2,552,591,128,89,2017,5
Hamilton Island-Brisbane,Hamilton Island,Brisbane,All Airlines,May-17,68,64,4,55,56,9,8,2017,5
Hamilton Island-Sydney,Hamilton Island,Sydney,All Airlines,May-17,64,61,3,50,54,11,7,2017,5
Hobart-Brisbane,Hobart,Brisbane,All Airlines,May-17,53,53,0,42,39,11,14,2017,5
Hobart-Melbourne,Hobart,Melbourne,All Airlines,May-17,452,448,4,332,332,116,116,2017,5
Hobart-Sydney,Hobart,Sydney,All Airlines,May-17,172,170,2,147,146,23,24,2017,5
Kalgoorlie-Perth,Kalgoorlie,Perth,All Airlines,May-17,147,147,0,134,135,13,12,2017,5
Karratha-Perth,Karratha,Perth,All Airlines,May-17,265,261,4,233,227,28,34,2017,5
Launceston-Melbourne,Launceston,Melbourne,All Airlines,May-17,311,311,0,259,257,52,54,2017,5
Launceston-Sydney,Launceston,Sydney,All Airlines,May-17,60,60,0,37,41,23,19,2017,5
Mackay-Brisbane,Mackay,Brisbane,All Airlines,May-17,290,288,2,220,232,68,56,2017,5
Melbourne-Adelaide,Melbourne,Adelaide,All Airlines,May-17,716,710,6,632,627,78,83,2017,5
Melbourne-Brisbane,Melbourne,Brisbane,All Airlines,May-17,998,976,22,853,832,123,144,2017,5
Melbourne-Cairns,Melbourne,Cairns,All Airlines,May-17,189,189,0,163,149,26,40,2017,5
Melbourne-Canberra,Melbourne,Canberra,All Airlines,May-17,490,483,7,441,435,42,48,2017,5
Melbourne-Darwin,Melbourne,Darwin,All Airlines,May-17,88,88,0,83,78,5,10,2017,5
Melbourne-Gold Coast,Melbourne,Gold Coast,All Airlines,May-17,410,408,2,340,320,68,88,2017,5
Melbourne-Hobart,Melbourne,Hobart,All Airlines,May-17,451,448,3,387,373,61,75,2017,5
Melbourne-Launceston,Melbourne,Launceston,All Airlines,May-17,312,312,0,272,266,40,46,2017,5
Melbourne-Mildura,Melbourne,Mildura,All Airlines,May-17,217,216,1,197,194,19,22,2017,5
Melbourne-Newcastle,Melbourne,Newcastle,All Airlines,May-17,141,141,0,118,123,23,18,2017,5
Melbourne-Perth,Melbourne,Perth,All Airlines,May-17,408,408,0,355,373,53,35,2017,5
Melbourne-Sunshine Coast,Melbourne,Sunshine Coast,All Airlines,May-17,105,105,0,91,88,14,17,2017,5
Melbourne-Sydney,Melbourne,Sydney,All Airlines,May-17,2379,2326,53,2078,2021,248,305,2017,5
Mildura-Melbourne,Mildura,Melbourne,All Airlines,May-17,217,214,3,186,182,28,32,2017,5
Moranbah-Brisbane,Moranbah,Brisbane,All Airlines,May-17,134,132,2,102,108,30,24,2017,5
Mount Isa-Brisbane,Mount Isa,Brisbane,All Airlines,May-17,76,76,0,65,66,11,10,2017,5
Newcastle-Brisbane,Newcastle,Brisbane,All Airlines,May-17,257,251,6,220,215,31,36,2017,5
Newcastle-Melbourne,Newcastle,Melbourne,All Airlines,May-17,141,141,0,119,115,22,26,2017,5
Newman-Perth,Newman,Perth,All Airlines,May-17,178,177,1,172,168,5,9,2017,5
Perth-Adelaide,Perth,Adelaide,All Airlines,May-17,194,190,4,165,162,25,28,2017,5
Perth-Brisbane,Perth,Brisbane,All Airlines,May-17,229,229,0,213,212,16,17,2017,5
Perth-Broome,Perth,Broome,All Airlines,May-17,140,140,0,125,127,15,13,2017,5
Perth-Darwin,Perth,Darwin,All Airlines,May-17,61,61,0,57,59,4,2,2017,5
Perth-Geraldton,Perth,Geraldton,All Airlines,May-17,102,102,0,89,86,13,16,2017,5
Perth-Kalgoorlie,Perth,Kalgoorlie,All Airlines,May-17,147,147,0,136,136,11,11,2017,5
Perth-Karratha,Perth,Karratha,All Airlines,May-17,266,264,2,246,246,18,18,2017,5
Perth-Melbourne,Perth,Melbourne,All Airlines,May-17,410,410,0,365,355,45,55,2017,5
Perth-Newman,Perth,Newman,All Airlines,May-17,178,177,1,168,168,9,9,2017,5
Perth-Port Hedland,Perth,Port Hedland,All Airlines,May-17,191,191,0,186,187,5,4,2017,5
Perth-Sydney,Perth,Sydney,All Airlines,May-17,372,371,1,338,346,33,25,2017,5
Port Hedland-Perth,Port Hedland,Perth,All Airlines,May-17,190,190,0,180,177,10,13,2017,5
Port Lincoln-Adelaide,Port Lincoln,Adelaide,All Airlines,May-17,328,321,7,295,290,26,31,2017,5
Port Macquarie-Sydney,Port Macquarie,Sydney,All Airlines,May-17,198,197,1,168,177,29,20,2017,5
Proserpine-Brisbane,Proserpine,Brisbane,All Airlines,May-17,69,69,0,63,65,6,4,2017,5
Rockhampton-Brisbane,Rockhampton,Brisbane,All Airlines,May-17,320,319,1,265,270,54,49,2017,5
Sunshine Coast-Melbourne,Sunshine Coast,Melbourne,All Airlines,May-17,105,105,0,67,80,38,25,2017,5
Sunshine Coast-Sydney,Sunshine Coast,Sydney,All Airlines,May-17,160,159,1,110,122,49,37,2017,5
Sydney-Adelaide,Sydney,Adelaide,All Airlines,May-17,550,548,2,502,506,46,42,2017,5
Sydney-Albury,Sydney,Albury,All Airlines,May-17,276,272,4,236,241,36,31,2017,5
Sydney-Armidale,Sydney,Armidale,All Airlines,May-17,203,203,0,177,176,26,27,2017,5
Sydney-Ayers Rock,Sydney,Ayers Rock,All Airlines,May-17,62,62,0,59,55,3,7,2017,5
Sydney-Ballina,Sydney,Ballina,All Airlines,May-17,127,126,1,117,118,9,8,2017,5
Sydney-Brisbane,Sydney,Brisbane,All Airlines,May-17,1398,1382,16,1225,1178,157,204,2017,5
Sydney-Cairns,Sydney,Cairns,All Airlines,May-17,265,264,1,228,214,36,50,2017,5
Sydney-Canberra,Sydney,Canberra,All Airlines,May-17,748,736,12,671,668,65,68,2017,5
Sydney-Coffs Harbour,Sydney,Coffs Harbour,All Airlines,May-17,222,221,1,202,205,19,16,2017,5
Sydney-Darwin,Sydney,Darwin,All Airlines,May-17,101,101,0,88,84,13,17,2017,5
Sydney-Dubbo,Sydney,Dubbo,All Airlines,May-17,295,291,4,250,252,41,39,2017,5
Sydney-Gold Coast,Sydney,Gold Coast,All Airlines,May-17,682,680,2,584,582,96,98,2017,5
Sydney-Hamilton Island,Sydney,Hamilton Island,All Airlines,May-17,64,61,3,56,51,5,10,2017,5
Sydney-Hobart,Sydney,Hobart,All Airlines,May-17,172,171,1,156,160,15,11,2017,5
Sydney-Launceston,Sydney,Launceston,All Airlines,May-17,60,60,0,54,56,6,4,2017,5
Sydney-Melbourne,Sydney,Melbourne,All Airlines,May-17,2378,2329,49,1960,1990,369,339,2017,5
Sydney-Perth,Sydney,Perth,All Airlines,May-17,374,373,1,328,339,45,34,2017,5
Sydney-Port Macquarie,Sydney,Port Macquarie,All Airlines,May-17,198,197,1,162,162,35,35,2017,5
Sydney-Sunshine Coast,Sydney,Sunshine Coast,All Airlines,May-17,160,160,0,130,132,30,28,2017,5
Sydney-Tamworth,Sydney,Tamworth,All Airlines,May-17,209,207,2,185,181,22,26,2017,5
Sydney-Townsville,Sydney,Townsville,All Airlines,May-17,41,41,0,36,32,5,9,2017,5
Sydney-Wagga Wagga,Sydney,Wagga Wagga,All Airlines,May-17,260,257,3,231,237,26,20,2017,5
Tamworth-Sydney,Tamworth,Sydney,All Airlines,May-17,209,207,2,185,187,22,20,2017,5
Townsville-Brisbane,Townsville,Brisbane,All Airlines,May-17,338,333,5,286,292,47,41,2017,5
Townsville-Cairns,Townsville,Cairns,All Airlines,May-17,185,185,0,172,170,13,15,2017,5
Townsville-Sydney,Townsville,Sydney,All Airlines,May-17,41,40,1,26,36,14,4,2017,5
Wagga Wagga-Sydney,Wagga Wagga,Sydney,All Airlines,May-17,260,257,3,236,234,21,23,2017,5
Adelaide-Alice Springs,Adelaide,Alice Springs,All Airlines,Jun-17,43,43,0,39,40,4,3,2017,6
Adelaide-Brisbane,Adelaide,Brisbane,All Airlines,Jun-17,261,258,3,232,229,26,29,2017,6
Adelaide-Canberra,Adelaide,Canberra,All Airlines,Jun-17,66,66,0,62,59,4,7,2017,6
Adelaide-Gold Coast,Adelaide,Gold Coast,All Airlines,Jun-17,60,59,1,56,56,3,3,2017,6
Adelaide-Melbourne,Adelaide,Melbourne,All Airlines,Jun-17,705,704,1,631,637,73,67,2017,6
Adelaide-Perth,Adelaide,Perth,All Airlines,Jun-17,183,183,0,167,171,16,12,2017,6
Adelaide-Port Lincoln,Adelaide,Port Lincoln,All Airlines,Jun-17,311,309,2,297,295,12,14,2017,6
Adelaide-Sydney,Adelaide,Sydney,All Airlines,Jun-17,527,521,6,441,408,80,113,2017,6
Albury-Sydney,Albury,Sydney,All Airlines,Jun-17,262,250,12,167,162,83,88,2017,6
Alice Springs-Adelaide,Alice Springs,Adelaide,All Airlines,Jun-17,43,43,0,38,39,5,4,2017,6
Alice Springs-Darwin,Alice Springs,Darwin,All Airlines,Jun-17,73,73,0,71,70,2,3,2017,6
Armidale-Sydney,Armidale,Sydney,All Airlines,Jun-17,200,182,18,129,120,53,62,2017,6
Ayers Rock-Sydney,Ayers Rock,Sydney,All Airlines,Jun-17,60,60,0,41,47,19,13,2017,6
Ballina-Sydney,Ballina,Sydney,All Airlines,Jun-17,127,125,2,88,97,37,28,2017,6
Brisbane-Adelaide,Brisbane,Adelaide,All Airlines,Jun-17,258,255,3,235,232,20,23,2017,6
Brisbane-Bundaberg,Brisbane,Bundaberg,All Airlines,Jun-17,162,162,0,146,145,16,17,2017,6
Brisbane-Cairns,Brisbane,Cairns,All Airlines,Jun-17,382,379,3,323,318,56,61,2017,6
Brisbane-Canberra,Brisbane,Canberra,All Airlines,Jun-17,250,249,1,205,200,44,49,2017,6
Brisbane-Darwin,Brisbane,Darwin,All Airlines,Jun-17,118,118,0,94,84,24,34,2017,6
Brisbane-Emerald,Brisbane,Emerald,All Airlines,Jun-17,168,167,1,156,158,11,9,2017,6
Brisbane-Gladstone,Brisbane,Gladstone,All Airlines,Jun-17,227,226,1,210,212,16,14,2017,6
Brisbane-Hamilton Island,Brisbane,Hamilton Island,All Airlines,Jun-17,69,67,2,63,64,4,3,2017,6
Brisbane-Hobart,Brisbane,Hobart,All Airlines,Jun-17,51,51,0,48,48,3,3,2017,6
Brisbane-Mackay,Brisbane,Mackay,All Airlines,Jun-17,283,282,1,239,243,43,39,2017,6
Brisbane-Melbourne,Brisbane,Melbourne,All Airlines,Jun-17,986,976,10,863,845,113,131,2017,6
Brisbane-Moranbah,Brisbane,Moranbah,All Airlines,Jun-17,130,130,0,123,119,7,11,2017,6
Brisbane-Mount Isa,Brisbane,Mount Isa,All Airlines,Jun-17,72,71,1,68,65,3,6,2017,6
Brisbane-Newcastle,Brisbane,Newcastle,All Airlines,Jun-17,252,249,3,219,216,30,33,2017,6
Brisbane-Perth,Brisbane,Perth,All Airlines,Jun-17,242,242,0,208,216,34,26,2017,6
Brisbane-Proserpine,Brisbane,Proserpine,All Airlines,Jun-17,71,71,0,65,64,6,7,2017,6
Brisbane-Rockhampton,Brisbane,Rockhampton,All Airlines,Jun-17,316,316,0,282,273,34,43,2017,6
Brisbane-Sydney,Brisbane,Sydney,All Airlines,Jun-17,1352,1334,18,1164,1145,170,189,2017,6
Brisbane-Townsville,Brisbane,Townsville,All Airlines,Jun-17,329,325,4,283,283,42,42,2017,6
Broome-Perth,Broome,Perth,All Airlines,Jun-17,146,146,0,130,130,16,16,2017,6
Bundaberg-Brisbane,Bundaberg,Brisbane,All Airlines,Jun-17,162,162,0,140,140,22,22,2017,6
Cairns-Brisbane,Cairns,Brisbane,All Airlines,Jun-17,382,379,3,327,345,52,34,2017,6
Cairns-Melbourne,Cairns,Melbourne,All Airlines,Jun-17,201,200,1,147,149,53,51,2017,6
Cairns-Sydney,Cairns,Sydney,All Airlines,Jun-17,268,267,1,214,224,53,43,2017,6
Cairns-Townsville,Cairns,Townsville,All Airlines,Jun-17,186,185,1,174,177,11,8,2017,6
Canberra-Adelaide,Canberra,Adelaide,All Airlines,Jun-17,66,66,0,62,63,4,3,2017,6
Canberra-Brisbane,Canberra,Brisbane,All Airlines,Jun-17,251,248,3,209,204,39,44,2017,6
Canberra-Melbourne,Canberra,Melbourne,All Airlines,Jun-17,461,452,9,395,393,57,59,2017,6
Canberra-Sydney,Canberra,Sydney,All Airlines,Jun-17,717,675,42,538,535,137,140,2017,6
Coffs Harbour-Sydney,Coffs Harbour,Sydney,All Airlines,Jun-17,212,206,6,155,159,51,47,2017,6
Darwin-Alice Springs,Darwin,Alice Springs,All Airlines,Jun-17,73,73,0,69,68,4,5,2017,6
Darwin-Brisbane,Darwin,Brisbane,All Airlines,Jun-17,119,119,0,81,97,38,22,2017,6
Darwin-Melbourne,Darwin,Melbourne,All Airlines,Jun-17,101,101,0,74,80,27,21,2017,6
Darwin-Perth,Darwin,Perth,All Airlines,Jun-17,64,64,0,57,56,7,8,2017,6
Darwin-Sydney,Darwin,Sydney,All Airlines,Jun-17,116,116,0,75,78,41,38,2017,6
Dubbo-Sydney,Dubbo,Sydney,All Airlines,Jun-17,275,268,7,219,202,49,66,2017,6
Emerald-Brisbane,Emerald,Brisbane,All Airlines,Jun-17,168,167,1,154,155,13,12,2017,6
Geraldton-Perth,Geraldton,Perth,All Airlines,Jun-17,99,99,0,91,90,8,9,2017,6
Gladstone-Brisbane,Gladstone,Brisbane,All Airlines,Jun-17,227,225,2,212,212,13,13,2017,6
Gold Coast-Adelaide,Gold Coast,Adelaide,All Airlines,Jun-17,60,60,0,57,55,3,5,2017,6
Gold Coast-Melbourne,Gold Coast,Melbourne,All Airlines,Jun-17,440,440,0,349,364,91,76,2017,6
Gold Coast-Sydney,Gold Coast,Sydney,All Airlines,Jun-17,703,695,8,564,570,131,125,2017,6
Hamilton Island-Brisbane,Hamilton Island,Brisbane,All Airlines,Jun-17,69,67,2,64,65,3,2,2017,6
Hamilton Island-Sydney,Hamilton Island,Sydney,All Airlines,Jun-17,56,53,3,43,41,10,12,2017,6
Hobart-Brisbane,Hobart,Brisbane,All Airlines,Jun-17,50,50,0,44,45,6,5,2017,6
Hobart-Melbourne,Hobart,Melbourne,All Airlines,Jun-17,460,451,9,358,368,93,83,2017,6
Hobart-Sydney,Hobart,Sydney,All Airlines,Jun-17,180,177,3,146,145,31,32,2017,6
Kalgoorlie-Perth,Kalgoorlie,Perth,All Airlines,Jun-17,140,140,0,126,127,14,13,2017,6
Karratha-Perth,Karratha,Perth,All Airlines,Jun-17,257,255,2,225,223,30,32,2017,6
Launceston-Melbourne,Launceston,Melbourne,All Airlines,Jun-17,304,301,3,264,259,37,42,2017,6
Launceston-Sydney,Launceston,Sydney,All Airlines,Jun-17,62,62,0,47,49,15,13,2017,6
Mackay-Brisbane,Mackay,Brisbane,All Airlines,Jun-17,283,282,1,232,243,50,39,2017,6
Melbourne-Adelaide,Melbourne,Adelaide,All Airlines,Jun-17,700,699,1,631,639,68,60,2017,6
Melbourne-Brisbane,Melbourne,Brisbane,All Airlines,Jun-17,989,980,9,876,875,104,105,2017,6
Melbourne-Cairns,Melbourne,Cairns,All Airlines,Jun-17,201,200,1,160,158,40,42,2017,6
Melbourne-Canberra,Melbourne,Canberra,All Airlines,Jun-17,460,455,5,412,402,43,53,2017,6
Melbourne-Darwin,Melbourne,Darwin,All Airlines,Jun-17,101,101,0,86,76,15,25,2017,6
Melbourne-Gold Coast,Melbourne,Gold Coast,All Airlines,Jun-17,440,440,0,380,378,60,62,2017,6
Melbourne-Hobart,Melbourne,Hobart,All Airlines,Jun-17,461,450,11,391,378,59,72,2017,6
Melbourne-Launceston,Melbourne,Launceston,All Airlines,Jun-17,303,299,4,270,258,29,41,2017,6
Melbourne-Mildura,Melbourne,Mildura,All Airlines,Jun-17,208,207,1,186,182,21,25,2017,6
Melbourne-Newcastle,Melbourne,Newcastle,All Airlines,Jun-17,136,136,0,107,112,29,24,2017,6
Melbourne-Perth,Melbourne,Perth,All Airlines,Jun-17,412,411,1,348,366,63,45,2017,6
Melbourne-Sunshine Coast,Melbourne,Sunshine Coast,All Airlines,Jun-17,111,111,0,97,101,14,10,2017,6
Melbourne-Sydney,Melbourne,Sydney,All Airlines,Jun-17,2243,2188,55,1895,1796,293,392,2017,6
Mildura-Melbourne,Mildura,Melbourne,All Airlines,Jun-17,209,208,1,179,172,29,36,2017,6
Moranbah-Brisbane,Moranbah,Brisbane,All Airlines,Jun-17,126,125,1,117,118,8,7,2017,6
Mount Isa-Brisbane,Mount Isa,Brisbane,All Airlines,Jun-17,73,72,1,65,65,7,7,2017,6
Newcastle-Brisbane,Newcastle,Brisbane,All Airlines,Jun-17,252,249,3,221,225,28,24,2017,6
Newcastle-Melbourne,Newcastle,Melbourne,All Airlines,Jun-17,136,135,1,113,116,22,19,2017,6
Newman-Perth,Newman,Perth,All Airlines,Jun-17,170,164,6,152,147,12,17,2017,6
Perth-Adelaide,Perth,Adelaide,All Airlines,Jun-17,191,191,0,180,177,11,14,2017,6
Perth-Brisbane,Perth,Brisbane,All Airlines,Jun-17,240,240,0,229,216,11,24,2017,6
Perth-Broome,Perth,Broome,All Airlines,Jun-17,146,146,0,137,134,9,12,2017,6
Perth-Darwin,Perth,Darwin,All Airlines,Jun-17,64,64,0,62,60,2,4,2017,6
Perth-Geraldton,Perth,Geraldton,All Airlines,Jun-17,99,99,0,88,93,11,6,2017,6
Perth-Kalgoorlie,Perth,Kalgoorlie,All Airlines,Jun-17,141,141,0,128,127,13,14,2017,6
Perth-Karratha,Perth,Karratha,All Airlines,Jun-17,256,256,0,241,239,15,17,2017,6
Perth-Melbourne,Perth,Melbourne,All Airlines,Jun-17,411,408,3,371,342,37,66,2017,6
Perth-Newman,Perth,Newman,All Airlines,Jun-17,170,166,4,156,155,10,11,2017,6
Perth-Port Hedland,Perth,Port Hedland,All Airlines,Jun-17,186,181,5,170,167,11,14,2017,6
Perth-Sydney,Perth,Sydney,All Airlines,Jun-17,362,359,3,320,304,39,55,2017,6
Port Hedland-Perth,Port Hedland,Perth,All Airlines,Jun-17,187,176,11,165,165,11,11,2017,6
Port Lincoln-Adelaide,Port Lincoln,Adelaide,All Airlines,Jun-17,313,311,2,297,292,14,19,2017,6
Port Macquarie-Sydney,Port Macquarie,Sydney,All Airlines,Jun-17,188,183,5,128,133,55,50,2017,6
Proserpine-Brisbane,Proserpine,Brisbane,All Airlines,Jun-17,71,71,0,61,64,10,7,2017,6
Rockhampton-Brisbane,Rockhampton,Brisbane,All Airlines,Jun-17,316,315,1,267,278,48,37,2017,6
Sunshine Coast-Melbourne,Sunshine Coast,Melbourne,All Airlines,Jun-17,110,110,0,78,84,32,26,2017,6
Sunshine Coast-Sydney,Sunshine Coast,Sydney,All Airlines,Jun-17,158,157,1,113,120,44,37,2017,6
Sydney-Adelaide,Sydney,Adelaide,All Airlines,Jun-17,528,522,6,419,433,103,89,2017,6
Sydney-Albury,Sydney,Albury,All Airlines,Jun-17,258,248,10,163,169,85,79,2017,6
Sydney-Armidale,Sydney,Armidale,All Airlines,Jun-17,198,190,8,134,134,56,56,2017,6
Sydney-Ayers Rock,Sydney,Ayers Rock,All Airlines,Jun-17,60,60,0,53,47,7,13,2017,6
Sydney-Ballina,Sydney,Ballina,All Airlines,Jun-17,129,129,0,107,108,22,21,2017,6
Sydney-Brisbane,Sydney,Brisbane,All Airlines,Jun-17,1345,1328,17,1143,1133,185,195,2017,6
Sydney-Cairns,Sydney,Cairns,All Airlines,Jun-17,269,269,0,230,217,39,52,2017,6
Sydney-Canberra,Sydney,Canberra,All Airlines,Jun-17,715,677,38,524,545,153,132,2017,6
Sydney-Coffs Harbour,Sydney,Coffs Harbour,All Airlines,Jun-17,212,206,6,161,159,45,47,2017,6
Sydney-Darwin,Sydney,Darwin,All Airlines,Jun-17,116,116,0,92,93,24,23,2017,6
Sydney-Dubbo,Sydney,Dubbo,All Airlines,Jun-17,275,267,8,206,217,61,50,2017,6
Sydney-Gold Coast,Sydney,Gold Coast,All Airlines,Jun-17,703,695,8,588,593,107,102,2017,6
Sydney-Hamilton Island,Sydney,Hamilton Island,All Airlines,Jun-17,56,52,4,44,42,8,10,2017,6
Sydney-Hobart,Sydney,Hobart,All Airlines,Jun-17,181,179,2,154,151,25,28,2017,6
Sydney-Launceston,Sydney,Launceston,All Airlines,Jun-17,63,63,0,51,54,12,9,2017,6
Sydney-Melbourne,Sydney,Melbourne,All Airlines,Jun-17,2246,2188,58,1798,1830,390,358,2017,6
Sydney-Perth,Sydney,Perth,All Airlines,Jun-17,361,360,1,301,310,59,50,2017,6
Sydney-Port Macquarie,Sydney,Port Macquarie,All Airlines,Jun-17,187,182,5,129,133,53,49,2017,6
Sydney-Sunshine Coast,Sydney,Sunshine Coast,All Airlines,Jun-17,158,157,1,119,128,38,29,2017,6
Sydney-Tamworth,Sydney,Tamworth,All Airlines,Jun-17,206,197,9,158,164,39,33,2017,6
Sydney-Townsville,Sydney,Townsville,All Airlines,Jun-17,40,40,0,33,31,7,9,2017,6
Sydney-Wagga Wagga,Sydney,Wagga Wagga,All Airlines,Jun-17,243,234,9,185,193,49,41,2017,6
Tamworth-Sydney,Tamworth,Sydney,All Airlines,Jun-17,206,197,9,161,162,36,35,2017,6
Townsville-Brisbane,Townsville,Brisbane,All Airlines,Jun-17,329,324,5,275,285,49,39,2017,6
Townsville-Cairns,Townsville,Cairns,All Airlines,Jun-17,182,180,2,174,173,6,7,2017,6
Townsville-Sydney,Townsville,Sydney,All Airlines,Jun-17,39,39,0,24,29,15,10,2017,6
Wagga Wagga-Sydney,Wagga Wagga,Sydney,All Airlines,Jun-17,240,231,9,189,181,42,50,2017,6
Adelaide-Alice Springs,Adelaide,Alice Springs,All Airlines,Jul-17,44,44,0,31,33,13,11,2017,7
Adelaide-Brisbane,Adelaide,Brisbane,All Airlines,Jul-17,287,284,3,201,226,83,58,2017,7
Adelaide-Canberra,Adelaide,Canberra,All Airlines,Jul-17,73,73,0,62,65,11,8,2017,7
Adelaide-Gold Coast,Adelaide,Gold Coast,All Airlines,Jul-17,62,62,0,53,59,9,3,2017,7
Adelaide-Melbourne,Adelaide,Melbourne,All Airlines,Jul-17,747,738,9,561,592,177,146,2017,7
Adelaide-Perth,Adelaide,Perth,All Airlines,Jul-17,210,205,5,174,160,31,45,2017,7
Adelaide-Port Lincoln,Adelaide,Port Lincoln,All Airlines,Jul-17,325,316,9,283,268,33,48,2017,7
Adelaide-Sydney,Adelaide,Sydney,All Airlines,Jul-17,573,565,8,443,475,122,90,2017,7
Albury-Sydney,Albury,Sydney,All Airlines,Jul-17,275,268,7,209,216,59,52,2017,7
Alice Springs-Adelaide,Alice Springs,Adelaide,All Airlines,Jul-17,44,44,0,32,38,12,6,2017,7
Alice Springs-Darwin,Alice Springs,Darwin,All Airlines,Jul-17,75,74,1,66,65,8,9,2017,7
Armidale-Sydney,Armidale,Sydney,All Airlines,Jul-17,202,192,10,142,139,50,53,2017,7
Ayers Rock-Sydney,Ayers Rock,Sydney,All Airlines,Jul-17,62,62,0,25,49,37,13,2017,7
Ballina-Sydney,Ballina,Sydney,All Airlines,Jul-17,143,141,2,103,102,38,39,2017,7
Brisbane-Adelaide,Brisbane,Adelaide,All Airlines,Jul-17,285,281,4,240,189,41,92,2017,7
Brisbane-Bundaberg,Brisbane,Bundaberg,All Airlines,Jul-17,166,163,3,139,140,24,23,2017,7
Brisbane-Cairns,Brisbane,Cairns,All Airlines,Jul-17,428,421,7,344,372,77,49,2017,7
Brisbane-Canberra,Brisbane,Canberra,All Airlines,Jul-17,258,255,3,216,202,39,53,2017,7
Brisbane-Darwin,Brisbane,Darwin,All Airlines,Jul-17,133,131,2,111,116,20,15,2017,7
Brisbane-Emerald,Brisbane,Emerald,All Airlines,Jul-17,169,168,1,142,139,26,29,2017,7
Brisbane-Gladstone,Brisbane,Gladstone,All Airlines,Jul-17,228,227,1,183,187,44,40,2017,7
Brisbane-Hamilton Island,Brisbane,Hamilton Island,All Airlines,Jul-17,69,67,2,59,61,8,6,2017,7
Brisbane-Hobart,Brisbane,Hobart,All Airlines,Jul-17,57,57,0,47,49,10,8,2017,7
Brisbane-Mackay,Brisbane,Mackay,All Airlines,Jul-17,289,285,4,225,236,60,49,2017,7
Brisbane-Melbourne,Brisbane,Melbourne,All Airlines,Jul-17,1089,1064,25,874,709,190,355,2017,7
Brisbane-Moranbah,Brisbane,Moranbah,All Airlines,Jul-17,133,131,2,113,105,18,26,2017,7
Brisbane-Mount Isa,Brisbane,Mount Isa,All Airlines,Jul-17,73,73,0,68,63,5,10,2017,7
Brisbane-Newcastle,Brisbane,Newcastle,All Airlines,Jul-17,268,263,5,229,220,34,43,2017,7
Brisbane-Perth,Brisbane,Perth,All Airlines,Jul-17,262,260,2,209,116,51,144,2017,7
Brisbane-Proserpine,Brisbane,Proserpine,All Airlines,Jul-17,86,85,1,66,69,19,16,2017,7
Brisbane-Rockhampton,Brisbane,Rockhampton,All Airlines,Jul-17,326,326,0,245,227,81,99,2017,7
Brisbane-Sydney,Brisbane,Sydney,All Airlines,Jul-17,1484,1448,36,1182,1141,266,307,2017,7
Brisbane-Townsville,Brisbane,Townsville,All Airlines,Jul-17,342,337,5,275,282,62,55,2017,7
Broome-Perth,Broome,Perth,All Airlines,Jul-17,166,166,0,124,126,42,40,2017,7
Bundaberg-Brisbane,Bundaberg,Brisbane,All Airlines,Jul-17,166,165,1,134,132,31,33,2017,7
Cairns-Brisbane,Cairns,Brisbane,All Airlines,Jul-17,427,422,5,358,370,64,52,2017,7
Cairns-Melbourne,Cairns,Melbourne,All Airlines,Jul-17,266,264,2,165,161,99,103,2017,7
Cairns-Sydney,Cairns,Sydney,All Airlines,Jul-17,336,334,2,263,274,71,60,2017,7
Cairns-Townsville,Cairns,Townsville,All Airlines,Jul-17,188,187,1,182,179,5,8,2017,7
Canberra-Adelaide,Canberra,Adelaide,All Airlines,Jul-17,73,73,0,64,63,9,10,2017,7
Canberra-Brisbane,Canberra,Brisbane,All Airlines,Jul-17,258,253,5,211,212,42,41,2017,7
Canberra-Melbourne,Canberra,Melbourne,All Airlines,Jul-17,509,492,17,432,408,60,84,2017,7
Canberra-Sydney,Canberra,Sydney,All Airlines,Jul-17,760,730,30,599,619,131,111,2017,7
Coffs Harbour-Sydney,Coffs Harbour,Sydney,All Airlines,Jul-17,216,209,7,183,179,26,30,2017,7
Darwin-Alice Springs,Darwin,Alice Springs,All Airlines,Jul-17,75,74,1,70,70,4,4,2017,7
Darwin-Brisbane,Darwin,Brisbane,All Airlines,Jul-17,132,130,2,95,109,35,21,2017,7
Darwin-Melbourne,Darwin,Melbourne,All Airlines,Jul-17,102,102,0,60,79,42,23,2017,7
Darwin-Perth,Darwin,Perth,All Airlines,Jul-17,66,66,0,50,52,16,14,2017,7
Darwin-Sydney,Darwin,Sydney,All Airlines,Jul-17,129,129,0,78,95,51,34,2017,7
Dubbo-Sydney,Dubbo,Sydney,All Airlines,Jul-17,279,274,5,223,220,51,54,2017,7
Emerald-Brisbane,Emerald,Brisbane,All Airlines,Jul-17,169,167,2,135,140,32,27,2017,7
Geraldton-Perth,Geraldton,Perth,All Airlines,Jul-17,98,98,0,84,88,14,10,2017,7
Gladstone-Brisbane,Gladstone,Brisbane,All Airlines,Jul-17,228,226,2,190,193,36,33,2017,7
Gold Coast-Adelaide,Gold Coast,Adelaide,All Airlines,Jul-17,62,62,0,56,38,6,24,2017,7
Gold Coast-Melbourne,Gold Coast,Melbourne,All Airlines,Jul-17,523,522,1,397,362,125,160,2017,7
Gold Coast-Sydney,Gold Coast,Sydney,All Airlines,Jul-17,793,783,10,556,539,227,244,2017,7
Hamilton Island-Brisbane,Hamilton Island,Brisbane,All Airlines,Jul-17,69,67,2,58,61,9,6,2017,7
Hamilton Island-Sydney,Hamilton Island,Sydney,All Airlines,Jul-17,78,77,1,63,61,14,16,2017,7
Hobart-Brisbane,Hobart,Brisbane,All Airlines,Jul-17,58,58,0,37,38,21,20,2017,7
Hobart-Melbourne,Hobart,Melbourne,All Airlines,Jul-17,476,470,6,320,321,150,149,2017,7
Hobart-Sydney,Hobart,Sydney,All Airlines,Jul-17,202,202,0,159,160,43,42,2017,7
Kalgoorlie-Perth,Kalgoorlie,Perth,All Airlines,Jul-17,145,143,2,137,132,6,11,2017,7
Karratha-Perth,Karratha,Perth,All Airlines,Jul-17,254,250,4,219,219,31,31,2017,7
Launceston-Melbourne,Launceston,Melbourne,All Airlines,Jul-17,332,323,9,242,239,81,84,2017,7
Launceston-Sydney,Launceston,Sydney,All Airlines,Jul-17,70,69,1,42,47,27,22,2017,7
Mackay-Brisbane,Mackay,Brisbane,All Airlines,Jul-17,289,284,5,222,238,62,46,2017,7
Melbourne-Adelaide,Melbourne,Adelaide,All Airlines,Jul-17,737,731,6,603,571,128,160,2017,7
Melbourne-Brisbane,Melbourne,Brisbane,All Airlines,Jul-17,1101,1078,23,844,898,234,180,2017,7
Melbourne-Cairns,Melbourne,Cairns,All Airlines,Jul-17,268,266,2,181,176,85,90,2017,7
Melbourne-Canberra,Melbourne,Canberra,All Airlines,Jul-17,511,494,17,410,413,84,81,2017,7
Melbourne-Darwin,Melbourne,Darwin,All Airlines,Jul-17,102,102,0,79,61,23,41,2017,7
Melbourne-Gold Coast,Melbourne,Gold Coast,All Airlines,Jul-17,524,523,1,399,426,124,97,2017,7
Melbourne-Hobart,Melbourne,Hobart,All Airlines,Jul-17,476,469,7,365,350,104,119,2017,7
Melbourne-Launceston,Melbourne,Launceston,All Airlines,Jul-17,332,323,9,238,234,85,89,2017,7
Melbourne-Mildura,Melbourne,Mildura,All Airlines,Jul-17,215,214,1,185,181,29,33,2017,7
Melbourne-Newcastle,Melbourne,Newcastle,All Airlines,Jul-17,146,145,1,89,113,56,32,2017,7
Melbourne-Perth,Melbourne,Perth,All Airlines,Jul-17,432,424,8,304,270,120,154,2017,7
Melbourne-Sunshine Coast,Melbourne,Sunshine Coast,All Airlines,Jul-17,147,147,0,104,122,43,25,2017,7
Melbourne-Sydney,Melbourne,Sydney,All Airlines,Jul-17,2439,2336,103,1788,1868,548,468,2017,7
Mildura-Melbourne,Mildura,Melbourne,All Airlines,Jul-17,214,212,2,180,171,32,41,2017,7
Moranbah-Brisbane,Moranbah,Brisbane,All Airlines,Jul-17,129,126,3,102,107,24,19,2017,7
Mount Isa-Brisbane,Mount Isa,Brisbane,All Airlines,Jul-17,72,71,1,64,62,7,9,2017,7
Newcastle-Brisbane,Newcastle,Brisbane,All Airlines,Jul-17,269,264,5,234,235,30,29,2017,7
Newcastle-Melbourne,Newcastle,Melbourne,All Airlines,Jul-17,146,145,1,115,104,30,41,2017,7
Newman-Perth,Newman,Perth,All Airlines,Jul-17,165,159,6,138,137,21,22,2017,7
Perth-Adelaide,Perth,Adelaide,All Airlines,Jul-17,212,207,5,175,183,32,24,2017,7
Perth-Brisbane,Perth,Brisbane,All Airlines,Jul-17,257,256,1,206,232,50,24,2017,7
Perth-Broome,Perth,Broome,All Airlines,Jul-17,166,166,0,139,143,27,23,2017,7
Perth-Darwin,Perth,Darwin,All Airlines,Jul-17,66,66,0,56,54,10,12,2017,7
Perth-Geraldton,Perth,Geraldton,All Airlines,Jul-17,98,98,0,83,81,15,17,2017,7
Perth-Kalgoorlie,Perth,Kalgoorlie,All Airlines,Jul-17,144,144,0,135,135,9,9,2017,7
Perth-Karratha,Perth,Karratha,All Airlines,Jul-17,253,250,3,223,222,27,28,2017,7
Perth-Melbourne,Perth,Melbourne,All Airlines,Jul-17,430,422,8,306,348,116,74,2017,7
Perth-Newman,Perth,Newman,All Airlines,Jul-17,165,162,3,144,143,18,19,2017,7
Perth-Port Hedland,Perth,Port Hedland,All Airlines,Jul-17,186,183,3,164,162,19,21,2017,7
Perth-Sydney,Perth,Sydney,All Airlines,Jul-17,386,379,7,276,352,103,27,2017,7
Port Hedland-Perth,Port Hedland,Perth,All Airlines,Jul-17,186,180,6,160,156,20,24,2017,7
Port Lincoln-Adelaide,Port Lincoln,Adelaide,All Airlines,Jul-17,325,314,11,265,260,49,54,2017,7
Port Macquarie-Sydney,Port Macquarie,Sydney,All Airlines,Jul-17,188,185,3,128,138,57,47,2017,7
Proserpine-Brisbane,Proserpine,Brisbane,All Airlines,Jul-17,86,85,1,68,68,17,17,2017,7
Rockhampton-Brisbane,Rockhampton,Brisbane,All Airlines,Jul-17,326,325,1,236,248,89,77,2017,7
Sunshine Coast-Melbourne,Sunshine Coast,Melbourne,All Airlines,Jul-17,148,148,0,91,73,57,75,2017,7
Sunshine Coast-Sydney,Sunshine Coast,Sydney,All Airlines,Jul-17,185,184,1,123,120,61,64,2017,7
Sydney-Adelaide,Sydney,Adelaide,All Airlines,Jul-17,581,576,5,473,411,103,165,2017,7
Sydney-Albury,Sydney,Albury,All Airlines,Jul-17,277,269,8,195,193,74,76,2017,7
Sydney-Armidale,Sydney,Armidale,All Airlines,Jul-17,202,194,8,137,141,57,53,2017,7
Sydney-Ayers Rock,Sydney,Ayers Rock,All Airlines,Jul-17,62,62,0,52,31,10,31,2017,7
Sydney-Ballina,Sydney,Ballina,All Airlines,Jul-17,144,144,0,114,113,30,31,2017,7
Sydney-Brisbane,Sydney,Brisbane,All Airlines,Jul-17,1477,1440,37,1172,1140,268,300,2017,7
Sydney-Cairns,Sydney,Cairns,All Airlines,Jul-17,335,334,1,272,275,62,59,2017,7
Sydney-Canberra,Sydney,Canberra,All Airlines,Jul-17,761,729,32,589,604,140,125,2017,7
Sydney-Coffs Harbour,Sydney,Coffs Harbour,All Airlines,Jul-17,216,209,7,170,182,39,27,2017,7
Sydney-Darwin,Sydney,Darwin,All Airlines,Jul-17,129,129,0,106,97,23,32,2017,7
Sydney-Dubbo,Sydney,Dubbo,All Airlines,Jul-17,278,273,5,207,210,66,63,2017,7
Sydney-Gold Coast,Sydney,Gold Coast,All Airlines,Jul-17,793,784,9,557,574,227,210,2017,7
Sydney-Hamilton Island,Sydney,Hamilton Island,All Airlines,Jul-17,78,78,0,64,64,14,14,2017,7
Sydney-Hobart,Sydney,Hobart,All Airlines,Jul-17,201,201,0,170,169,31,32,2017,7
Sydney-Launceston,Sydney,Launceston,All Airlines,Jul-17,69,69,0,55,59,14,10,2017,7
Sydney-Melbourne,Sydney,Melbourne,All Airlines,Jul-17,2438,2344,94,1859,1610,485,734,2017,7
Sydney-Perth,Sydney,Perth,All Airlines,Jul-17,387,381,6,293,217,88,164,2017,7
Sydney-Port Macquarie,Sydney,Port Macquarie,All Airlines,Jul-17,188,185,3,139,143,46,42,2017,7
Sydney-Sunshine Coast,Sydney,Sunshine Coast,All Airlines,Jul-17,185,184,1,139,145,45,39,2017,7
Sydney-Tamworth,Sydney,Tamworth,All Airlines,Jul-17,207,202,5,170,172,32,30,2017,7
Sydney-Townsville,Sydney,Townsville,All Airlines,Jul-17,58,58,0,45,42,13,16,2017,7
Sydney-Wagga Wagga,Sydney,Wagga Wagga,All Airlines,Jul-17,253,242,11,192,189,50,53,2017,7
Tamworth-Sydney,Tamworth,Sydney,All Airlines,Jul-17,207,202,5,174,172,28,30,2017,7
Townsville-Brisbane,Townsville,Brisbane,All Airlines,Jul-17,343,337,6,278,282,59,55,2017,7
Townsville-Cairns,Townsville,Cairns,All Airlines,Jul-17,183,183,0,178,177,5,6,2017,7
Townsville-Sydney,Townsville,Sydney,All Airlines,Jul-17,58,58,0,35,45,23,13,2017,7
Wagga Wagga-Sydney,Wagga Wagga,Sydney,All Airlines,Jul-17,255,245,10,201,197,44,48,2017,7
Adelaide-Alice Springs,Adelaide,Alice Springs,All Airlines,Aug-17,45,45,0,36,37,9,8,2017,8
Adelaide-Brisbane,Adelaide,Brisbane,All Airlines,Aug-17,283,281,2,224,242,57,39,2017,8
Adelaide-Canberra,Adelaide,Canberra,All Airlines,Aug-17,77,77,0,65,66,12,11,2017,8
Adelaide-Gold Coast,Adelaide,Gold Coast,All Airlines,Aug-17,62,62,0,53,58,9,4,2017,8
Adelaide-Melbourne,Adelaide,Melbourne,All Airlines,Aug-17,731,722,9,585,594,137,128,2017,8
Adelaide-Perth,Adelaide,Perth,All Airlines,Aug-17,205,204,1,176,141,28,63,2017,8
Adelaide-Port Lincoln,Adelaide,Port Lincoln,All Airlines,Aug-17,334,331,3,313,303,18,28,2017,8
Adelaide-Sydney,Adelaide,Sydney,All Airlines,Aug-17,543,536,7,428,445,108,91,2017,8
Albury-Sydney,Albury,Sydney,All Airlines,Aug-17,287,281,6,215,219,66,62,2017,8
Alice Springs-Adelaide,Alice Springs,Adelaide,All Airlines,Aug-17,45,45,0,40,40,5,5,2017,8
Alice Springs-Darwin,Alice Springs,Darwin,All Airlines,Aug-17,76,76,0,73,74,3,2,2017,8
Armidale-Sydney,Armidale,Sydney,All Airlines,Aug-17,196,190,6,124,117,66,73,2017,8
Ayers Rock-Sydney,Ayers Rock,Sydney,All Airlines,Aug-17,62,62,0,35,46,27,16,2017,8
Ballina-Sydney,Ballina,Sydney,All Airlines,Aug-17,132,129,3,103,99,26,30,2017,8
Brisbane-Adelaide,Brisbane,Adelaide,All Airlines,Aug-17,279,277,2,254,212,23,65,2017,8
Brisbane-Bundaberg,Brisbane,Bundaberg,All Airlines,Aug-17,168,164,4,149,146,15,18,2017,8
Brisbane-Cairns,Brisbane,Cairns,All Airlines,Aug-17,406,405,1,348,363,57,42,2017,8
Brisbane-Canberra,Brisbane,Canberra,All Airlines,Aug-17,259,259,0,224,204,35,55,2017,8
Brisbane-Darwin,Brisbane,Darwin,All Airlines,Aug-17,138,137,1,127,133,10,4,2017,8
Brisbane-Emerald,Brisbane,Emerald,All Airlines,Aug-17,175,174,1,157,156,17,18,2017,8
Brisbane-Gladstone,Brisbane,Gladstone,All Airlines,Aug-17,224,222,2,201,199,21,23,2017,8
Brisbane-Hamilton Island,Brisbane,Hamilton Island,All Airlines,Aug-17,66,65,1,59,61,6,4,2017,8
Brisbane-Hobart,Brisbane,Hobart,All Airlines,Aug-17,53,53,0,45,45,8,8,2017,8
Brisbane-Mackay,Brisbane,Mackay,All Airlines,Aug-17,301,297,4,263,265,34,32,2017,8
Brisbane-Melbourne,Brisbane,Melbourne,All Airlines,Aug-17,1052,1041,11,923,756,118,285,2017,8
Brisbane-Moranbah,Brisbane,Moranbah,All Airlines,Aug-17,141,140,1,133,133,7,7,2017,8
Brisbane-Mount Isa,Brisbane,Mount Isa,All Airlines,Aug-17,77,77,0,69,64,8,13,2017,8
Brisbane-Newcastle,Brisbane,Newcastle,All Airlines,Aug-17,273,272,1,243,241,29,31,2017,8
Brisbane-Perth,Brisbane,Perth,All Airlines,Aug-17,264,264,0,226,182,38,82,2017,8
Brisbane-Proserpine,Brisbane,Proserpine,All Airlines,Aug-17,79,79,0,74,73,5,6,2017,8
Brisbane-Rockhampton,Brisbane,Rockhampton,All Airlines,Aug-17,329,329,0,277,260,52,69,2017,8
Brisbane-Sydney,Brisbane,Sydney,All Airlines,Aug-17,1487,1439,48,1238,1186,201,253,2017,8
Brisbane-Townsville,Brisbane,Townsville,All Airlines,Aug-17,342,341,1,311,310,30,31,2017,8
Broome-Perth,Broome,Perth,All Airlines,Aug-17,184,183,1,149,150,34,33,2017,8
Bundaberg-Brisbane,Bundaberg,Brisbane,All Airlines,Aug-17,168,164,4,141,138,23,26,2017,8
Cairns-Brisbane,Cairns,Brisbane,All Airlines,Aug-17,406,405,1,351,365,54,40,2017,8
Cairns-Melbourne,Cairns,Melbourne,All Airlines,Aug-17,234,231,3,162,141,69,90,2017,8
Cairns-Sydney,Cairns,Sydney,All Airlines,Aug-17,323,320,3,271,256,49,64,2017,8
Cairns-Townsville,Cairns,Townsville,All Airlines,Aug-17,192,190,2,179,180,11,10,2017,8
Canberra-Adelaide,Canberra,Adelaide,All Airlines,Aug-17,77,77,0,66,63,11,14,2017,8
Canberra-Brisbane,Canberra,Brisbane,All Airlines,Aug-17,259,258,1,227,228,31,30,2017,8
Canberra-Melbourne,Canberra,Melbourne,All Airlines,Aug-17,524,508,16,447,432,61,76,2017,8
Canberra-Sydney,Canberra,Sydney,All Airlines,Aug-17,783,737,46,602,611,135,126,2017,8
Coffs Harbour-Sydney,Coffs Harbour,Sydney,All Airlines,Aug-17,222,212,10,185,183,27,29,2017,8
Darwin-Alice Springs,Darwin,Alice Springs,All Airlines,Aug-17,76,76,0,73,74,3,2,2017,8
Darwin-Brisbane,Darwin,Brisbane,All Airlines,Aug-17,139,138,1,122,128,16,10,2017,8
Darwin-Melbourne,Darwin,Melbourne,All Airlines,Aug-17,103,103,0,83,93,20,10,2017,8
Darwin-Perth,Darwin,Perth,All Airlines,Aug-17,62,62,0,51,57,11,5,2017,8
Darwin-Sydney,Darwin,Sydney,All Airlines,Aug-17,114,114,0,88,83,26,31,2017,8
Dubbo-Sydney,Dubbo,Sydney,All Airlines,Aug-17,277,271,6,207,201,64,70,2017,8
Emerald-Brisbane,Emerald,Brisbane,All Airlines,Aug-17,174,172,2,151,153,21,19,2017,8
Geraldton-Perth,Geraldton,Perth,All Airlines,Aug-17,103,101,2,89,91,12,10,2017,8
Gladstone-Brisbane,Gladstone,Brisbane,All Airlines,Aug-17,225,223,2,195,198,28,25,2017,8
Gold Coast-Adelaide,Gold Coast,Adelaide,All Airlines,Aug-17,62,62,0,56,43,6,19,2017,8
Gold Coast-Melbourne,Gold Coast,Melbourne,All Airlines,Aug-17,459,459,0,364,345,95,114,2017,8
Gold Coast-Sydney,Gold Coast,Sydney,All Airlines,Aug-17,722,703,19,574,551,129,152,2017,8
Hamilton Island-Brisbane,Hamilton Island,Brisbane,All Airlines,Aug-17,66,65,1,60,60,5,5,2017,8
Hamilton Island-Sydney,Hamilton Island,Sydney,All Airlines,Aug-17,93,93,0,77,79,16,14,2017,8
Hobart-Brisbane,Hobart,Brisbane,All Airlines,Aug-17,52,52,0,33,40,19,12,2017,8
Hobart-Melbourne,Hobart,Melbourne,All Airlines,Aug-17,445,442,3,332,338,110,104,2017,8
Hobart-Sydney,Hobart,Sydney,All Airlines,Aug-17,182,178,4,138,141,40,37,2017,8
Kalgoorlie-Perth,Kalgoorlie,Perth,All Airlines,Aug-17,163,158,5,144,146,14,12,2017,8
Karratha-Perth,Karratha,Perth,All Airlines,Aug-17,264,257,7,229,233,28,24,2017,8
Launceston-Melbourne,Launceston,Melbourne,All Airlines,Aug-17,303,299,4,242,243,57,56,2017,8
Launceston-Sydney,Launceston,Sydney,All Airlines,Aug-17,56,56,0,41,43,15,13,2017,8
Mackay-Brisbane,Mackay,Brisbane,All Airlines,Aug-17,300,297,3,257,273,40,24,2017,8
Melbourne-Adelaide,Melbourne,Adelaide,All Airlines,Aug-17,725,716,9,596,565,120,151,2017,8
Melbourne-Brisbane,Melbourne,Brisbane,All Airlines,Aug-17,1060,1047,13,876,905,171,142,2017,8
Melbourne-Cairns,Melbourne,Cairns,All Airlines,Aug-17,231,230,1,180,186,50,44,2017,8
Melbourne-Canberra,Melbourne,Canberra,All Airlines,Aug-17,524,506,18,441,436,65,70,2017,8
Melbourne-Darwin,Melbourne,Darwin,All Airlines,Aug-17,103,103,0,85,80,18,23,2017,8
Melbourne-Gold Coast,Melbourne,Gold Coast,All Airlines,Aug-17,459,459,0,387,394,72,65,2017,8
Melbourne-Hobart,Melbourne,Hobart,All Airlines,Aug-17,445,442,3,375,359,67,83,2017,8
Melbourne-Launceston,Melbourne,Launceston,All Airlines,Aug-17,303,300,3,237,225,63,75,2017,8
Melbourne-Mildura,Melbourne,Mildura,All Airlines,Aug-17,218,213,5,184,175,29,38,2017,8
Melbourne-Newcastle,Melbourne,Newcastle,All Airlines,Aug-17,139,139,0,109,120,30,19,2017,8
Melbourne-Perth,Melbourne,Perth,All Airlines,Aug-17,414,410,4,327,263,83,147,2017,8
Melbourne-Sunshine Coast,Melbourne,Sunshine Coast,All Airlines,Aug-17,126,126,0,104,105,22,21,2017,8
Melbourne-Sydney,Melbourne,Sydney,All Airlines,Aug-17,2481,2360,121,1921,1912,439,448,2017,8
Mildura-Melbourne,Mildura,Melbourne,All Airlines,Aug-17,218,213,5,180,169,33,44,2017,8
Moranbah-Brisbane,Moranbah,Brisbane,All Airlines,Aug-17,136,135,1,129,128,6,7,2017,8
Mount Isa-Brisbane,Mount Isa,Brisbane,All Airlines,Aug-17,76,76,0,65,60,11,16,2017,8
Newcastle-Brisbane,Newcastle,Brisbane,All Airlines,Aug-17,272,271,1,247,252,24,19,2017,8
Newcastle-Melbourne,Newcastle,Melbourne,All Airlines,Aug-17,139,139,0,121,108,18,31,2017,8
Newman-Perth,Newman,Perth,All Airlines,Aug-17,183,179,4,166,166,13,13,2017,8
Perth-Adelaide,Perth,Adelaide,All Airlines,Aug-17,211,210,1,186,190,24,20,2017,8
Perth-Brisbane,Perth,Brisbane,All Airlines,Aug-17,260,260,0,233,243,27,17,2017,8
Perth-Broome,Perth,Broome,All Airlines,Aug-17,183,183,0,157,161,26,22,2017,8
Perth-Darwin,Perth,Darwin,All Airlines,Aug-17,62,62,0,56,57,6,5,2017,8
Perth-Geraldton,Perth,Geraldton,All Airlines,Aug-17,102,100,2,91,88,9,12,2017,8
Perth-Kalgoorlie,Perth,Kalgoorlie,All Airlines,Aug-17,162,158,4,141,146,17,12,2017,8
Perth-Karratha,Perth,Karratha,All Airlines,Aug-17,265,262,3,238,232,24,30,2017,8
Perth-Melbourne,Perth,Melbourne,All Airlines,Aug-17,414,410,4,317,347,93,63,2017,8
Perth-Newman,Perth,Newman,All Airlines,Aug-17,182,180,2,167,166,13,14,2017,8
Perth-Port Hedland,Perth,Port Hedland,All Airlines,Aug-17,190,189,1,167,159,22,30,2017,8
Perth-Sydney,Perth,Sydney,All Airlines,Aug-17,387,384,3,283,337,101,47,2017,8
Port Hedland-Perth,Port Hedland,Perth,All Airlines,Aug-17,191,188,3,165,169,23,19,2017,8
Port Lincoln-Adelaide,Port Lincoln,Adelaide,All Airlines,Aug-17,334,329,5,304,297,25,32,2017,8
Port Macquarie-Sydney,Port Macquarie,Sydney,All Airlines,Aug-17,197,188,9,135,133,53,55,2017,8
Proserpine-Brisbane,Proserpine,Brisbane,All Airlines,Aug-17,79,79,0,72,75,7,4,2017,8
Rockhampton-Brisbane,Rockhampton,Brisbane,All Airlines,Aug-17,329,329,0,269,269,60,60,2017,8
Sunshine Coast-Melbourne,Sunshine Coast,Melbourne,All Airlines,Aug-17,126,126,0,85,79,41,47,2017,8
Sunshine Coast-Sydney,Sunshine Coast,Sydney,All Airlines,Aug-17,167,165,2,122,116,43,49,2017,8
Sydney-Adelaide,Sydney,Adelaide,All Airlines,Aug-17,547,541,6,453,394,88,147,2017,8
Sydney-Albury,Sydney,Albury,All Airlines,Aug-17,286,280,6,220,212,60,68,2017,8
Sydney-Armidale,Sydney,Armidale,All Airlines,Aug-17,196,190,6,127,133,63,57,2017,8
Sydney-Ayers Rock,Sydney,Ayers Rock,All Airlines,Aug-17,62,62,0,50,40,12,22,2017,8
Sydney-Ballina,Sydney,Ballina,All Airlines,Aug-17,133,130,3,115,118,15,12,2017,8
Sydney-Brisbane,Sydney,Brisbane,All Airlines,Aug-17,1478,1435,43,1217,1219,218,216,2017,8
Sydney-Cairns,Sydney,Cairns,All Airlines,Aug-17,324,321,3,275,276,46,45,2017,8
Sydney-Canberra,Sydney,Canberra,All Airlines,Aug-17,787,739,48,599,598,140,141,2017,8
Sydney-Coffs Harbour,Sydney,Coffs Harbour,All Airlines,Aug-17,222,212,10,178,191,34,21,2017,8
Sydney-Darwin,Sydney,Darwin,All Airlines,Aug-17,114,114,0,94,95,20,19,2017,8
Sydney-Dubbo,Sydney,Dubbo,All Airlines,Aug-17,276,271,5,193,206,78,65,2017,8
Sydney-Gold Coast,Sydney,Gold Coast,All Airlines,Aug-17,722,703,19,580,596,123,107,2017,8
Sydney-Hamilton Island,Sydney,Hamilton Island,All Airlines,Aug-17,93,93,0,78,79,15,14,2017,8
Sydney-Hobart,Sydney,Hobart,All Airlines,Aug-17,182,178,4,157,154,21,24,2017,8
Sydney-Launceston,Sydney,Launceston,All Airlines,Aug-17,56,56,0,50,53,6,3,2017,8
Sydney-Melbourne,Sydney,Melbourne,All Airlines,Aug-17,2483,2357,126,1928,1784,429,573,2017,8
Sydney-Perth,Sydney,Perth,All Airlines,Aug-17,386,385,1,309,236,76,149,2017,8
Sydney-Port Macquarie,Sydney,Port Macquarie,All Airlines,Aug-17,197,188,9,125,132,63,56,2017,8
Sydney-Sunshine Coast,Sydney,Sunshine Coast,All Airlines,Aug-17,167,165,2,129,140,36,25,2017,8
Sydney-Tamworth,Sydney,Tamworth,All Airlines,Aug-17,208,200,8,152,156,48,44,2017,8
Sydney-Townsville,Sydney,Townsville,All Airlines,Aug-17,53,52,1,40,43,12,9,2017,8
Sydney-Wagga Wagga,Sydney,Wagga Wagga,All Airlines,Aug-17,257,252,5,212,211,40,41,2017,8
Tamworth-Sydney,Tamworth,Sydney,All Airlines,Aug-17,209,200,9,161,157,39,43,2017,8
Townsville-Brisbane,Townsville,Brisbane,All Airlines,Aug-17,341,340,1,307,302,33,38,2017,8
Townsville-Cairns,Townsville,Cairns,All Airlines,Aug-17,187,185,2,175,176,10,9,2017,8
Townsville-Sydney,Townsville,Sydney,All Airlines,Aug-17,53,52,1,33,38,19,14,2017,8
Wagga Wagga-Sydney,Wagga Wagga,Sydney,All Airlines,Aug-17,253,248,5,208,201,40,47,2017,8
Adelaide-Alice Springs,Adelaide,Alice Springs,All Airlines,Sep-17,51,49,2,29,31,20,18,2017,9
Adelaide-Brisbane,Adelaide,Brisbane,All Airlines,Sep-17,286,281,5,233,248,48,33,2017,9
Adelaide-Canberra,Adelaide,Canberra,All Airlines,Sep-17,71,71,0,58,62,13,9,2017,9
Adelaide-Gold Coast,Adelaide,Gold Coast,All Airlines,Sep-17,60,60,0,50,54,10,6,2017,9
Adelaide-Melbourne,Adelaide,Melbourne,All Airlines,Sep-17,744,727,17,578,588,149,139,2017,9
Adelaide-Perth,Adelaide,Perth,All Airlines,Sep-17,220,214,6,177,160,37,54,2017,9
Adelaide-Port Lincoln,Adelaide,Port Lincoln,All Airlines,Sep-17,321,318,3,294,285,24,33,2017,9
Adelaide-Sydney,Adelaide,Sydney,All Airlines,Sep-17,573,546,27,408,447,138,99,2017,9
Albury-Sydney,Albury,Sydney,All Airlines,Sep-17,255,249,6,185,194,64,55,2017,9
Alice Springs-Adelaide,Alice Springs,Adelaide,All Airlines,Sep-17,50,49,1,30,33,19,16,2017,9
Alice Springs-Darwin,Alice Springs,Darwin,All Airlines,Sep-17,81,77,4,66,66,11,11,2017,9
Armidale-Sydney,Armidale,Sydney,All Airlines,Sep-17,175,166,9,112,105,54,61,2017,9
Ayers Rock-Sydney,Ayers Rock,Sydney,All Airlines,Sep-17,60,60,0,32,43,28,17,2017,9
Ballina-Sydney,Ballina,Sydney,All Airlines,Sep-17,147,143,4,102,102,41,41,2017,9
Brisbane-Adelaide,Brisbane,Adelaide,All Airlines,Sep-17,281,276,5,253,221,23,55,2017,9
Brisbane-Bundaberg,Brisbane,Bundaberg,All Airlines,Sep-17,155,153,2,121,122,32,31,2017,9
Brisbane-Cairns,Brisbane,Cairns,All Airlines,Sep-17,402,401,1,347,370,54,31,2017,9
Brisbane-Canberra,Brisbane,Canberra,All Airlines,Sep-17,259,256,3,216,199,40,57,2017,9
Brisbane-Darwin,Brisbane,Darwin,All Airlines,Sep-17,118,117,1,101,99,16,18,2017,9
Brisbane-Emerald,Brisbane,Emerald,All Airlines,Sep-17,161,161,0,138,129,23,32,2017,9
Brisbane-Gladstone,Brisbane,Gladstone,All Airlines,Sep-17,201,199,2,174,165,25,34,2017,9
Brisbane-Hamilton Island,Brisbane,Hamilton Island,All Airlines,Sep-17,64,62,2,52,55,10,7,2017,9
Brisbane-Hobart,Brisbane,Hobart,All Airlines,Sep-17,58,58,0,53,49,5,9,2017,9
Brisbane-Mackay,Brisbane,Mackay,All Airlines,Sep-17,293,291,2,249,258,42,33,2017,9
Brisbane-Melbourne,Brisbane,Melbourne,All Airlines,Sep-17,1073,1054,19,883,764,171,290,2017,9
Brisbane-Moranbah,Brisbane,Moranbah,All Airlines,Sep-17,98,97,1,84,85,13,12,2017,9
Brisbane-Mount Isa,Brisbane,Mount Isa,All Airlines,Sep-17,71,71,0,62,62,9,9,2017,9
Brisbane-Newcastle,Brisbane,Newcastle,All Airlines,Sep-17,254,248,6,205,202,43,46,2017,9
Brisbane-Perth,Brisbane,Perth,All Airlines,Sep-17,258,257,1,216,184,41,73,2017,9
Brisbane-Proserpine,Brisbane,Proserpine,All Airlines,Sep-17,84,84,0,71,75,13,9,2017,9
Brisbane-Rockhampton,Brisbane,Rockhampton,All Airlines,Sep-17,312,311,1,259,246,52,65,2017,9
Brisbane-Sydney,Brisbane,Sydney,All Airlines,Sep-17,1465,1402,63,1138,1100,264,302,2017,9
Brisbane-Townsville,Brisbane,Townsville,All Airlines,Sep-17,326,322,4,274,273,48,49,2017,9
Broome-Perth,Broome,Perth,All Airlines,Sep-17,180,179,1,146,153,33,26,2017,9
Bundaberg-Brisbane,Bundaberg,Brisbane,All Airlines,Sep-17,155,153,2,130,125,23,28,2017,9
Cairns-Brisbane,Cairns,Brisbane,All Airlines,Sep-17,403,402,1,354,360,48,42,2017,9
Cairns-Melbourne,Cairns,Melbourne,All Airlines,Sep-17,241,240,1,161,160,79,80,2017,9
Cairns-Sydney,Cairns,Sydney,All Airlines,Sep-17,319,316,3,234,255,82,61,2017,9
Cairns-Townsville,Cairns,Townsville,All Airlines,Sep-17,182,180,2,167,167,13,13,2017,9
Canberra-Adelaide,Canberra,Adelaide,All Airlines,Sep-17,71,71,0,64,63,7,8,2017,9
Canberra-Brisbane,Canberra,Brisbane,All Airlines,Sep-17,257,254,3,209,227,45,27,2017,9
Canberra-Melbourne,Canberra,Melbourne,All Airlines,Sep-17,503,487,16,419,388,68,99,2017,9
Canberra-Sydney,Canberra,Sydney,All Airlines,Sep-17,727,668,59,533,550,135,118,2017,9
Coffs Harbour-Sydney,Coffs Harbour,Sydney,All Airlines,Sep-17,211,200,11,158,152,42,48,2017,9
Darwin-Alice Springs,Darwin,Alice Springs,All Airlines,Sep-17,80,77,3,72,69,5,8,2017,9
Darwin-Brisbane,Darwin,Brisbane,All Airlines,Sep-17,118,117,1,95,103,22,14,2017,9
Darwin-Melbourne,Darwin,Melbourne,All Airlines,Sep-17,90,90,0,64,77,26,13,2017,9
Darwin-Perth,Darwin,Perth,All Airlines,Sep-17,63,62,1,53,54,9,8,2017,9
Darwin-Sydney,Darwin,Sydney,All Airlines,Sep-17,105,105,0,75,81,30,24,2017,9
Dubbo-Sydney,Dubbo,Sydney,All Airlines,Sep-17,258,250,8,201,206,49,44,2017,9
Emerald-Brisbane,Emerald,Brisbane,All Airlines,Sep-17,161,161,0,130,131,31,30,2017,9
Geraldton-Perth,Geraldton,Perth,All Airlines,Sep-17,98,97,1,80,81,17,16,2017,9
Gladstone-Brisbane,Gladstone,Brisbane,All Airlines,Sep-17,199,198,1,169,174,29,24,2017,9
Gold Coast-Adelaide,Gold Coast,Adelaide,All Airlines,Sep-17,60,60,0,55,44,5,16,2017,9
Gold Coast-Melbourne,Gold Coast,Melbourne,All Airlines,Sep-17,506,504,2,381,356,123,148,2017,9
Gold Coast-Sydney,Gold Coast,Sydney,All Airlines,Sep-17,769,741,28,536,537,205,204,2017,9
Hamilton Island-Brisbane,Hamilton Island,Brisbane,All Airlines,Sep-17,64,62,2,53,56,9,6,2017,9
Hamilton Island-Sydney,Hamilton Island,Sydney,All Airlines,Sep-17,87,84,3,63,66,21,18,2017,9
Hobart-Brisbane,Hobart,Brisbane,All Airlines,Sep-17,58,58,0,41,45,17,13,2017,9
Hobart-Melbourne,Hobart,Melbourne,All Airlines,Sep-17,447,445,2,297,283,148,162,2017,9
Hobart-Sydney,Hobart,Sydney,All Airlines,Sep-17,192,190,2,139,149,51,41,2017,9
Kalgoorlie-Perth,Kalgoorlie,Perth,All Airlines,Sep-17,145,140,5,122,121,18,19,2017,9
Karratha-Perth,Karratha,Perth,All Airlines,Sep-17,253,241,12,224,225,17,16,2017,9
Launceston-Melbourne,Launceston,Melbourne,All Airlines,Sep-17,314,314,0,241,241,73,73,2017,9
Launceston-Sydney,Launceston,Sydney,All Airlines,Sep-17,62,62,0,44,47,18,15,2017,9
Mackay-Brisbane,Mackay,Brisbane,All Airlines,Sep-17,295,294,1,253,267,41,27,2017,9
Melbourne-Adelaide,Melbourne,Adelaide,All Airlines,Sep-17,740,727,13,591,553,136,174,2017,9
Melbourne-Brisbane,Melbourne,Brisbane,All Airlines,Sep-17,1082,1069,13,838,895,231,174,2017,9
Melbourne-Cairns,Melbourne,Cairns,All Airlines,Sep-17,240,239,1,183,174,56,65,2017,9
Melbourne-Canberra,Melbourne,Canberra,All Airlines,Sep-17,501,486,15,409,416,77,70,2017,9
Melbourne-Darwin,Melbourne,Darwin,All Airlines,Sep-17,90,90,0,75,58,15,32,2017,9
Melbourne-Gold Coast,Melbourne,Gold Coast,All Airlines,Sep-17,508,507,1,384,410,123,97,2017,9
Melbourne-Hobart,Melbourne,Hobart,All Airlines,Sep-17,445,442,3,337,299,105,143,2017,9
Melbourne-Launceston,Melbourne,Launceston,All Airlines,Sep-17,314,314,0,257,245,57,69,2017,9
Melbourne-Mildura,Melbourne,Mildura,All Airlines,Sep-17,207,207,0,182,173,25,34,2017,9
Melbourne-Newcastle,Melbourne,Newcastle,All Airlines,Sep-17,144,143,1,96,107,47,36,2017,9
Melbourne-Perth,Melbourne,Perth,All Airlines,Sep-17,425,419,6,303,291,116,128,2017,9
Melbourne-Sunshine Coast,Melbourne,Sunshine Coast,All Airlines,Sep-17,149,148,1,110,122,38,26,2017,9
Melbourne-Sydney,Melbourne,Sydney,All Airlines,Sep-17,2434,2253,181,1682,1735,571,518,2017,9
Mildura-Melbourne,Mildura,Melbourne,All Airlines,Sep-17,208,208,0,169,168,39,40,2017,9
Moranbah-Brisbane,Moranbah,Brisbane,All Airlines,Sep-17,94,93,1,81,79,12,14,2017,9
Mount Isa-Brisbane,Mount Isa,Brisbane,All Airlines,Sep-17,72,71,1,60,59,11,12,2017,9
Newcastle-Brisbane,Newcastle,Brisbane,All Airlines,Sep-17,254,248,6,210,219,38,29,2017,9
Newcastle-Melbourne,Newcastle,Melbourne,All Airlines,Sep-17,144,143,1,107,98,36,45,2017,9
Newman-Perth,Newman,Perth,All Airlines,Sep-17,159,158,1,138,141,20,17,2017,9
Perth-Adelaide,Perth,Adelaide,All Airlines,Sep-17,227,220,7,195,197,25,23,2017,9
Perth-Brisbane,Perth,Brisbane,All Airlines,Sep-17,251,251,0,207,220,44,31,2017,9
Perth-Broome,Perth,Broome,All Airlines,Sep-17,180,180,0,148,148,32,32,2017,9
Perth-Darwin,Perth,Darwin,All Airlines,Sep-17,63,62,1,56,57,6,5,2017,9
Perth-Geraldton,Perth,Geraldton,All Airlines,Sep-17,98,97,1,73,78,24,19,2017,9
Perth-Kalgoorlie,Perth,Kalgoorlie,All Airlines,Sep-17,146,141,5,127,125,14,16,2017,9
Perth-Karratha,Perth,Karratha,All Airlines,Sep-17,254,244,10,221,216,23,28,2017,9
Perth-Melbourne,Perth,Melbourne,All Airlines,Sep-17,433,426,7,311,338,115,88,2017,9
Perth-Newman,Perth,Newman,All Airlines,Sep-17,159,159,0,142,137,17,22,2017,9
Perth-Port Hedland,Perth,Port Hedland,All Airlines,Sep-17,186,180,6,158,155,22,25,2017,9
Perth-Sydney,Perth,Sydney,All Airlines,Sep-17,378,372,6,274,322,98,50,2017,9
Port Hedland-Perth,Port Hedland,Perth,All Airlines,Sep-17,186,180,6,160,163,20,17,2017,9
Port Lincoln-Adelaide,Port Lincoln,Adelaide,All Airlines,Sep-17,323,320,3,291,285,29,35,2017,9
Port Macquarie-Sydney,Port Macquarie,Sydney,All Airlines,Sep-17,179,172,7,112,108,60,64,2017,9
Proserpine-Brisbane,Proserpine,Brisbane,All Airlines,Sep-17,84,84,0,67,67,17,17,2017,9
Rockhampton-Brisbane,Rockhampton,Brisbane,All Airlines,Sep-17,313,310,3,256,256,54,54,2017,9
Sunshine Coast-Melbourne,Sunshine Coast,Melbourne,All Airlines,Sep-17,149,147,2,89,85,58,62,2017,9
Sunshine Coast-Sydney,Sunshine Coast,Sydney,All Airlines,Sep-17,186,181,5,128,124,53,57,2017,9
Sydney-Adelaide,Sydney,Adelaide,All Airlines,Sep-17,578,551,27,442,368,109,183,2017,9
Sydney-Albury,Sydney,Albury,All Airlines,Sep-17,254,249,5,201,182,48,67,2017,9
Sydney-Armidale,Sydney,Armidale,All Airlines,Sep-17,174,168,6,116,117,52,51,2017,9
Sydney-Ayers Rock,Sydney,Ayers Rock,All Airlines,Sep-17,61,61,0,53,36,8,25,2017,9
Sydney-Ballina,Sydney,Ballina,All Airlines,Sep-17,146,144,2,116,114,28,30,2017,9
Sydney-Brisbane,Sydney,Brisbane,All Airlines,Sep-17,1455,1401,54,1132,1123,269,278,2017,9
Sydney-Cairns,Sydney,Cairns,All Airlines,Sep-17,317,314,3,254,261,60,53,2017,9
Sydney-Canberra,Sydney,Canberra,All Airlines,Sep-17,730,671,59,520,519,151,152,2017,9
Sydney-Coffs Harbour,Sydney,Coffs Harbour,All Airlines,Sep-17,211,200,11,156,169,44,31,2017,9
Sydney-Darwin,Sydney,Darwin,All Airlines,Sep-17,104,104,0,79,82,25,22,2017,9
Sydney-Dubbo,Sydney,Dubbo,All Airlines,Sep-17,257,249,8,199,196,50,53,2017,9
Sydney-Gold Coast,Sydney,Gold Coast,All Airlines,Sep-17,769,743,26,574,565,169,178,2017,9
Sydney-Hamilton Island,Sydney,Hamilton Island,All Airlines,Sep-17,87,84,3,64,67,20,17,2017,9
Sydney-Hobart,Sydney,Hobart,All Airlines,Sep-17,192,191,1,157,156,34,35,2017,9
Sydney-Launceston,Sydney,Launceston,All Airlines,Sep-17,63,63,0,53,56,10,7,2017,9
Sydney-Melbourne,Sydney,Melbourne,All Airlines,Sep-17,2435,2252,183,1761,1457,491,795,2017,9
Sydney-Perth,Sydney,Perth,All Airlines,Sep-17,376,372,4,280,230,92,142,2017,9
Sydney-Port Macquarie,Sydney,Port Macquarie,All Airlines,Sep-17,178,171,7,109,114,62,57,2017,9
Sydney-Sunshine Coast,Sydney,Sunshine Coast,All Airlines,Sep-17,186,181,5,142,147,39,34,2017,9
Sydney-Tamworth,Sydney,Tamworth,All Airlines,Sep-17,189,178,11,136,136,42,42,2017,9
Sydney-Townsville,Sydney,Townsville,All Airlines,Sep-17,54,54,0,47,44,7,10,2017,9
Sydney-Wagga Wagga,Sydney,Wagga Wagga,All Airlines,Sep-17,241,233,8,202,200,31,33,2017,9
Tamworth-Sydney,Tamworth,Sydney,All Airlines,Sep-17,191,179,12,141,141,38,38,2017,9
Townsville-Brisbane,Townsville,Brisbane,All Airlines,Sep-17,326,322,4,277,283,45,39,2017,9
Townsville-Cairns,Townsville,Cairns,All Airlines,Sep-17,180,178,2,165,169,13,9,2017,9
Townsville-Sydney,Townsville,Sydney,All Airlines,Sep-17,53,53,0,41,44,12,9,2017,9
Wagga Wagga-Sydney,Wagga Wagga,Sydney,All Airlines,Sep-17,244,235,9,194,197,41,38,2017,9
Adelaide-Alice Springs,Adelaide,Alice Springs,All Airlines,Oct-17,57,54,3,42,40,12,14,2017,10
Adelaide-Brisbane,Adelaide,Brisbane,All Airlines,Oct-17,303,297,6,244,238,53,59,2017,10
Adelaide-Canberra,Adelaide,Canberra,All Airlines,Oct-17,76,76,0,65,67,11,9,2017,10
Adelaide-Gold Coast,Adelaide,Gold Coast,All Airlines,Oct-17,63,63,0,60,57,3,6,2017,10
Adelaide-Melbourne,Adelaide,Melbourne,All Airlines,Oct-17,744,737,7,596,612,141,125,2017,10
Adelaide-Perth,Adelaide,Perth,All Airlines,Oct-17,230,225,5,193,197,32,28,2017,10
Adelaide-Port Lincoln,Adelaide,Port Lincoln,All Airlines,Oct-17,335,324,11,303,294,21,30,2017,10
Adelaide-Sydney,Adelaide,Sydney,All Airlines,Oct-17,586,572,14,491,462,81,110,2017,10
Albury-Sydney,Albury,Sydney,All Airlines,Oct-17,248,247,1,204,196,43,51,2017,10
Alice Springs-Adelaide,Alice Springs,Adelaide,All Airlines,Oct-17,52,52,0,39,42,13,10,2017,10
Alice Springs-Darwin,Alice Springs,Darwin,All Airlines,Oct-17,82,78,4,63,63,15,15,2017,10
Armidale-Sydney,Armidale,Sydney,All Airlines,Oct-17,197,193,4,139,132,54,61,2017,10
Ayers Rock-Sydney,Ayers Rock,Sydney,All Airlines,Oct-17,61,60,1,46,51,14,9,2017,10
Ballina-Sydney,Ballina,Sydney,All Airlines,Oct-17,152,151,1,112,117,39,34,2017,10
Brisbane-Adelaide,Brisbane,Adelaide,All Airlines,Oct-17,303,297,6,249,258,48,39,2017,10
Brisbane-Bundaberg,Brisbane,Bundaberg,All Airlines,Oct-17,154,146,8,110,107,36,39,2017,10
Brisbane-Cairns,Brisbane,Cairns,All Airlines,Oct-17,414,412,2,330,333,82,79,2017,10
Brisbane-Canberra,Brisbane,Canberra,All Airlines,Oct-17,269,255,14,188,192,67,63,2017,10
Brisbane-Darwin,Brisbane,Darwin,All Airlines,Oct-17,122,122,0,105,105,17,17,2017,10
Brisbane-Emerald,Brisbane,Emerald,All Airlines,Oct-17,171,163,8,127,121,36,42,2017,10
Brisbane-Gladstone,Brisbane,Gladstone,All Airlines,Oct-17,206,206,0,157,146,49,60,2017,10
Brisbane-Hamilton Island,Brisbane,Hamilton Island,All Airlines,Oct-17,66,61,5,50,52,11,9,2017,10
Brisbane-Hobart,Brisbane,Hobart,All Airlines,Oct-17,60,60,0,53,49,7,11,2017,10
Brisbane-Mackay,Brisbane,Mackay,All Airlines,Oct-17,300,294,6,236,235,58,59,2017,10
Brisbane-Melbourne,Brisbane,Melbourne,All Airlines,Oct-17,1109,1085,24,841,835,244,250,2017,10
Brisbane-Mount Isa,Brisbane,Mount Isa,All Airlines,Oct-17,75,70,5,54,53,16,17,2017,10
Brisbane-Newcastle,Brisbane,Newcastle,All Airlines,Oct-17,265,256,9,184,195,72,61,2017,10
Brisbane-Perth,Brisbane,Perth,All Airlines,Oct-17,268,266,2,216,229,50,37,2017,10
Brisbane-Proserpine,Brisbane,Proserpine,All Airlines,Oct-17,84,84,0,75,73,9,11,2017,10
Brisbane-Rockhampton,Brisbane,Rockhampton,All Airlines,Oct-17,320,320,0,217,189,103,131,2017,10
Brisbane-Sydney,Brisbane,Sydney,All Airlines,Oct-17,1473,1426,47,1119,1098,307,328,2017,10
Brisbane-Townsville,Brisbane,Townsville,All Airlines,Oct-17,332,321,11,248,239,73,82,2017,10
Broome-Perth,Broome,Perth,All Airlines,Oct-17,185,177,8,130,147,47,30,2017,10
Bundaberg-Brisbane,Bundaberg,Brisbane,All Airlines,Oct-17,155,147,8,111,101,36,46,2017,10
Cairns-Brisbane,Cairns,Brisbane,All Airlines,Oct-17,413,411,2,320,314,91,97,2017,10
Cairns-Melbourne,Cairns,Melbourne,All Airlines,Oct-17,231,231,0,170,170,61,61,2017,10
Cairns-Sydney,Cairns,Sydney,All Airlines,Oct-17,326,325,1,270,267,55,58,2017,10
Cairns-Townsville,Cairns,Townsville,All Airlines,Oct-17,186,182,4,161,159,21,23,2017,10
Canberra-Adelaide,Canberra,Adelaide,All Airlines,Oct-17,76,76,0,64,66,12,10,2017,10
Canberra-Brisbane,Canberra,Brisbane,All Airlines,Oct-17,270,256,14,194,199,62,57,2017,10
Canberra-Melbourne,Canberra,Melbourne,All Airlines,Oct-17,518,501,17,424,412,77,89,2017,10
Canberra-Sydney,Canberra,Sydney,All Airlines,Oct-17,731,683,48,569,563,114,120,2017,10
Coffs Harbour-Sydney,Coffs Harbour,Sydney,All Airlines,Oct-17,223,218,5,178,172,40,46,2017,10
Darwin-Alice Springs,Darwin,Alice Springs,All Airlines,Oct-17,81,77,4,64,62,13,15,2017,10
Darwin-Brisbane,Darwin,Brisbane,All Airlines,Oct-17,122,122,0,103,97,19,25,2017,10
Darwin-Melbourne,Darwin,Melbourne,All Airlines,Oct-17,93,93,0,75,79,18,14,2017,10
Darwin-Perth,Darwin,Perth,All Airlines,Oct-17,64,64,0,60,61,4,3,2017,10
Darwin-Sydney,Darwin,Sydney,All Airlines,Oct-17,108,108,0,85,87,23,21,2017,10
Dubbo-Sydney,Dubbo,Sydney,All Airlines,Oct-17,269,265,4,210,201,55,64,2017,10
Emerald-Brisbane,Emerald,Brisbane,All Airlines,Oct-17,170,161,9,113,111,48,50,2017,10
Geraldton-Perth,Geraldton,Perth,All Airlines,Oct-17,101,99,2,85,85,14,14,2017,10
Gladstone-Brisbane,Gladstone,Brisbane,All Airlines,Oct-17,206,206,0,147,149,59,57,2017,10
Gold Coast-Adelaide,Gold Coast,Adelaide,All Airlines,Oct-17,63,63,0,54,57,9,6,2017,10
Gold Coast-Melbourne,Gold Coast,Melbourne,All Airlines,Oct-17,536,532,4,358,413,174,119,2017,10
Gold Coast-Sydney,Gold Coast,Sydney,All Airlines,Oct-17,792,780,12,549,584,231,196,2017,10
Hamilton Island-Brisbane,Hamilton Island,Brisbane,All Airlines,Oct-17,67,60,7,47,46,13,14,2017,10
Hamilton Island-Sydney,Hamilton Island,Sydney,All Airlines,Oct-17,86,81,5,67,69,14,12,2017,10
Hobart-Brisbane,Hobart,Brisbane,All Airlines,Oct-17,61,61,0,41,38,20,23,2017,10
Hobart-Melbourne,Hobart,Melbourne,All Airlines,Oct-17,471,462,9,310,301,152,161,2017,10
Hobart-Sydney,Hobart,Sydney,All Airlines,Oct-17,220,217,3,165,164,52,53,2017,10
Kalgoorlie-Perth,Kalgoorlie,Perth,All Airlines,Oct-17,150,149,1,134,134,15,15,2017,10
Karratha-Perth,Karratha,Perth,All Airlines,Oct-17,254,243,11,225,229,18,14,2017,10
Launceston-Melbourne,Launceston,Melbourne,All Airlines,Oct-17,329,328,1,272,253,56,75,2017,10
Launceston-Sydney,Launceston,Sydney,All Airlines,Oct-17,70,69,1,54,51,15,18,2017,10
Mackay-Brisbane,Mackay,Brisbane,All Airlines,Oct-17,299,293,6,217,219,76,74,2017,10
Melbourne-Adelaide,Melbourne,Adelaide,All Airlines,Oct-17,745,741,4,614,603,127,138,2017,10
Melbourne-Brisbane,Melbourne,Brisbane,All Airlines,Oct-17,1107,1081,26,839,824,242,257,2017,10
Melbourne-Cairns,Melbourne,Cairns,All Airlines,Oct-17,232,232,0,195,185,37,47,2017,10
Melbourne-Canberra,Melbourne,Canberra,All Airlines,Oct-17,520,502,18,423,410,79,92,2017,10
Melbourne-Darwin,Melbourne,Darwin,All Airlines,Oct-17,93,93,0,78,78,15,15,2017,10
Melbourne-Gold Coast,Melbourne,Gold Coast,All Airlines,Oct-17,537,533,4,440,402,93,131,2017,10
Melbourne-Hobart,Melbourne,Hobart,All Airlines,Oct-17,472,464,8,372,340,92,124,2017,10
Melbourne-Launceston,Melbourne,Launceston,All Airlines,Oct-17,328,327,1,269,263,58,64,2017,10
Melbourne-Mildura,Melbourne,Mildura,All Airlines,Oct-17,214,209,5,185,174,24,35,2017,10
Melbourne-Newcastle,Melbourne,Newcastle,All Airlines,Oct-17,150,150,0,111,108,39,42,2017,10
Melbourne-Perth,Melbourne,Perth,All Airlines,Oct-17,447,446,1,322,329,124,117,2017,10
Melbourne-Sunshine Coast,Melbourne,Sunshine Coast,All Airlines,Oct-17,155,155,0,131,133,24,22,2017,10
Melbourne-Sydney,Melbourne,Sydney,All Airlines,Oct-17,2445,2337,108,1897,1782,440,555,2017,10
Mildura-Melbourne,Mildura,Melbourne,All Airlines,Oct-17,213,208,5,175,169,33,39,2017,10
Mount Isa-Brisbane,Mount Isa,Brisbane,All Airlines,Oct-17,75,67,8,54,40,13,27,2017,10
Newcastle-Brisbane,Newcastle,Brisbane,All Airlines,Oct-17,265,256,9,208,209,48,47,2017,10
Newcastle-Melbourne,Newcastle,Melbourne,All Airlines,Oct-17,150,150,0,108,110,42,40,2017,10
Newman-Perth,Newman,Perth,All Airlines,Oct-17,174,166,8,155,154,11,12,2017,10
Perth-Adelaide,Perth,Adelaide,All Airlines,Oct-17,233,229,4,197,197,32,32,2017,10
Perth-Brisbane,Perth,Brisbane,All Airlines,Oct-17,263,263,0,235,225,28,38,2017,10
Perth-Broome,Perth,Broome,All Airlines,Oct-17,186,178,8,143,150,35,28,2017,10
Perth-Darwin,Perth,Darwin,All Airlines,Oct-17,64,64,0,62,61,2,3,2017,10
Perth-Geraldton,Perth,Geraldton,All Airlines,Oct-17,101,99,2,79,82,20,17,2017,10
Perth-Kalgoorlie,Perth,Kalgoorlie,All Airlines,Oct-17,149,148,1,135,136,13,12,2017,10
Perth-Karratha,Perth,Karratha,All Airlines,Oct-17,256,248,8,220,223,28,25,2017,10
Perth-Melbourne,Perth,Melbourne,All Airlines,Oct-17,443,439,4,360,369,79,70,2017,10
Perth-Newman,Perth,Newman,All Airlines,Oct-17,173,167,6,160,157,7,10,2017,10
Perth-Port Hedland,Perth,Port Hedland,All Airlines,Oct-17,188,179,9,156,156,23,23,2017,10
Perth-Sydney,Perth,Sydney,All Airlines,Oct-17,390,387,3,321,342,66,45,2017,10
Port Hedland-Perth,Port Hedland,Perth,All Airlines,Oct-17,189,174,15,156,157,18,17,2017,10
Port Lincoln-Adelaide,Port Lincoln,Adelaide,All Airlines,Oct-17,332,321,11,296,292,25,29,2017,10
Port Macquarie-Sydney,Port Macquarie,Sydney,All Airlines,Oct-17,188,184,4,118,126,66,58,2017,10
Proserpine-Brisbane,Proserpine,Brisbane,All Airlines,Oct-17,84,84,0,72,66,12,18,2017,10
Rockhampton-Brisbane,Rockhampton,Brisbane,All Airlines,Oct-17,318,317,1,201,199,116,118,2017,10
Sunshine Coast-Melbourne,Sunshine Coast,Melbourne,All Airlines,Oct-17,153,151,2,93,115,58,36,2017,10
Sunshine Coast-Sydney,Sunshine Coast,Sydney,All Airlines,Oct-17,210,205,5,143,155,62,50,2017,10
Sydney-Adelaide,Sydney,Adelaide,All Airlines,Oct-17,581,567,14,461,483,106,84,2017,10
Sydney-Albury,Sydney,Albury,All Airlines,Oct-17,249,248,1,173,178,75,70,2017,10
Sydney-Armidale,Sydney,Armidale,All Airlines,Oct-17,199,196,3,137,137,59,59,2017,10
Sydney-Ayers Rock,Sydney,Ayers Rock,All Airlines,Oct-17,61,61,0,55,55,6,6,2017,10
Sydney-Ballina,Sydney,Ballina,All Airlines,Oct-17,153,152,1,131,129,21,23,2017,10
Sydney-Brisbane,Sydney,Brisbane,All Airlines,Oct-17,1479,1438,41,1128,1084,310,354,2017,10
Sydney-Cairns,Sydney,Cairns,All Airlines,Oct-17,327,327,0,270,286,57,41,2017,10
Sydney-Canberra,Sydney,Canberra,All Airlines,Oct-17,726,683,43,537,554,146,129,2017,10
Sydney-Coffs Harbour,Sydney,Coffs Harbour,All Airlines,Oct-17,223,218,5,170,175,48,43,2017,10
Sydney-Darwin,Sydney,Darwin,All Airlines,Oct-17,108,108,0,87,92,21,16,2017,10
Sydney-Dubbo,Sydney,Dubbo,All Airlines,Oct-17,268,262,6,189,186,73,76,2017,10
Sydney-Gold Coast,Sydney,Gold Coast,All Airlines,Oct-17,792,779,13,608,591,171,188,2017,10
Sydney-Hamilton Island,Sydney,Hamilton Island,All Airlines,Oct-17,86,82,4,71,72,11,10,2017,10
Sydney-Hobart,Sydney,Hobart,All Airlines,Oct-17,222,219,3,182,184,37,35,2017,10
Sydney-Launceston,Sydney,Launceston,All Airlines,Oct-17,69,69,0,53,60,16,9,2017,10
Sydney-Melbourne,Sydney,Melbourne,All Airlines,Oct-17,2448,2342,106,1778,1772,564,570,2017,10
Sydney-Perth,Sydney,Perth,All Airlines,Oct-17,392,389,3,300,309,89,80,2017,10
Sydney-Port Macquarie,Sydney,Port Macquarie,All Airlines,Oct-17,189,185,4,120,117,65,68,2017,10
Sydney-Sunshine Coast,Sydney,Sunshine Coast,All Airlines,Oct-17,210,206,4,156,160,50,46,2017,10
Sydney-Tamworth,Sydney,Tamworth,All Airlines,Oct-17,195,189,6,157,153,32,36,2017,10
Sydney-Townsville,Sydney,Townsville,All Airlines,Oct-17,59,57,2,46,49,11,8,2017,10
Sydney-Wagga Wagga,Sydney,Wagga Wagga,All Airlines,Oct-17,248,246,2,207,212,39,34,2017,10
Tamworth-Sydney,Tamworth,Sydney,All Airlines,Oct-17,193,186,7,153,156,33,30,2017,10
Townsville-Brisbane,Townsville,Brisbane,All Airlines,Oct-17,332,320,12,244,232,76,88,2017,10
Townsville-Cairns,Townsville,Cairns,All Airlines,Oct-17,178,170,8,153,151,17,19,2017,10
Townsville-Sydney,Townsville,Sydney,All Airlines,Oct-17,60,58,2,43,45,15,13,2017,10
Wagga Wagga-Sydney,Wagga Wagga,Sydney,All Airlines,Oct-17,247,243,4,207,202,36,41,2017,10
Adelaide-Alice Springs,Adelaide,Alice Springs,All Airlines,Nov-17,52,52,0,45,44,7,8,2017,11
Adelaide-Brisbane,Adelaide,Brisbane,All Airlines,Nov-17,293,291,2,253,237,38,54,2017,11
Adelaide-Canberra,Adelaide,Canberra,All Airlines,Nov-17,74,74,0,63,60,11,14,2017,11
Adelaide-Gold Coast,Adelaide,Gold Coast,All Airlines,Nov-17,60,60,0,54,57,6,3,2017,11
Adelaide-Melbourne,Adelaide,Melbourne,All Airlines,Nov-17,730,725,5,583,570,142,155,2017,11
Adelaide-Perth,Adelaide,Perth,All Airlines,Nov-17,211,211,0,186,180,25,31,2017,11
Adelaide-Port Lincoln,Adelaide,Port Lincoln,All Airlines,Nov-17,321,309,12,272,272,37,37,2017,11
Adelaide-Sydney,Adelaide,Sydney,All Airlines,Nov-17,584,576,8,499,490,77,86,2017,11
Albury-Sydney,Albury,Sydney,All Airlines,Nov-17,255,250,5,212,215,38,35,2017,11
Alice Springs-Adelaide,Alice Springs,Adelaide,All Airlines,Nov-17,52,52,0,47,47,5,5,2017,11
Alice Springs-Darwin,Alice Springs,Darwin,All Airlines,Nov-17,74,72,2,62,61,10,11,2017,11
Armidale-Sydney,Armidale,Sydney,All Airlines,Nov-17,191,184,7,138,136,46,48,2017,11
Ayers Rock-Sydney,Ayers Rock,Sydney,All Airlines,Nov-17,52,52,0,39,38,13,14,2017,11
Ballina-Sydney,Ballina,Sydney,All Airlines,Nov-17,124,124,0,79,91,45,33,2017,11
Brisbane-Adelaide,Brisbane,Adelaide,All Airlines,Nov-17,293,291,2,254,257,37,34,2017,11
Brisbane-Bundaberg,Brisbane,Bundaberg,All Airlines,Nov-17,151,150,1,122,120,28,30,2017,11
Brisbane-Cairns,Brisbane,Cairns,All Airlines,Nov-17,381,380,1,316,305,64,75,2017,11
Brisbane-Canberra,Brisbane,Canberra,All Airlines,Nov-17,254,249,5,202,204,47,45,2017,11
Brisbane-Darwin,Brisbane,Darwin,All Airlines,Nov-17,111,111,0,97,75,14,36,2017,11
Brisbane-Emerald,Brisbane,Emerald,All Airlines,Nov-17,160,157,3,132,132,25,25,2017,11
Brisbane-Gladstone,Brisbane,Gladstone,All Airlines,Nov-17,198,196,2,161,153,35,43,2017,11
Brisbane-Hamilton Island,Brisbane,Hamilton Island,All Airlines,Nov-17,67,66,1,56,56,10,10,2017,11
Brisbane-Hobart,Brisbane,Hobart,All Airlines,Nov-17,60,60,0,58,58,2,2,2017,11
Brisbane-Mackay,Brisbane,Mackay,All Airlines,Nov-17,273,273,0,231,229,42,44,2017,11
Brisbane-Melbourne,Brisbane,Melbourne,All Airlines,Nov-17,1069,1052,17,820,780,232,272,2017,11
Brisbane-Mount Isa,Brisbane,Mount Isa,All Airlines,Nov-17,71,69,2,62,59,7,10,2017,11
Brisbane-Newcastle,Brisbane,Newcastle,All Airlines,Nov-17,261,257,4,215,218,42,39,2017,11
Brisbane-Perth,Brisbane,Perth,All Airlines,Nov-17,250,250,0,204,206,46,44,2017,11
Brisbane-Proserpine,Brisbane,Proserpine,All Airlines,Nov-17,81,81,0,74,73,7,8,2017,11
Brisbane-Rockhampton,Brisbane,Rockhampton,All Airlines,Nov-17,311,311,0,237,222,74,89,2017,11
Brisbane-Sydney,Brisbane,Sydney,All Airlines,Nov-17,1424,1396,28,1133,1114,263,282,2017,11
Brisbane-Townsville,Brisbane,Townsville,All Airlines,Nov-17,317,311,6,257,248,54,63,2017,11
Broome-Perth,Broome,Perth,All Airlines,Nov-17,163,161,2,142,143,19,18,2017,11
Bundaberg-Brisbane,Bundaberg,Brisbane,All Airlines,Nov-17,150,149,1,121,111,28,38,2017,11
Cairns-Brisbane,Cairns,Brisbane,All Airlines,Nov-17,381,380,1,291,304,89,76,2017,11
Cairns-Melbourne,Cairns,Melbourne,All Airlines,Nov-17,184,184,0,124,115,60,69,2017,11
Cairns-Sydney,Cairns,Sydney,All Airlines,Nov-17,278,277,1,229,241,48,36,2017,11
Cairns-Townsville,Cairns,Townsville,All Airlines,Nov-17,165,164,1,148,148,16,16,2017,11
Canberra-Adelaide,Canberra,Adelaide,All Airlines,Nov-17,74,74,0,67,67,7,7,2017,11
Canberra-Brisbane,Canberra,Brisbane,All Airlines,Nov-17,253,251,2,207,202,44,49,2017,11
Canberra-Melbourne,Canberra,Melbourne,All Airlines,Nov-17,509,491,18,407,391,84,100,2017,11
Canberra-Sydney,Canberra,Sydney,All Airlines,Nov-17,743,707,36,597,595,110,112,2017,11
Coffs Harbour-Sydney,Coffs Harbour,Sydney,All Airlines,Nov-17,218,215,3,179,175,36,40,2017,11
Darwin-Alice Springs,Darwin,Alice Springs,All Airlines,Nov-17,74,73,1,68,67,5,6,2017,11
Darwin-Brisbane,Darwin,Brisbane,All Airlines,Nov-17,112,111,1,83,90,28,21,2017,11
Darwin-Melbourne,Darwin,Melbourne,All Airlines,Nov-17,82,82,0,67,71,15,11,2017,11
Darwin-Perth,Darwin,Perth,All Airlines,Nov-17,60,58,2,44,43,14,15,2017,11
Darwin-Sydney,Darwin,Sydney,All Airlines,Nov-17,94,94,0,72,84,22,10,2017,11
Dubbo-Sydney,Dubbo,Sydney,All Airlines,Nov-17,266,252,14,212,206,40,46,2017,11
Emerald-Brisbane,Emerald,Brisbane,All Airlines,Nov-17,162,158,4,125,115,33,43,2017,11
Geraldton-Perth,Geraldton,Perth,All Airlines,Nov-17,99,97,2,80,81,17,16,2017,11
Gladstone-Brisbane,Gladstone,Brisbane,All Airlines,Nov-17,196,194,2,152,145,42,49,2017,11
Gold Coast-Adelaide,Gold Coast,Adelaide,All Airlines,Nov-17,60,60,0,56,56,4,4,2017,11
Gold Coast-Melbourne,Gold Coast,Melbourne,All Airlines,Nov-17,466,462,4,310,339,152,123,2017,11
Gold Coast-Sydney,Gold Coast,Sydney,All Airlines,Nov-17,755,748,7,594,608,154,140,2017,11
Hamilton Island-Brisbane,Hamilton Island,Brisbane,All Airlines,Nov-17,67,66,1,56,55,10,11,2017,11
Hamilton Island-Sydney,Hamilton Island,Sydney,All Airlines,Nov-17,85,83,2,70,71,13,12,2017,11
Hobart-Brisbane,Hobart,Brisbane,All Airlines,Nov-17,60,60,0,52,51,8,9,2017,11
Hobart-Melbourne,Hobart,Melbourne,All Airlines,Nov-17,490,467,23,297,303,170,164,2017,11
Hobart-Sydney,Hobart,Sydney,All Airlines,Nov-17,207,201,6,140,141,61,60,2017,11
Kalgoorlie-Perth,Kalgoorlie,Perth,All Airlines,Nov-17,148,148,0,135,136,13,12,2017,11
Karratha-Perth,Karratha,Perth,All Airlines,Nov-17,255,246,9,218,219,28,27,2017,11
Launceston-Melbourne,Launceston,Melbourne,All Airlines,Nov-17,354,345,9,259,266,86,79,2017,11
Launceston-Sydney,Launceston,Sydney,All Airlines,Nov-17,78,77,1,54,49,23,28,2017,11
Mackay-Brisbane,Mackay,Brisbane,All Airlines,Nov-17,276,274,2,240,238,34,36,2017,11
Melbourne-Adelaide,Melbourne,Adelaide,All Airlines,Nov-17,728,723,5,595,594,128,129,2017,11
Melbourne-Brisbane,Melbourne,Brisbane,All Airlines,Nov-17,1048,1034,14,830,746,204,288,2017,11
Melbourne-Cairns,Melbourne,Cairns,All Airlines,Nov-17,184,184,0,153,149,31,35,2017,11
Melbourne-Canberra,Melbourne,Canberra,All Airlines,Nov-17,508,492,16,415,396,77,96,2017,11
Melbourne-Darwin,Melbourne,Darwin,All Airlines,Nov-17,82,82,0,72,64,10,18,2017,11
Melbourne-Gold Coast,Melbourne,Gold Coast,All Airlines,Nov-17,466,462,4,365,342,97,120,2017,11
Melbourne-Hobart,Melbourne,Hobart,All Airlines,Nov-17,487,469,18,349,326,120,143,2017,11
Melbourne-Launceston,Melbourne,Launceston,All Airlines,Nov-17,354,345,9,286,277,59,68,2017,11
Melbourne-Mildura,Melbourne,Mildura,All Airlines,Nov-17,209,207,2,179,173,28,34,2017,11
Melbourne-Newcastle,Melbourne,Newcastle,All Airlines,Nov-17,132,132,0,94,87,38,45,2017,11
Melbourne-Perth,Melbourne,Perth,All Airlines,Nov-17,435,432,3,321,360,111,72,2017,11
Melbourne-Sunshine Coast,Melbourne,Sunshine Coast,All Airlines,Nov-17,144,144,0,114,117,30,27,2017,11
Melbourne-Sydney,Melbourne,Sydney,All Airlines,Nov-17,2441,2377,64,1884,1720,493,657,2017,11
Melbourne-Townsville,Melbourne,Townsville,All Airlines,Nov-17,43,43,0,36,35,7,8,2017,11
Mildura-Melbourne,Mildura,Melbourne,All Airlines,Nov-17,209,206,3,164,156,42,50,2017,11
Mount Isa-Brisbane,Mount Isa,Brisbane,All Airlines,Nov-17,72,69,3,58,52,11,17,2017,11
Newcastle-Brisbane,Newcastle,Brisbane,All Airlines,Nov-17,260,256,4,214,207,42,49,2017,11
Newcastle-Melbourne,Newcastle,Melbourne,All Airlines,Nov-17,132,132,0,98,97,34,35,2017,11
Newman-Perth,Newman,Perth,All Airlines,Nov-17,171,169,2,150,147,19,22,2017,11
Perth-Adelaide,Perth,Adelaide,All Airlines,Nov-17,220,220,0,199,181,21,39,2017,11
Perth-Brisbane,Perth,Brisbane,All Airlines,Nov-17,246,246,0,221,214,25,32,2017,11
Perth-Broome,Perth,Broome,All Airlines,Nov-17,163,162,1,142,148,20,14,2017,11
Perth-Darwin,Perth,Darwin,All Airlines,Nov-17,60,58,2,53,55,5,3,2017,11
Perth-Geraldton,Perth,Geraldton,All Airlines,Nov-17,99,97,2,77,78,20,19,2017,11
Perth-Kalgoorlie,Perth,Kalgoorlie,All Airlines,Nov-17,148,148,0,134,133,14,15,2017,11
Perth-Karratha,Perth,Karratha,All Airlines,Nov-17,258,251,7,223,227,28,24,2017,11
Perth-Melbourne,Perth,Melbourne,All Airlines,Nov-17,433,429,4,362,339,67,90,2017,11
Perth-Newman,Perth,Newman,All Airlines,Nov-17,171,170,1,158,155,12,15,2017,11
Perth-Port Hedland,Perth,Port Hedland,All Airlines,Nov-17,185,180,5,163,163,17,17,2017,11
Perth-Sydney,Perth,Sydney,All Airlines,Nov-17,372,368,4,331,329,37,39,2017,11
Port Hedland-Perth,Port Hedland,Perth,All Airlines,Nov-17,187,180,7,161,162,19,18,2017,11
Port Lincoln-Adelaide,Port Lincoln,Adelaide,All Airlines,Nov-17,324,311,13,278,277,33,34,2017,11
Port Macquarie-Sydney,Port Macquarie,Sydney,All Airlines,Nov-17,182,173,9,114,125,59,48,2017,11
Proserpine-Brisbane,Proserpine,Brisbane,All Airlines,Nov-17,81,80,1,73,72,7,8,2017,11
Proserpine-Sydney,Proserpine,Sydney,All Airlines,Nov-17,43,43,0,29,32,14,11,2017,11
Rockhampton-Brisbane,Rockhampton,Brisbane,All Airlines,Nov-17,307,305,2,226,236,79,69,2017,11
Sunshine Coast-Melbourne,Sunshine Coast,Melbourne,All Airlines,Nov-17,144,143,1,91,101,52,42,2017,11
Sunshine Coast-Sydney,Sunshine Coast,Sydney,All Airlines,Nov-17,196,194,2,158,158,36,36,2017,11
Sydney-Adelaide,Sydney,Adelaide,All Airlines,Nov-17,577,571,6,479,491,92,80,2017,11
Sydney-Albury,Sydney,Albury,All Airlines,Nov-17,254,248,6,203,206,45,42,2017,11
Sydney-Armidale,Sydney,Armidale,All Airlines,Nov-17,191,186,5,137,142,49,44,2017,11
Sydney-Ayers Rock,Sydney,Ayers Rock,All Airlines,Nov-17,52,52,0,42,46,10,6,2017,11
Sydney-Ballina,Sydney,Ballina,All Airlines,Nov-17,120,120,0,97,94,23,26,2017,11
Sydney-Brisbane,Sydney,Brisbane,All Airlines,Nov-17,1445,1416,29,1119,1063,297,353,2017,11
Sydney-Cairns,Sydney,Cairns,All Airlines,Nov-17,275,275,0,226,233,49,42,2017,11
Sydney-Canberra,Sydney,Canberra,All Airlines,Nov-17,744,706,38,564,595,142,111,2017,11
Sydney-Coffs Harbour,Sydney,Coffs Harbour,All Airlines,Nov-17,216,214,2,173,178,41,36,2017,11
Sydney-Darwin,Sydney,Darwin,All Airlines,Nov-17,94,94,0,82,75,12,19,2017,11
Sydney-Dubbo,Sydney,Dubbo,All Airlines,Nov-17,265,256,9,196,206,60,50,2017,11
Sydney-Gold Coast,Sydney,Gold Coast,All Airlines,Nov-17,755,750,5,621,616,129,134,2017,11
Sydney-Hamilton Island,Sydney,Hamilton Island,All Airlines,Nov-17,85,83,2,70,76,13,7,2017,11
Sydney-Hobart,Sydney,Hobart,All Airlines,Nov-17,206,202,4,159,165,43,37,2017,11
Sydney-Launceston,Sydney,Launceston,All Airlines,Nov-17,78,78,0,58,67,20,11,2017,11
Sydney-Melbourne,Sydney,Melbourne,All Airlines,Nov-17,2426,2357,69,1785,1764,572,593,2017,11
Sydney-Perth,Sydney,Perth,All Airlines,Nov-17,373,368,5,302,337,66,31,2017,11
Sydney-Port Macquarie,Sydney,Port Macquarie,All Airlines,Nov-17,182,173,9,126,129,47,44,2017,11
Sydney-Proserpine,Sydney,Proserpine,All Airlines,Nov-17,43,43,0,32,31,11,12,2017,11
Sydney-Sunshine Coast,Sydney,Sunshine Coast,All Airlines,Nov-17,196,193,3,167,169,26,24,2017,11
Sydney-Tamworth,Sydney,Tamworth,All Airlines,Nov-17,169,166,3,127,131,39,35,2017,11
Sydney-Townsville,Sydney,Townsville,All Airlines,Nov-17,45,45,0,38,41,7,4,2017,11
Sydney-Wagga Wagga,Sydney,Wagga Wagga,All Airlines,Nov-17,237,231,6,190,193,41,38,2017,11
Tamworth-Sydney,Tamworth,Sydney,All Airlines,Nov-17,171,167,4,129,132,38,35,2017,11
Townsville-Brisbane,Townsville,Brisbane,All Airlines,Nov-17,317,310,7,251,265,59,45,2017,11
Townsville-Cairns,Townsville,Cairns,All Airlines,Nov-17,166,165,1,149,152,16,13,2017,11
Townsville-Melbourne,Townsville,Melbourne,All Airlines,Nov-17,43,43,0,29,30,14,13,2017,11
Townsville-Sydney,Townsville,Sydney,All Airlines,Nov-17,45,45,0,37,39,8,6,2017,11
Wagga Wagga-Sydney,Wagga Wagga,Sydney,All Airlines,Nov-17,236,231,5,189,178,42,53,2017,11
Adelaide-Alice Springs,Adelaide,Alice Springs,All Airlines,Dec-17,52,51,1,44,42,7,9,2017,12
Adelaide-Brisbane,Adelaide,Brisbane,All Airlines,Dec-17,298,296,2,251,240,45,56,2017,12
Adelaide-Canberra,Adelaide,Canberra,All Airlines,Dec-17,65,65,0,54,56,11,9,2017,12
Adelaide-Gold Coast,Adelaide,Gold Coast,All Airlines,Dec-17,68,68,0,64,65,4,3,2017,12
Adelaide-Melbourne,Adelaide,Melbourne,All Airlines,Dec-17,752,741,11,594,599,147,142,2017,12
Adelaide-Perth,Adelaide,Perth,All Airlines,Dec-17,222,220,2,183,180,37,40,2017,12
Adelaide-Port Lincoln,Adelaide,Port Lincoln,All Airlines,Dec-17,294,289,5,272,267,17,22,2017,12
Adelaide-Sydney,Adelaide,Sydney,All Airlines,Dec-17,600,591,9,505,503,86,88,2017,12
Albury-Sydney,Albury,Sydney,All Airlines,Dec-17,220,220,0,171,163,49,57,2017,12
Alice Springs-Adelaide,Alice Springs,Adelaide,All Airlines,Dec-17,53,51,2,41,43,10,8,2017,12
Alice Springs-Darwin,Alice Springs,Darwin,All Airlines,Dec-17,63,60,3,54,55,6,5,2017,12
Armidale-Sydney,Armidale,Sydney,All Airlines,Dec-17,163,161,2,111,108,50,53,2017,12
Ayers Rock-Sydney,Ayers Rock,Sydney,All Airlines,Dec-17,54,53,1,43,43,10,10,2017,12
Ballina-Sydney,Ballina,Sydney,All Airlines,Dec-17,154,154,0,110,126,44,28,2017,12
Brisbane-Adelaide,Brisbane,Adelaide,All Airlines,Dec-17,300,298,2,250,258,48,40,2017,12
Brisbane-Bundaberg,Brisbane,Bundaberg,All Airlines,Dec-17,139,137,2,108,108,29,29,2017,12
Brisbane-Cairns,Brisbane,Cairns,All Airlines,Dec-17,389,386,3,315,331,71,55,2017,12
Brisbane-Canberra,Brisbane,Canberra,All Airlines,Dec-17,254,250,4,203,195,47,55,2017,12
Brisbane-Darwin,Brisbane,Darwin,All Airlines,Dec-17,118,118,0,98,101,20,17,2017,12
Brisbane-Emerald,Brisbane,Emerald,All Airlines,Dec-17,145,145,0,126,125,19,20,2017,12
Brisbane-Gladstone,Brisbane,Gladstone,All Airlines,Dec-17,189,187,2,161,155,26,32,2017,12
Brisbane-Hamilton Island,Brisbane,Hamilton Island,All Airlines,Dec-17,59,59,0,49,48,10,11,2017,12
Brisbane-Hobart,Brisbane,Hobart,All Airlines,Dec-17,78,78,0,73,72,5,6,2017,12
Brisbane-Mackay,Brisbane,Mackay,All Airlines,Dec-17,268,267,1,222,227,45,40,2017,12
Brisbane-Melbourne,Brisbane,Melbourne,All Airlines,Dec-17,1080,1057,23,784,780,273,277,2017,12
Brisbane-Mount Isa,Brisbane,Mount Isa,All Airlines,Dec-17,66,66,0,53,51,13,15,2017,12
Brisbane-Newcastle,Brisbane,Newcastle,All Airlines,Dec-17,255,249,6,211,217,38,32,2017,12
Brisbane-Perth,Brisbane,Perth,All Airlines,Dec-17,263,262,1,196,200,66,62,2017,12
Brisbane-Proserpine,Brisbane,Proserpine,All Airlines,Dec-17,91,90,1,80,85,10,5,2017,12
Brisbane-Rockhampton,Brisbane,Rockhampton,All Airlines,Dec-17,294,290,4,239,230,51,60,2017,12
Brisbane-Sydney,Brisbane,Sydney,All Airlines,Dec-17,1416,1388,28,1084,1080,304,308,2017,12
Brisbane-Townsville,Brisbane,Townsville,All Airlines,Dec-17,327,325,2,255,251,70,74,2017,12
Broome-Perth,Broome,Perth,All Airlines,Dec-17,160,155,5,125,128,30,27,2017,12
Bundaberg-Brisbane,Bundaberg,Brisbane,All Airlines,Dec-17,139,136,3,113,112,23,24,2017,12
Cairns-Brisbane,Cairns,Brisbane,All Airlines,Dec-17,388,385,3,314,316,71,69,2017,12
Cairns-Melbourne,Cairns,Melbourne,All Airlines,Dec-17,218,217,1,164,166,53,51,2017,12
Cairns-Sydney,Cairns,Sydney,All Airlines,Dec-17,325,324,1,269,268,55,56,2017,12
Cairns-Townsville,Cairns,Townsville,All Airlines,Dec-17,154,151,3,135,134,16,17,2017,12
Canberra-Adelaide,Canberra,Adelaide,All Airlines,Dec-17,65,64,1,50,49,14,15,2017,12
Canberra-Brisbane,Canberra,Brisbane,All Airlines,Dec-17,253,250,3,204,202,46,48,2017,12
Canberra-Melbourne,Canberra,Melbourne,All Airlines,Dec-17,463,445,18,374,370,71,75,2017,12
Canberra-Sydney,Canberra,Sydney,All Airlines,Dec-17,609,585,24,481,486,104,99,2017,12
Coffs Harbour-Sydney,Coffs Harbour,Sydney,All Airlines,Dec-17,202,199,3,146,145,53,54,2017,12
Darwin-Alice Springs,Darwin,Alice Springs,All Airlines,Dec-17,64,62,2,58,58,4,4,2017,12
Darwin-Brisbane,Darwin,Brisbane,All Airlines,Dec-17,118,118,0,97,98,21,20,2017,12
Darwin-Melbourne,Darwin,Melbourne,All Airlines,Dec-17,87,87,0,70,74,17,13,2017,12
Darwin-Perth,Darwin,Perth,All Airlines,Dec-17,65,64,1,59,53,5,11,2017,12
Darwin-Sydney,Darwin,Sydney,All Airlines,Dec-17,102,102,0,86,84,16,18,2017,12
Dubbo-Sydney,Dubbo,Sydney,All Airlines,Dec-17,216,213,3,166,166,47,47,2017,12
Emerald-Brisbane,Emerald,Brisbane,All Airlines,Dec-17,145,145,0,122,114,23,31,2017,12
Geraldton-Perth,Geraldton,Perth,All Airlines,Dec-17,91,89,2,71,73,18,16,2017,12
Gladstone-Brisbane,Gladstone,Brisbane,All Airlines,Dec-17,190,188,2,148,143,40,45,2017,12
Gold Coast-Adelaide,Gold Coast,Adelaide,All Airlines,Dec-17,68,68,0,59,59,9,9,2017,12
Gold Coast-Melbourne,Gold Coast,Melbourne,All Airlines,Dec-17,550,539,11,379,410,160,129,2017,12
Gold Coast-Sydney,Gold Coast,Sydney,All Airlines,Dec-17,824,812,12,582,613,230,199,2017,12
Hamilton Island-Brisbane,Hamilton Island,Brisbane,All Airlines,Dec-17,59,59,0,48,49,11,10,2017,12
Hamilton Island-Sydney,Hamilton Island,Sydney,All Airlines,Dec-17,88,87,1,74,79,13,8,2017,12
Hobart-Brisbane,Hobart,Brisbane,All Airlines,Dec-17,78,78,0,57,61,21,17,2017,12
Hobart-Melbourne,Hobart,Melbourne,All Airlines,Dec-17,524,522,2,378,358,144,164,2017,12
Hobart-Sydney,Hobart,Sydney,All Airlines,Dec-17,252,248,4,186,177,62,71,2017,12
Kalgoorlie-Perth,Kalgoorlie,Perth,All Airlines,Dec-17,139,137,2,125,126,12,11,2017,12
Karratha-Perth,Karratha,Perth,All Airlines,Dec-17,238,235,3,213,208,22,27,2017,12
Launceston-Melbourne,Launceston,Melbourne,All Airlines,Dec-17,406,398,8,306,306,92,92,2017,12
Launceston-Sydney,Launceston,Sydney,All Airlines,Dec-17,109,108,1,76,78,32,30,2017,12
Mackay-Brisbane,Mackay,Brisbane,All Airlines,Dec-17,273,272,1,241,235,31,37,2017,12
Melbourne-Adelaide,Melbourne,Adelaide,All Airlines,Dec-17,751,742,9,608,592,134,150,2017,12
Melbourne-Brisbane,Melbourne,Brisbane,All Airlines,Dec-17,1077,1058,19,806,762,252,296,2017,12
Melbourne-Cairns,Melbourne,Cairns,All Airlines,Dec-17,216,216,0,175,177,41,39,2017,12
Melbourne-Canberra,Melbourne,Canberra,All Airlines,Dec-17,462,445,17,359,353,86,92,2017,12
Melbourne-Darwin,Melbourne,Darwin,All Airlines,Dec-17,87,87,0,74,77,13,10,2017,12
Melbourne-Gold Coast,Melbourne,Gold Coast,All Airlines,Dec-17,549,540,9,437,413,103,127,2017,12
Melbourne-Hobart,Melbourne,Hobart,All Airlines,Dec-17,526,526,0,429,409,97,117,2017,12
Melbourne-Launceston,Melbourne,Launceston,All Airlines,Dec-17,407,399,8,320,328,79,71,2017,12
Melbourne-Mildura,Melbourne,Mildura,All Airlines,Dec-17,190,189,1,156,149,33,40,2017,12
Melbourne-Newcastle,Melbourne,Newcastle,All Airlines,Dec-17,145,145,0,120,117,25,28,2017,12
Melbourne-Perth,Melbourne,Perth,All Airlines,Dec-17,467,467,0,358,361,109,106,2017,12
Melbourne-Sunshine Coast,Melbourne,Sunshine Coast,All Airlines,Dec-17,173,172,1,148,142,24,30,2017,12
Melbourne-Sydney,Melbourne,Sydney,All Airlines,Dec-17,2241,2175,66,1659,1561,516,614,2017,12
Melbourne-Townsville,Melbourne,Townsville,All Airlines,Dec-17,47,47,0,30,36,17,11,2017,12
Mildura-Melbourne,Mildura,Melbourne,All Airlines,Dec-17,191,190,1,154,151,36,39,2017,12
Mount Isa-Brisbane,Mount Isa,Brisbane,All Airlines,Dec-17,65,65,0,44,32,21,33,2017,12
Newcastle-Brisbane,Newcastle,Brisbane,All Airlines,Dec-17,254,249,5,224,221,25,28,2017,12
Newcastle-Melbourne,Newcastle,Melbourne,All Airlines,Dec-17,145,145,0,120,117,25,28,2017,12
Newman-Perth,Newman,Perth,All Airlines,Dec-17,157,156,1,143,143,13,13,2017,12
Perth-Adelaide,Perth,Adelaide,All Airlines,Dec-17,230,226,4,199,194,27,32,2017,12
Perth-Brisbane,Perth,Brisbane,All Airlines,Dec-17,259,258,1,214,221,44,37,2017,12
Perth-Broome,Perth,Broome,All Airlines,Dec-17,162,157,5,131,136,26,21,2017,12
Perth-Darwin,Perth,Darwin,All Airlines,Dec-17,65,64,1,58,63,6,1,2017,12
Perth-Geraldton,Perth,Geraldton,All Airlines,Dec-17,91,89,2,66,67,23,22,2017,12
Perth-Kalgoorlie,Perth,Kalgoorlie,All Airlines,Dec-17,139,137,2,121,121,16,16,2017,12
Perth-Karratha,Perth,Karratha,All Airlines,Dec-17,239,238,1,214,217,24,21,2017,12
Perth-Melbourne,Perth,Melbourne,All Airlines,Dec-17,467,467,0,381,395,86,72,2017,12
Perth-Newman,Perth,Newman,All Airlines,Dec-17,157,157,0,146,146,11,11,2017,12
Perth-Port Hedland,Perth,Port Hedland,All Airlines,Dec-17,175,172,3,155,156,17,16,2017,12
Perth-Sydney,Perth,Sydney,All Airlines,Dec-17,400,398,2,317,344,81,54,2017,12
Port Hedland-Perth,Port Hedland,Perth,All Airlines,Dec-17,172,167,5,147,145,20,22,2017,12
Port Lincoln-Adelaide,Port Lincoln,Adelaide,All Airlines,Dec-17,296,291,5,264,259,27,32,2017,12
Port Macquarie-Sydney,Port Macquarie,Sydney,All Airlines,Dec-17,177,173,4,107,116,66,57,2017,12
Proserpine-Brisbane,Proserpine,Brisbane,All Airlines,Dec-17,91,90,1,82,80,8,10,2017,12
Proserpine-Sydney,Proserpine,Sydney,All Airlines,Dec-17,40,40,0,29,29,11,11,2017,12
Rockhampton-Brisbane,Rockhampton,Brisbane,All Airlines,Dec-17,290,285,5,230,232,55,53,2017,12
Sunshine Coast-Melbourne,Sunshine Coast,Melbourne,All Airlines,Dec-17,173,171,2,131,134,40,37,2017,12
Sunshine Coast-Sydney,Sunshine Coast,Sydney,All Airlines,Dec-17,228,224,4,187,184,37,40,2017,12
Sydney-Adelaide,Sydney,Adelaide,All Airlines,Dec-17,592,587,5,475,484,112,103,2017,12
Sydney-Albury,Sydney,Albury,All Airlines,Dec-17,220,220,0,165,163,55,57,2017,12
Sydney-Armidale,Sydney,Armidale,All Airlines,Dec-17,165,163,2,118,112,45,51,2017,12
Sydney-Ayers Rock,Sydney,Ayers Rock,All Airlines,Dec-17,53,53,0,47,49,6,4,2017,12
Sydney-Ballina,Sydney,Ballina,All Airlines,Dec-17,151,151,0,125,120,26,31,2017,12
Sydney-Brisbane,Sydney,Brisbane,All Airlines,Dec-17,1424,1386,38,1079,1054,307,332,2017,12
Sydney-Cairns,Sydney,Cairns,All Airlines,Dec-17,325,325,0,268,277,57,48,2017,12
Sydney-Canberra,Sydney,Canberra,All Airlines,Dec-17,606,584,22,442,456,142,128,2017,12
Sydney-Coffs Harbour,Sydney,Coffs Harbour,All Airlines,Dec-17,201,199,2,135,141,64,58,2017,12
Sydney-Darwin,Sydney,Darwin,All Airlines,Dec-17,102,102,0,85,90,17,12,2017,12
Sydney-Dubbo,Sydney,Dubbo,All Airlines,Dec-17,213,210,3,164,163,46,47,2017,12
Sydney-Gold Coast,Sydney,Gold Coast,All Airlines,Dec-17,825,816,9,645,617,171,199,2017,12
Sydney-Hamilton Island,Sydney,Hamilton Island,All Airlines,Dec-17,89,87,2,74,77,13,10,2017,12
Sydney-Hobart,Sydney,Hobart,All Airlines,Dec-17,251,248,3,200,200,48,48,2017,12
Sydney-Launceston,Sydney,Launceston,All Airlines,Dec-17,109,109,0,87,89,22,20,2017,12
Sydney-Melbourne,Sydney,Melbourne,All Airlines,Dec-17,2239,2179,60,1603,1560,576,619,2017,12
Sydney-Perth,Sydney,Perth,All Airlines,Dec-17,401,401,0,303,295,98,106,2017,12
Sydney-Port Macquarie,Sydney,Port Macquarie,All Airlines,Dec-17,176,173,3,112,113,61,60,2017,12
Sydney-Proserpine,Sydney,Proserpine,All Airlines,Dec-17,40,40,0,34,34,6,6,2017,12
Sydney-Sunshine Coast,Sydney,Sunshine Coast,All Airlines,Dec-17,227,224,3,191,194,33,30,2017,12
Sydney-Tamworth,Sydney,Tamworth,All Airlines,Dec-17,167,164,3,112,109,52,55,2017,12
Sydney-Townsville,Sydney,Townsville,All Airlines,Dec-17,56,56,0,42,48,14,8,2017,12
Sydney-Wagga Wagga,Sydney,Wagga Wagga,All Airlines,Dec-17,185,183,2,136,137,47,46,2017,12
Tamworth-Sydney,Tamworth,Sydney,All Airlines,Dec-17,168,166,2,120,122,46,44,2017,12
Townsville-Brisbane,Townsville,Brisbane,All Airlines,Dec-17,329,327,2,270,270,57,57,2017,12
Townsville-Cairns,Townsville,Cairns,All Airlines,Dec-17,154,149,5,135,136,14,13,2017,12
Townsville-Melbourne,Townsville,Melbourne,All Airlines,Dec-17,47,47,0,32,30,15,17,2017,12
Townsville-Sydney,Townsville,Sydney,All Airlines,Dec-17,56,56,0,36,39,20,17,2017,12
Wagga Wagga-Sydney,Wagga Wagga,Sydney,All Airlines,Dec-17,183,181,2,140,134,41,47,2017,12
Adelaide-Alice Springs,Adelaide,Alice Springs,All Airlines,Jan-18,54,54,0,44,43,10,11,2018,1
Adelaide-Brisbane,Adelaide,Brisbane,All Airlines,Jan-18,282,280,2,256,251,24,29,2018,1
Adelaide-Canberra,Adelaide,Canberra,All Airlines,Jan-18,59,59,0,47,49,12,10,2018,1
Adelaide-Gold Coast,Adelaide,Gold Coast,All Airlines,Jan-18,75,75,0,67,68,8,7,2018,1
Adelaide-Melbourne,Adelaide,Melbourne,All Airlines,Jan-18,724,714,10,608,618,106,96,2018,1
Adelaide-Perth,Adelaide,Perth,All Airlines,Jan-18,218,215,3,185,195,30,20,2018,1
Adelaide-Port Lincoln,Adelaide,Port Lincoln,All Airlines,Jan-18,287,287,0,265,263,22,24,2018,1
Adelaide-Sydney,Adelaide,Sydney,All Airlines,Jan-18,600,590,10,525,538,65,52,2018,1
Albury-Sydney,Albury,Sydney,All Airlines,Jan-18,190,188,2,159,162,29,26,2018,1
Alice Springs-Adelaide,Alice Springs,Adelaide,All Airlines,Jan-18,53,53,0,41,42,12,11,2018,1
Alice Springs-Darwin,Alice Springs,Darwin,All Airlines,Jan-18,54,53,1,42,41,11,12,2018,1
Armidale-Sydney,Armidale,Sydney,All Airlines,Jan-18,151,150,1,127,123,23,27,2018,1
Ayers Rock-Sydney,Ayers Rock,Sydney,All Airlines,Jan-18,53,53,0,48,47,5,6,2018,1
Ballina-Sydney,Ballina,Sydney,All Airlines,Jan-18,153,153,0,113,125,40,28,2018,1
Brisbane-Adelaide,Brisbane,Adelaide,All Airlines,Jan-18,287,284,3,261,261,23,23,2018,1
Brisbane-Bundaberg,Brisbane,Bundaberg,All Airlines,Jan-18,142,141,1,127,132,14,9,2018,1
Brisbane-Cairns,Brisbane,Cairns,All Airlines,Jan-18,409,404,5,360,373,44,31,2018,1
Brisbane-Canberra,Brisbane,Canberra,All Airlines,Jan-18,260,259,1,233,226,26,33,2018,1
Brisbane-Darwin,Brisbane,Darwin,All Airlines,Jan-18,110,110,0,99,103,11,7,2018,1
Brisbane-Emerald,Brisbane,Emerald,All Airlines,Jan-18,153,153,0,143,143,10,10,2018,1
Brisbane-Gladstone,Brisbane,Gladstone,All Airlines,Jan-18,189,189,0,176,165,13,24,2018,1
Brisbane-Hamilton Island,Brisbane,Hamilton Island,All Airlines,Jan-18,58,58,0,49,54,9,4,2018,1
Brisbane-Hobart,Brisbane,Hobart,All Airlines,Jan-18,83,83,0,76,72,7,11,2018,1
Brisbane-Mackay,Brisbane,Mackay,All Airlines,Jan-18,275,270,5,237,238,33,32,2018,1
Brisbane-Melbourne,Brisbane,Melbourne,All Airlines,Jan-18,1048,1035,13,896,845,139,190,2018,1
Brisbane-Mount Isa,Brisbane,Mount Isa,All Airlines,Jan-18,72,72,0,59,54,13,18,2018,1
Brisbane-Newcastle,Brisbane,Newcastle,All Airlines,Jan-18,224,207,17,170,166,37,41,2018,1
Brisbane-Perth,Brisbane,Perth,All Airlines,Jan-18,255,255,0,233,233,22,22,2018,1
Brisbane-Proserpine,Brisbane,Proserpine,All Airlines,Jan-18,95,95,0,87,90,8,5,2018,1
Brisbane-Rockhampton,Brisbane,Rockhampton,All Airlines,Jan-18,288,284,4,253,253,31,31,2018,1
Brisbane-Sydney,Brisbane,Sydney,All Airlines,Jan-18,1340,1312,28,1155,1160,157,152,2018,1
Brisbane-Townsville,Brisbane,Townsville,All Airlines,Jan-18,328,326,2,290,300,36,26,2018,1
Broome-Perth,Broome,Perth,All Airlines,Jan-18,154,134,20,97,102,37,32,2018,1
Bundaberg-Brisbane,Bundaberg,Brisbane,All Airlines,Jan-18,143,141,2,133,131,8,10,2018,1
Cairns-Brisbane,Cairns,Brisbane,All Airlines,Jan-18,410,404,6,358,359,46,45,2018,1
Cairns-Melbourne,Cairns,Melbourne,All Airlines,Jan-18,225,223,2,172,159,51,64,2018,1
Cairns-Sydney,Cairns,Sydney,All Airlines,Jan-18,343,342,1,286,276,56,66,2018,1
Cairns-Townsville,Cairns,Townsville,All Airlines,Jan-18,144,143,1,132,132,11,11,2018,1
Canberra-Adelaide,Canberra,Adelaide,All Airlines,Jan-18,59,59,0,51,53,8,6,2018,1
Canberra-Brisbane,Canberra,Brisbane,All Airlines,Jan-18,260,259,1,232,237,27,22,2018,1
Canberra-Melbourne,Canberra,Melbourne,All Airlines,Jan-18,415,410,5,361,352,49,58,2018,1
Canberra-Sydney,Canberra,Sydney,All Airlines,Jan-18,441,432,9,388,393,44,39,2018,1
Coffs Harbour-Sydney,Coffs Harbour,Sydney,All Airlines,Jan-18,197,196,1,169,166,27,30,2018,1
Darwin-Alice Springs,Darwin,Alice Springs,All Airlines,Jan-18,53,52,1,43,42,9,10,2018,1
Darwin-Brisbane,Darwin,Brisbane,All Airlines,Jan-18,110,110,0,103,96,7,14,2018,1
Darwin-Melbourne,Darwin,Melbourne,All Airlines,Jan-18,92,92,0,78,78,14,14,2018,1
Darwin-Perth,Darwin,Perth,All Airlines,Jan-18,63,63,0,56,57,7,6,2018,1
Darwin-Sydney,Darwin,Sydney,All Airlines,Jan-18,95,94,1,79,79,15,15,2018,1
Dubbo-Sydney,Dubbo,Sydney,All Airlines,Jan-18,176,176,0,152,144,24,32,2018,1
Emerald-Brisbane,Emerald,Brisbane,All Airlines,Jan-18,152,152,0,143,141,9,11,2018,1
Geraldton-Perth,Geraldton,Perth,All Airlines,Jan-18,90,89,1,74,74,15,15,2018,1
Gladstone-Brisbane,Gladstone,Brisbane,All Airlines,Jan-18,188,187,1,162,167,25,20,2018,1
Gold Coast-Adelaide,Gold Coast,Adelaide,All Airlines,Jan-18,75,75,0,65,67,10,8,2018,1
Gold Coast-Melbourne,Gold Coast,Melbourne,All Airlines,Jan-18,587,585,2,445,469,140,116,2018,1
Gold Coast-Sydney,Gold Coast,Sydney,All Airlines,Jan-18,847,839,8,652,683,187,156,2018,1
Hamilton Island-Brisbane,Hamilton Island,Brisbane,All Airlines,Jan-18,58,58,0,53,52,5,6,2018,1
Hamilton Island-Sydney,Hamilton Island,Sydney,All Airlines,Jan-18,93,93,0,88,89,5,4,2018,1
Hobart-Brisbane,Hobart,Brisbane,All Airlines,Jan-18,83,83,0,62,66,21,17,2018,1
Hobart-Melbourne,Hobart,Melbourne,All Airlines,Jan-18,540,533,7,373,371,160,162,2018,1
Hobart-Sydney,Hobart,Sydney,All Airlines,Jan-18,270,267,3,212,213,55,54,2018,1
Kalgoorlie-Perth,Kalgoorlie,Perth,All Airlines,Jan-18,145,141,4,127,127,14,14,2018,1
Karratha-Perth,Karratha,Perth,All Airlines,Jan-18,261,255,6,231,230,24,25,2018,1
Launceston-Melbourne,Launceston,Melbourne,All Airlines,Jan-18,423,419,4,344,341,75,78,2018,1
Launceston-Sydney,Launceston,Sydney,All Airlines,Jan-18,125,125,0,93,101,32,24,2018,1
Mackay-Brisbane,Mackay,Brisbane,All Airlines,Jan-18,276,273,3,250,248,23,25,2018,1
Melbourne-Adelaide,Melbourne,Adelaide,All Airlines,Jan-18,719,710,9,613,600,97,110,2018,1
Melbourne-Brisbane,Melbourne,Brisbane,All Airlines,Jan-18,1038,1021,17,820,851,201,170,2018,1
Melbourne-Cairns,Melbourne,Cairns,All Airlines,Jan-18,226,225,1,190,200,35,25,2018,1
Melbourne-Canberra,Melbourne,Canberra,All Airlines,Jan-18,416,410,6,350,347,60,63,2018,1
Melbourne-Darwin,Melbourne,Darwin,All Airlines,Jan-18,93,93,0,80,84,13,9,2018,1
Melbourne-Gold Coast,Melbourne,Gold Coast,All Airlines,Jan-18,587,585,2,456,451,129,134,2018,1
Melbourne-Hobart,Melbourne,Hobart,All Airlines,Jan-18,541,534,7,451,425,83,109,2018,1
Melbourne-Launceston,Melbourne,Launceston,All Airlines,Jan-18,421,418,3,361,367,57,51,2018,1
Melbourne-Mildura,Melbourne,Mildura,All Airlines,Jan-18,166,165,1,140,132,25,33,2018,1
Melbourne-Newcastle,Melbourne,Newcastle,All Airlines,Jan-18,156,149,7,114,114,35,35,2018,1
Melbourne-Perth,Melbourne,Perth,All Airlines,Jan-18,467,466,1,357,380,109,86,2018,1
Melbourne-Sunshine Coast,Melbourne,Sunshine Coast,All Airlines,Jan-18,179,178,1,152,157,26,21,2018,1
Melbourne-Sydney,Melbourne,Sydney,All Airlines,Jan-18,2230,2140,90,1728,1720,412,420,2018,1
Melbourne-Townsville,Melbourne,Townsville,All Airlines,Jan-18,47,46,1,35,34,11,12,2018,1
Mildura-Melbourne,Mildura,Melbourne,All Airlines,Jan-18,165,165,0,142,140,23,25,2018,1
Mount Isa-Brisbane,Mount Isa,Brisbane,All Airlines,Jan-18,70,70,0,48,42,22,28,2018,1
Newcastle-Brisbane,Newcastle,Brisbane,All Airlines,Jan-18,225,207,18,181,176,26,31,2018,1
Newcastle-Melbourne,Newcastle,Melbourne,All Airlines,Jan-18,155,145,10,117,117,28,28,2018,1
Newman-Perth,Newman,Perth,All Airlines,Jan-18,176,169,7,156,153,13,16,2018,1
Perth-Adelaide,Perth,Adelaide,All Airlines,Jan-18,225,224,1,196,190,28,34,2018,1
Perth-Brisbane,Perth,Brisbane,All Airlines,Jan-18,249,249,0,216,210,33,39,2018,1
Perth-Broome,Perth,Broome,All Airlines,Jan-18,155,139,16,114,115,25,24,2018,1
Perth-Darwin,Perth,Darwin,All Airlines,Jan-18,63,63,0,57,58,6,5,2018,1
Perth-Geraldton,Perth,Geraldton,All Airlines,Jan-18,90,89,1,72,73,17,16,2018,1
Perth-Kalgoorlie,Perth,Kalgoorlie,All Airlines,Jan-18,145,143,2,126,124,17,19,2018,1
Perth-Karratha,Perth,Karratha,All Airlines,Jan-18,263,258,5,233,234,25,24,2018,1
Perth-Melbourne,Perth,Melbourne,All Airlines,Jan-18,465,461,4,391,401,70,60,2018,1
Perth-Newman,Perth,Newman,All Airlines,Jan-18,176,171,5,156,155,15,16,2018,1
Perth-Port Hedland,Perth,Port Hedland,All Airlines,Jan-18,183,178,5,152,151,26,27,2018,1
Perth-Sydney,Perth,Sydney,All Airlines,Jan-18,385,383,2,313,319,70,64,2018,1
Port Hedland-Perth,Port Hedland,Perth,All Airlines,Jan-18,178,171,7,151,151,20,20,2018,1
Port Lincoln-Adelaide,Port Lincoln,Adelaide,All Airlines,Jan-18,286,284,2,262,260,22,24,2018,1
Port Macquarie-Sydney,Port Macquarie,Sydney,All Airlines,Jan-18,174,172,2,138,137,34,35,2018,1
Proserpine-Brisbane,Proserpine,Brisbane,All Airlines,Jan-18,95,95,0,89,87,6,8,2018,1
Proserpine-Sydney,Proserpine,Sydney,All Airlines,Jan-18,39,39,0,30,32,9,7,2018,1
Rockhampton-Brisbane,Rockhampton,Brisbane,All Airlines,Jan-18,280,277,3,252,251,25,26,2018,1
Sunshine Coast-Melbourne,Sunshine Coast,Melbourne,All Airlines,Jan-18,179,179,0,153,157,26,22,2018,1
Sunshine Coast-Sydney,Sunshine Coast,Sydney,All Airlines,Jan-18,229,228,1,189,194,39,34,2018,1
Sydney-Adelaide,Sydney,Adelaide,All Airlines,Jan-18,594,587,7,503,518,84,69,2018,1
Sydney-Albury,Sydney,Albury,All Airlines,Jan-18,190,188,2,158,159,30,29,2018,1
Sydney-Armidale,Sydney,Armidale,All Airlines,Jan-18,152,151,1,124,131,27,20,2018,1
Sydney-Ayers Rock,Sydney,Ayers Rock,All Airlines,Jan-18,53,53,0,46,50,7,3,2018,1
Sydney-Ballina,Sydney,Ballina,All Airlines,Jan-18,154,154,0,137,132,17,22,2018,1
Sydney-Brisbane,Sydney,Brisbane,All Airlines,Jan-18,1360,1337,23,1170,1171,167,166,2018,1
Sydney-Cairns,Sydney,Cairns,All Airlines,Jan-18,343,342,1,274,293,68,49,2018,1
Sydney-Canberra,Sydney,Canberra,All Airlines,Jan-18,445,437,8,372,376,65,61,2018,1
Sydney-Coffs Harbour,Sydney,Coffs Harbour,All Airlines,Jan-18,198,197,1,167,169,30,28,2018,1
Sydney-Darwin,Sydney,Darwin,All Airlines,Jan-18,95,94,1,71,82,23,12,2018,1
Sydney-Dubbo,Sydney,Dubbo,All Airlines,Jan-18,180,180,0,155,156,25,24,2018,1
Sydney-Gold Coast,Sydney,Gold Coast,All Airlines,Jan-18,846,839,7,687,687,152,152,2018,1
Sydney-Hamilton Island,Sydney,Hamilton Island,All Airlines,Jan-18,93,93,0,87,91,6,2,2018,1
Sydney-Hobart,Sydney,Hobart,All Airlines,Jan-18,269,267,2,251,241,16,26,2018,1
Sydney-Launceston,Sydney,Launceston,All Airlines,Jan-18,124,124,0,96,102,28,22,2018,1
Sydney-Melbourne,Sydney,Melbourne,All Airlines,Jan-18,2224,2128,96,1688,1608,440,520,2018,1
Sydney-Perth,Sydney,Perth,All Airlines,Jan-18,387,386,1,299,316,87,70,2018,1
Sydney-Port Macquarie,Sydney,Port Macquarie,All Airlines,Jan-18,175,174,1,143,143,31,31,2018,1
Sydney-Proserpine,Sydney,Proserpine,All Airlines,Jan-18,39,39,0,33,35,6,4,2018,1
Sydney-Sunshine Coast,Sydney,Sunshine Coast,All Airlines,Jan-18,231,230,1,196,203,34,27,2018,1
Sydney-Tamworth,Sydney,Tamworth,All Airlines,Jan-18,173,170,3,137,137,33,33,2018,1
Sydney-Townsville,Sydney,Townsville,All Airlines,Jan-18,50,50,0,41,43,9,7,2018,1
Sydney-Wagga Wagga,Sydney,Wagga Wagga,All Airlines,Jan-18,158,158,0,142,143,16,15,2018,1
Tamworth-Sydney,Tamworth,Sydney,All Airlines,Jan-18,172,169,3,138,136,31,33,2018,1
Townsville-Brisbane,Townsville,Brisbane,All Airlines,Jan-18,327,324,3,302,307,22,17,2018,1
Townsville-Cairns,Townsville,Cairns,All Airlines,Jan-18,145,143,2,129,127,14,16,2018,1
Townsville-Melbourne,Townsville,Melbourne,All Airlines,Jan-18,47,46,1,34,34,12,12,2018,1
Townsville-Sydney,Townsville,Sydney,All Airlines,Jan-18,50,49,1,41,38,8,11,2018,1
Wagga Wagga-Sydney,Wagga Wagga,Sydney,All Airlines,Jan-18,160,160,0,147,139,13,21,2018,1
Adelaide-Alice Springs,Adelaide,Alice Springs,All Airlines,Feb-18,48,47,1,44,42,3,5,2018,2
Adelaide-Brisbane,Adelaide,Brisbane,All Airlines,Feb-18,256,253,3,232,218,21,35,2018,2
Adelaide-Canberra,Adelaide,Canberra,All Airlines,Feb-18,68,68,0,66,66,2,2,2018,2
Adelaide-Gold Coast,Adelaide,Gold Coast,All Airlines,Feb-18,56,56,0,53,53,3,3,2018,2
Adelaide-Melbourne,Adelaide,Melbourne,All Airlines,Feb-18,687,681,6,589,603,92,78,2018,2
Adelaide-Perth,Adelaide,Perth,All Airlines,Feb-18,196,195,1,177,181,18,14,2018,2
Adelaide-Port Lincoln,Adelaide,Port Lincoln,All Airlines,Feb-18,278,278,0,258,256,20,22,2018,2
Adelaide-Sydney,Adelaide,Sydney,All Airlines,Feb-18,531,526,5,447,450,79,76,2018,2
Albury-Sydney,Albury,Sydney,All Airlines,Feb-18,210,208,2,185,173,23,35,2018,2
Alice Springs-Adelaide,Alice Springs,Adelaide,All Airlines,Feb-18,48,47,1,39,39,8,8,2018,2
Alice Springs-Darwin,Alice Springs,Darwin,All Airlines,Feb-18,59,57,2,52,52,5,5,2018,2
Armidale-Sydney,Armidale,Sydney,All Airlines,Feb-18,164,164,0,131,128,33,36,2018,2
Ayers Rock-Sydney,Ayers Rock,Sydney,All Airlines,Feb-18,52,52,0,45,44,7,8,2018,2
Ballina-Sydney,Ballina,Sydney,All Airlines,Feb-18,129,128,1,102,112,26,16,2018,2
Brisbane-Adelaide,Brisbane,Adelaide,All Airlines,Feb-18,254,252,2,229,225,23,27,2018,2
Brisbane-Bundaberg,Brisbane,Bundaberg,All Airlines,Feb-18,129,129,0,113,108,16,21,2018,2
Brisbane-Cairns,Brisbane,Cairns,All Airlines,Feb-18,339,336,3,293,295,43,41,2018,2
Brisbane-Canberra,Brisbane,Canberra,All Airlines,Feb-18,235,234,1,202,206,32,28,2018,2
Brisbane-Darwin,Brisbane,Darwin,All Airlines,Feb-18,88,88,0,77,78,11,10,2018,2
Brisbane-Emerald,Brisbane,Emerald,All Airlines,Feb-18,147,147,0,129,125,18,22,2018,2
Brisbane-Gladstone,Brisbane,Gladstone,All Airlines,Feb-18,188,184,4,153,132,31,52,2018,2
Brisbane-Hamilton Island,Brisbane,Hamilton Island,All Airlines,Feb-18,51,51,0,43,44,8,7,2018,2
Brisbane-Hobart,Brisbane,Hobart,All Airlines,Feb-18,56,56,0,52,54,4,2,2018,2
Brisbane-Mackay,Brisbane,Mackay,All Airlines,Feb-18,247,245,2,211,206,34,39,2018,2
Brisbane-Melbourne,Brisbane,Melbourne,All Airlines,Feb-18,963,945,18,826,738,119,207,2018,2
Brisbane-Mount Isa,Brisbane,Mount Isa,All Airlines,Feb-18,68,67,1,53,50,14,17,2018,2
Brisbane-Newcastle,Brisbane,Newcastle,All Airlines,Feb-18,209,206,3,167,168,39,38,2018,2
Brisbane-Perth,Brisbane,Perth,All Airlines,Feb-18,234,234,0,212,214,22,20,2018,2
Brisbane-Proserpine,Brisbane,Proserpine,All Airlines,Feb-18,72,71,1,67,68,4,3,2018,2
Brisbane-Rockhampton,Brisbane,Rockhampton,All Airlines,Feb-18,262,256,6,201,197,55,59,2018,2
Brisbane-Sydney,Brisbane,Sydney,All Airlines,Feb-18,1297,1268,29,1069,1038,199,230,2018,2
Brisbane-Townsville,Brisbane,Townsville,All Airlines,Feb-18,289,287,2,241,232,46,55,2018,2
Broome-Perth,Broome,Perth,All Airlines,Feb-18,131,123,8,99,102,24,21,2018,2
Bundaberg-Brisbane,Bundaberg,Brisbane,All Airlines,Feb-18,129,129,0,111,110,18,19,2018,2
Cairns-Brisbane,Cairns,Brisbane,All Airlines,Feb-18,339,337,2,282,279,55,58,2018,2
Cairns-Melbourne,Cairns,Melbourne,All Airlines,Feb-18,144,144,0,116,114,28,30,2018,2
Cairns-Sydney,Cairns,Sydney,All Airlines,Feb-18,269,269,0,224,230,45,39,2018,2
Cairns-Townsville,Cairns,Townsville,All Airlines,Feb-18,153,151,2,133,131,18,20,2018,2
Canberra-Adelaide,Canberra,Adelaide,All Airlines,Feb-18,68,68,0,66,68,2,0,2018,2
Canberra-Brisbane,Canberra,Brisbane,All Airlines,Feb-18,235,233,2,204,205,29,28,2018,2
Canberra-Melbourne,Canberra,Melbourne,All Airlines,Feb-18,468,464,4,415,412,49,52,2018,2
Canberra-Sydney,Canberra,Sydney,All Airlines,Feb-18,658,637,21,583,578,54,59,2018,2
Coffs Harbour-Sydney,Coffs Harbour,Sydney,All Airlines,Feb-18,199,197,2,172,176,25,21,2018,2
Darwin-Alice Springs,Darwin,Alice Springs,All Airlines,Feb-18,59,57,2,52,52,5,5,2018,2
Darwin-Brisbane,Darwin,Brisbane,All Airlines,Feb-18,88,88,0,76,68,12,20,2018,2
Darwin-Melbourne,Darwin,Melbourne,All Airlines,Feb-18,72,72,0,65,63,7,9,2018,2
Darwin-Perth,Darwin,Perth,All Airlines,Feb-18,56,56,0,46,48,10,8,2018,2
Darwin-Sydney,Darwin,Sydney,All Airlines,Feb-18,76,75,1,66,58,9,17,2018,2
Dubbo-Sydney,Dubbo,Sydney,All Airlines,Feb-18,216,216,0,190,176,26,40,2018,2
Emerald-Brisbane,Emerald,Brisbane,All Airlines,Feb-18,146,145,1,120,107,25,38,2018,2
Geraldton-Perth,Geraldton,Perth,All Airlines,Feb-18,89,86,3,71,71,15,15,2018,2
Gladstone-Brisbane,Gladstone,Brisbane,All Airlines,Feb-18,188,182,6,141,139,41,43,2018,2
Gold Coast-Adelaide,Gold Coast,Adelaide,All Airlines,Feb-18,56,56,0,50,52,6,4,2018,2
Gold Coast-Melbourne,Gold Coast,Melbourne,All Airlines,Feb-18,384,384,0,295,304,89,80,2018,2
Gold Coast-Sydney,Gold Coast,Sydney,All Airlines,Feb-18,673,664,9,544,554,120,110,2018,2
Hamilton Island-Brisbane,Hamilton Island,Brisbane,All Airlines,Feb-18,51,51,0,39,40,12,11,2018,2
Hamilton Island-Sydney,Hamilton Island,Sydney,All Airlines,Feb-18,63,63,0,56,53,7,10,2018,2
Hobart-Brisbane,Hobart,Brisbane,All Airlines,Feb-18,56,56,0,44,52,12,4,2018,2
Hobart-Melbourne,Hobart,Melbourne,All Airlines,Feb-18,455,450,5,319,319,131,131,2018,2
Hobart-Sydney,Hobart,Sydney,All Airlines,Feb-18,196,196,0,154,148,42,48,2018,2
Kalgoorlie-Perth,Kalgoorlie,Perth,All Airlines,Feb-18,140,135,5,120,119,15,16,2018,2
Karratha-Perth,Karratha,Perth,All Airlines,Feb-18,233,229,4,213,210,16,19,2018,2
Launceston-Melbourne,Launceston,Melbourne,All Airlines,Feb-18,336,332,4,263,253,69,79,2018,2
Launceston-Sydney,Launceston,Sydney,All Airlines,Feb-18,82,80,2,62,65,18,15,2018,2
Mackay-Brisbane,Mackay,Brisbane,All Airlines,Feb-18,252,249,3,212,206,37,43,2018,2
Melbourne-Adelaide,Melbourne,Adelaide,All Airlines,Feb-18,681,675,6,598,590,77,85,2018,2
Melbourne-Brisbane,Melbourne,Brisbane,All Airlines,Feb-18,951,935,16,786,781,149,154,2018,2
Melbourne-Cairns,Melbourne,Cairns,All Airlines,Feb-18,144,144,0,124,128,20,16,2018,2
Melbourne-Canberra,Melbourne,Canberra,All Airlines,Feb-18,468,463,5,421,421,42,42,2018,2
Melbourne-Darwin,Melbourne,Darwin,All Airlines,Feb-18,72,72,0,67,69,5,3,2018,2
Melbourne-Gold Coast,Melbourne,Gold Coast,All Airlines,Feb-18,384,384,0,300,309,84,75,2018,2
Melbourne-Hobart,Melbourne,Hobart,All Airlines,Feb-18,455,451,4,381,368,70,83,2018,2
Melbourne-Launceston,Melbourne,Launceston,All Airlines,Feb-18,336,332,4,262,261,70,71,2018,2
Melbourne-Mildura,Melbourne,Mildura,All Airlines,Feb-18,187,187,0,166,159,21,28,2018,2
Melbourne-Newcastle,Melbourne,Newcastle,All Airlines,Feb-18,112,112,0,85,87,27,25,2018,2
Melbourne-Perth,Melbourne,Perth,All Airlines,Feb-18,395,387,8,317,315,70,72,2018,2
Melbourne-Sunshine Coast,Melbourne,Sunshine Coast,All Airlines,Feb-18,123,123,0,103,107,20,16,2018,2
Melbourne-Sydney,Melbourne,Sydney,All Airlines,Feb-18,2215,2150,65,1810,1759,340,391,2018,2
Melbourne-Townsville,Melbourne,Townsville,All Airlines,Feb-18,32,32,0,29,31,3,1,2018,2
Mildura-Melbourne,Mildura,Melbourne,All Airlines,Feb-18,188,186,2,156,153,30,33,2018,2
Mount Isa-Brisbane,Mount Isa,Brisbane,All Airlines,Feb-18,68,67,1,48,36,19,31,2018,2
Newcastle-Brisbane,Newcastle,Brisbane,All Airlines,Feb-18,209,205,4,178,172,27,33,2018,2
Newcastle-Melbourne,Newcastle,Melbourne,All Airlines,Feb-18,112,111,1,95,91,16,20,2018,2
Newman-Perth,Newman,Perth,All Airlines,Feb-18,154,151,3,143,143,8,8,2018,2
Perth-Adelaide,Perth,Adelaide,All Airlines,Feb-18,204,203,1,188,187,15,16,2018,2
Perth-Brisbane,Perth,Brisbane,All Airlines,Feb-18,230,230,0,213,205,17,25,2018,2
Perth-Broome,Perth,Broome,All Airlines,Feb-18,134,127,7,109,109,18,18,2018,2
Perth-Darwin,Perth,Darwin,All Airlines,Feb-18,56,56,0,53,49,3,7,2018,2
Perth-Geraldton,Perth,Geraldton,All Airlines,Feb-18,89,86,3,72,72,14,14,2018,2
Perth-Kalgoorlie,Perth,Kalgoorlie,All Airlines,Feb-18,140,135,5,122,122,13,13,2018,2
Perth-Karratha,Perth,Karratha,All Airlines,Feb-18,236,231,5,219,212,12,19,2018,2
Perth-Melbourne,Perth,Melbourne,All Airlines,Feb-18,387,378,9,328,340,50,38,2018,2
Perth-Newman,Perth,Newman,All Airlines,Feb-18,154,152,2,143,138,9,14,2018,2
Perth-Port Hedland,Perth,Port Hedland,All Airlines,Feb-18,171,164,7,146,146,18,18,2018,2
Perth-Sydney,Perth,Sydney,All Airlines,Feb-18,345,343,2,298,313,45,30,2018,2
Port Hedland-Perth,Port Hedland,Perth,All Airlines,Feb-18,165,157,8,141,142,16,15,2018,2
Port Lincoln-Adelaide,Port Lincoln,Adelaide,All Airlines,Feb-18,279,278,1,258,253,20,25,2018,2
Port Macquarie-Sydney,Port Macquarie,Sydney,All Airlines,Feb-18,155,151,4,103,112,48,39,2018,2
Proserpine-Brisbane,Proserpine,Brisbane,All Airlines,Feb-18,72,71,1,65,60,6,11,2018,2
Proserpine-Sydney,Proserpine,Sydney,All Airlines,Feb-18,36,36,0,25,26,11,10,2018,2
Rockhampton-Brisbane,Rockhampton,Brisbane,All Airlines,Feb-18,258,253,5,204,202,49,51,2018,2
Sunshine Coast-Melbourne,Sunshine Coast,Melbourne,All Airlines,Feb-18,123,123,0,97,100,26,23,2018,2
Sunshine Coast-Sydney,Sunshine Coast,Sydney,All Airlines,Feb-18,164,162,2,126,129,36,33,2018,2
Sydney-Adelaide,Sydney,Adelaide,All Airlines,Feb-18,532,526,6,460,461,66,65,2018,2
Sydney-Albury,Sydney,Albury,All Airlines,Feb-18,210,208,2,186,185,22,23,2018,2
Sydney-Armidale,Sydney,Armidale,All Airlines,Feb-18,162,162,0,130,131,32,31,2018,2
Sydney-Ayers Rock,Sydney,Ayers Rock,All Airlines,Feb-18,52,52,0,42,49,10,3,2018,2
Sydney-Ballina,Sydney,Ballina,All Airlines,Feb-18,130,130,0,113,107,17,23,2018,2
Sydney-Brisbane,Sydney,Brisbane,All Airlines,Feb-18,1311,1282,29,1106,1073,176,209,2018,2
Sydney-Cairns,Sydney,Cairns,All Airlines,Feb-18,269,269,0,228,237,41,32,2018,2
Sydney-Canberra,Sydney,Canberra,All Airlines,Feb-18,658,640,18,550,569,90,71,2018,2
Sydney-Coffs Harbour,Sydney,Coffs Harbour,All Airlines,Feb-18,199,196,3,168,172,28,24,2018,2
Sydney-Darwin,Sydney,Darwin,All Airlines,Feb-18,76,75,1,66,68,9,7,2018,2
Sydney-Dubbo,Sydney,Dubbo,All Airlines,Feb-18,216,216,0,183,183,33,33,2018,2
Sydney-Gold Coast,Sydney,Gold Coast,All Airlines,Feb-18,669,662,7,569,557,93,105,2018,2
Sydney-Hamilton Island,Sydney,Hamilton Island,All Airlines,Feb-18,63,63,0,58,56,5,7,2018,2
Sydney-Hobart,Sydney,Hobart,All Airlines,Feb-18,196,196,0,173,177,23,19,2018,2
Sydney-Launceston,Sydney,Launceston,All Airlines,Feb-18,80,80,0,67,70,13,10,2018,2
Sydney-Melbourne,Sydney,Melbourne,All Airlines,Feb-18,2206,2144,62,1777,1741,367,403,2018,2
Sydney-Perth,Sydney,Perth,All Airlines,Feb-18,340,340,0,279,287,61,53,2018,2
Sydney-Port Macquarie,Sydney,Port Macquarie,All Airlines,Feb-18,154,153,1,113,107,40,46,2018,2
Sydney-Proserpine,Sydney,Proserpine,All Airlines,Feb-18,36,36,0,26,30,10,6,2018,2
Sydney-Sunshine Coast,Sydney,Sunshine Coast,All Airlines,Feb-18,164,162,2,138,137,24,25,2018,2
Sydney-Tamworth,Sydney,Tamworth,All Airlines,Feb-18,157,156,1,133,132,23,24,2018,2
Sydney-Townsville,Sydney,Townsville,All Airlines,Feb-18,37,37,0,30,32,7,5,2018,2
Sydney-Wagga Wagga,Sydney,Wagga Wagga,All Airlines,Feb-18,191,191,0,164,167,27,24,2018,2
Tamworth-Sydney,Tamworth,Sydney,All Airlines,Feb-18,157,153,4,131,130,22,23,2018,2
Townsville-Brisbane,Townsville,Brisbane,All Airlines,Feb-18,288,286,2,257,247,29,39,2018,2
Townsville-Cairns,Townsville,Cairns,All Airlines,Feb-18,153,149,4,134,134,15,15,2018,2
Townsville-Melbourne,Townsville,Melbourne,All Airlines,Feb-18,32,32,0,30,29,2,3,2018,2
Townsville-Sydney,Townsville,Sydney,All Airlines,Feb-18,37,37,0,31,32,6,5,2018,2
Wagga Wagga-Sydney,Wagga Wagga,Sydney,All Airlines,Feb-18,189,189,0,158,154,31,35,2018,2
Adelaide-Alice Springs,Adelaide,Alice Springs,All Airlines,Mar-18,52,52,0,45,45,7,7,2018,3
Adelaide-Brisbane,Adelaide,Brisbane,All Airlines,Mar-18,288,286,2,262,256,24,30,2018,3
Adelaide-Canberra,Adelaide,Canberra,All Airlines,Mar-18,73,73,0,63,67,10,6,2018,3
Adelaide-Gold Coast,Adelaide,Gold Coast,All Airlines,Mar-18,63,63,0,57,55,6,8,2018,3
Adelaide-Melbourne,Adelaide,Melbourne,All Airlines,Mar-18,770,765,5,644,648,121,117,2018,3
Adelaide-Perth,Adelaide,Perth,All Airlines,Mar-18,222,219,3,188,193,31,26,2018,3
Adelaide-Port Lincoln,Adelaide,Port Lincoln,All Airlines,Mar-18,304,304,0,281,278,23,26,2018,3
Adelaide-Sydney,Adelaide,Sydney,All Airlines,Mar-18,604,599,5,524,509,75,90,2018,3
Albury-Sydney,Albury,Sydney,All Airlines,Mar-18,241,239,2,202,197,37,42,2018,3
Alice Springs-Adelaide,Alice Springs,Adelaide,All Airlines,Mar-18,53,52,1,47,46,5,6,2018,3
Alice Springs-Darwin,Alice Springs,Darwin,All Airlines,Mar-18,73,68,5,62,61,6,7,2018,3
Armidale-Sydney,Armidale,Sydney,All Airlines,Mar-18,175,171,4,116,113,55,58,2018,3
Ayers Rock-Sydney,Ayers Rock,Sydney,All Airlines,Mar-18,58,58,0,50,49,8,9,2018,3
Ballina-Sydney,Ballina,Sydney,All Airlines,Mar-18,142,141,1,111,111,30,30,2018,3
Brisbane-Adelaide,Brisbane,Adelaide,All Airlines,Mar-18,290,289,1,260,272,29,17,2018,3
Brisbane-Bundaberg,Brisbane,Bundaberg,All Airlines,Mar-18,141,141,0,122,123,19,18,2018,3
Brisbane-Cairns,Brisbane,Cairns,All Airlines,Mar-18,355,353,2,296,304,57,49,2018,3
Brisbane-Canberra,Brisbane,Canberra,All Airlines,Mar-18,265,265,0,228,231,37,34,2018,3
Brisbane-Darwin,Brisbane,Darwin,All Airlines,Mar-18,102,96,6,85,84,11,12,2018,3
Brisbane-Emerald,Brisbane,Emerald,All Airlines,Mar-18,160,160,0,142,143,18,17,2018,3
Brisbane-Gladstone,Brisbane,Gladstone,All Airlines,Mar-18,200,199,1,156,152,43,47,2018,3
Brisbane-Hamilton Island,Brisbane,Hamilton Island,All Airlines,Mar-18,56,56,0,50,50,6,6,2018,3
Brisbane-Hobart,Brisbane,Hobart,All Airlines,Mar-18,61,61,0,57,56,4,5,2018,3
Brisbane-Mackay,Brisbane,Mackay,All Airlines,Mar-18,281,280,1,255,254,25,26,2018,3
Brisbane-Melbourne,Brisbane,Melbourne,All Airlines,Mar-18,1082,1055,27,858,850,197,205,2018,3
Brisbane-Mount Isa,Brisbane,Mount Isa,All Airlines,Mar-18,72,72,0,56,51,16,21,2018,3
Brisbane-Newcastle,Brisbane,Newcastle,All Airlines,Mar-18,225,224,1,193,186,31,38,2018,3
Brisbane-Perth,Brisbane,Perth,All Airlines,Mar-18,244,244,0,192,222,52,22,2018,3
Brisbane-Proserpine,Brisbane,Proserpine,All Airlines,Mar-18,65,65,0,59,58,6,7,2018,3
Brisbane-Rockhampton,Brisbane,Rockhampton,All Airlines,Mar-18,299,295,4,230,223,65,72,2018,3
Brisbane-Sydney,Brisbane,Sydney,All Airlines,Mar-18,1441,1427,14,1156,1168,271,259,2018,3
Brisbane-Townsville,Brisbane,Townsville,All Airlines,Mar-18,329,327,2,273,275,54,52,2018,3
Broome-Perth,Broome,Perth,All Airlines,Mar-18,153,153,0,127,130,26,23,2018,3
Bundaberg-Brisbane,Bundaberg,Brisbane,All Airlines,Mar-18,141,141,0,124,121,17,20,2018,3
Cairns-Brisbane,Cairns,Brisbane,All Airlines,Mar-18,355,353,2,289,291,64,62,2018,3
Cairns-Melbourne,Cairns,Melbourne,All Airlines,Mar-18,174,173,1,133,137,40,36,2018,3
Cairns-Sydney,Cairns,Sydney,All Airlines,Mar-18,289,286,3,246,252,40,34,2018,3
Cairns-Townsville,Cairns,Townsville,All Airlines,Mar-18,163,162,1,122,127,40,35,2018,3
Canberra-Adelaide,Canberra,Adelaide,All Airlines,Mar-18,73,73,0,61,66,12,7,2018,3
Canberra-Brisbane,Canberra,Brisbane,All Airlines,Mar-18,265,265,0,232,230,33,35,2018,3
Canberra-Melbourne,Canberra,Melbourne,All Airlines,Mar-18,509,505,4,442,432,63,73,2018,3
Canberra-Sydney,Canberra,Sydney,All Airlines,Mar-18,723,702,21,620,606,82,96,2018,3
Coffs Harbour-Sydney,Coffs Harbour,Sydney,All Airlines,Mar-18,211,208,3,173,174,35,34,2018,3
Darwin-Alice Springs,Darwin,Alice Springs,All Airlines,Mar-18,73,69,4,64,61,5,8,2018,3
Darwin-Brisbane,Darwin,Brisbane,All Airlines,Mar-18,102,96,6,86,89,10,7,2018,3
Darwin-Melbourne,Darwin,Melbourne,All Airlines,Mar-18,81,78,3,74,71,4,7,2018,3
Darwin-Perth,Darwin,Perth,All Airlines,Mar-18,62,59,3,49,52,10,7,2018,3
Darwin-Sydney,Darwin,Sydney,All Airlines,Mar-18,92,87,5,73,74,14,13,2018,3
Dubbo-Sydney,Dubbo,Sydney,All Airlines,Mar-18,239,239,0,191,171,48,68,2018,3
Emerald-Brisbane,Emerald,Brisbane,All Airlines,Mar-18,160,159,1,140,133,19,26,2018,3
Geraldton-Perth,Geraldton,Perth,All Airlines,Mar-18,100,98,2,86,88,12,10,2018,3
Gladstone-Brisbane,Gladstone,Brisbane,All Airlines,Mar-18,201,199,2,159,157,40,42,2018,3
Gold Coast-Adelaide,Gold Coast,Adelaide,All Airlines,Mar-18,63,63,0,58,58,5,5,2018,3
Gold Coast-Melbourne,Gold Coast,Melbourne,All Airlines,Mar-18,473,469,4,355,382,114,87,2018,3
Gold Coast-Sydney,Gold Coast,Sydney,All Airlines,Mar-18,767,759,8,602,629,157,130,2018,3
Hamilton Island-Brisbane,Hamilton Island,Brisbane,All Airlines,Mar-18,56,56,0,48,48,8,8,2018,3
Hamilton Island-Sydney,Hamilton Island,Sydney,All Airlines,Mar-18,69,69,0,59,58,10,11,2018,3
Hobart-Brisbane,Hobart,Brisbane,All Airlines,Mar-18,60,60,0,53,55,7,5,2018,3
Hobart-Melbourne,Hobart,Melbourne,All Airlines,Mar-18,530,524,6,376,371,148,153,2018,3
Hobart-Sydney,Hobart,Sydney,All Airlines,Mar-18,216,216,0,170,160,46,56,2018,3
Kalgoorlie-Perth,Kalgoorlie,Perth,All Airlines,Mar-18,152,149,3,131,138,18,11,2018,3
Karratha-Perth,Karratha,Perth,All Airlines,Mar-18,259,254,5,224,224,30,30,2018,3
Launceston-Melbourne,Launceston,Melbourne,All Airlines,Mar-18,373,371,2,294,293,77,78,2018,3
Launceston-Sydney,Launceston,Sydney,All Airlines,Mar-18,88,88,0,77,76,11,12,2018,3
Mackay-Brisbane,Mackay,Brisbane,All Airlines,Mar-18,286,284,2,253,247,31,37,2018,3
Melbourne-Adelaide,Melbourne,Adelaide,All Airlines,Mar-18,771,768,3,644,634,124,134,2018,3
Melbourne-Brisbane,Melbourne,Brisbane,All Airlines,Mar-18,1074,1049,25,829,812,220,237,2018,3
Melbourne-Cairns,Melbourne,Cairns,All Airlines,Mar-18,174,174,0,144,143,30,31,2018,3
Melbourne-Canberra,Melbourne,Canberra,All Airlines,Mar-18,510,504,6,434,441,70,63,2018,3
Melbourne-Darwin,Melbourne,Darwin,All Airlines,Mar-18,81,77,4,68,68,9,9,2018,3
Melbourne-Gold Coast,Melbourne,Gold Coast,All Airlines,Mar-18,470,468,2,390,377,78,91,2018,3
Melbourne-Hobart,Melbourne,Hobart,All Airlines,Mar-18,530,525,5,435,418,90,107,2018,3
Melbourne-Launceston,Melbourne,Launceston,All Airlines,Mar-18,374,372,2,305,306,67,66,2018,3
Melbourne-Mildura,Melbourne,Mildura,All Airlines,Mar-18,204,202,2,177,169,25,33,2018,3
Melbourne-Newcastle,Melbourne,Newcastle,All Airlines,Mar-18,135,135,0,97,98,38,37,2018,3
Melbourne-Perth,Melbourne,Perth,All Airlines,Mar-18,457,454,3,330,359,124,95,2018,3
Melbourne-Sunshine Coast,Melbourne,Sunshine Coast,All Airlines,Mar-18,142,141,1,112,115,29,26,2018,3
Melbourne-Sydney,Melbourne,Sydney,All Airlines,Mar-18,2458,2402,56,1917,1741,485,661,2018,3
Melbourne-Townsville,Melbourne,Townsville,All Airlines,Mar-18,37,34,3,28,25,6,9,2018,3
Mildura-Melbourne,Mildura,Melbourne,All Airlines,Mar-18,204,202,2,164,164,38,38,2018,3
Mount Isa-Brisbane,Mount Isa,Brisbane,All Airlines,Mar-18,71,70,1,46,41,24,29,2018,3
Newcastle-Brisbane,Newcastle,Brisbane,All Airlines,Mar-18,225,223,2,194,189,29,34,2018,3
Newcastle-Melbourne,Newcastle,Melbourne,All Airlines,Mar-18,135,134,1,103,100,31,34,2018,3
Newman-Perth,Newman,Perth,All Airlines,Mar-18,169,165,4,149,152,16,13,2018,3
Perth-Adelaide,Perth,Adelaide,All Airlines,Mar-18,230,229,1,206,207,23,22,2018,3
Perth-Brisbane,Perth,Brisbane,All Airlines,Mar-18,242,242,0,213,206,29,36,2018,3
Perth-Broome,Perth,Broome,All Airlines,Mar-18,153,153,0,127,131,26,22,2018,3
Perth-Darwin,Perth,Darwin,All Airlines,Mar-18,62,59,3,56,56,3,3,2018,3
Perth-Geraldton,Perth,Geraldton,All Airlines,Mar-18,100,99,1,85,84,14,15,2018,3
Perth-Kalgoorlie,Perth,Kalgoorlie,All Airlines,Mar-18,152,149,3,137,137,12,12,2018,3
Perth-Karratha,Perth,Karratha,All Airlines,Mar-18,260,255,5,223,225,32,30,2018,3
Perth-Melbourne,Perth,Melbourne,All Airlines,Mar-18,453,449,4,377,371,72,78,2018,3
Perth-Newman,Perth,Newman,All Airlines,Mar-18,170,165,5,152,154,13,11,2018,3
Perth-Port Hedland,Perth,Port Hedland,All Airlines,Mar-18,192,185,7,161,160,24,25,2018,3
Perth-Sydney,Perth,Sydney,All Airlines,Mar-18,390,388,2,333,328,55,60,2018,3
Port Hedland-Perth,Port Hedland,Perth,All Airlines,Mar-18,191,184,7,159,156,25,28,2018,3
Port Lincoln-Adelaide,Port Lincoln,Adelaide,All Airlines,Mar-18,306,306,0,285,283,21,23,2018,3
Port Macquarie-Sydney,Port Macquarie,Sydney,All Airlines,Mar-18,166,163,3,104,104,59,59,2018,3
Proserpine-Brisbane,Proserpine,Brisbane,All Airlines,Mar-18,65,65,0,54,60,11,5,2018,3
Proserpine-Sydney,Proserpine,Sydney,All Airlines,Mar-18,42,42,0,29,31,13,11,2018,3
Rockhampton-Brisbane,Rockhampton,Brisbane,All Airlines,Mar-18,297,294,3,241,243,53,51,2018,3
Sunshine Coast-Melbourne,Sunshine Coast,Melbourne,All Airlines,Mar-18,143,141,2,103,106,38,35,2018,3
Sunshine Coast-Sydney,Sunshine Coast,Sydney,All Airlines,Mar-18,185,182,3,143,144,39,38,2018,3
Sydney-Adelaide,Sydney,Adelaide,All Airlines,Mar-18,592,588,4,489,494,99,94,2018,3
Sydney-Albury,Sydney,Albury,All Airlines,Mar-18,243,242,1,200,201,42,41,2018,3
Sydney-Armidale,Sydney,Armidale,All Airlines,Mar-18,172,170,2,132,126,38,44,2018,3
Sydney-Ayers Rock,Sydney,Ayers Rock,All Airlines,Mar-18,57,57,0,48,53,9,4,2018,3
Sydney-Ballina,Sydney,Ballina,All Airlines,Mar-18,141,141,0,118,112,23,29,2018,3
Sydney-Brisbane,Sydney,Brisbane,All Airlines,Mar-18,1453,1441,12,1157,1128,284,313,2018,3
Sydney-Cairns,Sydney,Cairns,All Airlines,Mar-18,290,287,3,236,242,51,45,2018,3
Sydney-Canberra,Sydney,Canberra,All Airlines,Mar-18,725,707,18,587,609,120,98,2018,3
Sydney-Coffs Harbour,Sydney,Coffs Harbour,All Airlines,Mar-18,210,209,1,165,170,44,39,2018,3
Sydney-Darwin,Sydney,Darwin,All Airlines,Mar-18,92,87,5,65,74,22,13,2018,3
Sydney-Dubbo,Sydney,Dubbo,All Airlines,Mar-18,237,237,0,186,195,51,42,2018,3
Sydney-Gold Coast,Sydney,Gold Coast,All Airlines,Mar-18,767,762,5,618,619,144,143,2018,3
Sydney-Hamilton Island,Sydney,Hamilton Island,All Airlines,Mar-18,69,69,0,62,59,7,10,2018,3
Sydney-Hobart,Sydney,Hobart,All Airlines,Mar-18,214,214,0,183,190,31,24,2018,3
Sydney-Launceston,Sydney,Launceston,All Airlines,Mar-18,88,88,0,77,77,11,11,2018,3
Sydney-Melbourne,Sydney,Melbourne,All Airlines,Mar-18,2459,2395,64,1791,1820,604,575,2018,3
Sydney-Perth,Sydney,Perth,All Airlines,Mar-18,386,385,1,295,336,90,49,2018,3
Sydney-Port Macquarie,Sydney,Port Macquarie,All Airlines,Mar-18,166,164,2,114,107,50,57,2018,3
Sydney-Proserpine,Sydney,Proserpine,All Airlines,Mar-18,42,42,0,30,31,12,11,2018,3
Sydney-Sunshine Coast,Sydney,Sunshine Coast,All Airlines,Mar-18,183,182,1,148,150,34,32,2018,3
Sydney-Tamworth,Sydney,Tamworth,All Airlines,Mar-18,168,166,2,128,127,38,39,2018,3
Sydney-Townsville,Sydney,Townsville,All Airlines,Mar-18,43,43,0,37,36,6,7,2018,3
Sydney-Wagga Wagga,Sydney,Wagga Wagga,All Airlines,Mar-18,226,225,1,184,191,41,34,2018,3
Tamworth-Sydney,Tamworth,Sydney,All Airlines,Mar-18,169,167,2,136,137,31,30,2018,3
Townsville-Brisbane,Townsville,Brisbane,All Airlines,Mar-18,329,325,4,274,271,51,54,2018,3
Townsville-Cairns,Townsville,Cairns,All Airlines,Mar-18,164,162,2,136,128,26,34,2018,3
Townsville-Melbourne,Townsville,Melbourne,All Airlines,Mar-18,37,34,3,24,26,10,8,2018,3
Townsville-Sydney,Townsville,Sydney,All Airlines,Mar-18,43,43,0,36,39,7,4,2018,3
Wagga Wagga-Sydney,Wagga Wagga,Sydney,All Airlines,Mar-18,229,227,2,189,183,38,44,2018,3
Adelaide-Alice Springs,Adelaide,Alice Springs,All Airlines,Apr-18,51,49,2,40,40,9,9,2018,4
Adelaide-Brisbane,Adelaide,Brisbane,All Airlines,Apr-18,280,277,3,251,244,26,33,2018,4
Adelaide-Canberra,Adelaide,Canberra,All Airlines,Apr-18,64,64,0,60,60,4,4,2018,4
Adelaide-Gold Coast,Adelaide,Gold Coast,All Airlines,Apr-18,62,62,0,57,55,5,7,2018,4
Adelaide-Melbourne,Adelaide,Melbourne,All Airlines,Apr-18,719,711,8,540,549,171,162,2018,4
Adelaide-Perth,Adelaide,Perth,All Airlines,Apr-18,214,212,2,177,189,35,23,2018,4
Adelaide-Port Lincoln,Adelaide,Port Lincoln,All Airlines,Apr-18,290,287,3,272,262,15,25,2018,4
Adelaide-Sydney,Adelaide,Sydney,All Airlines,Apr-18,578,576,2,493,466,83,110,2018,4
Albury-Sydney,Albury,Sydney,All Airlines,Apr-18,229,229,0,190,191,39,38,2018,4
Alice Springs-Adelaide,Alice Springs,Adelaide,All Airlines,Apr-18,51,49,2,45,43,4,6,2018,4
Alice Springs-Darwin,Alice Springs,Darwin,All Airlines,Apr-18,81,78,3,72,71,6,7,2018,4
Armidale-Sydney,Armidale,Sydney,All Airlines,Apr-18,183,183,0,148,144,35,39,2018,4
Ayers Rock-Sydney,Ayers Rock,Sydney,All Airlines,Apr-18,60,59,1,46,48,13,11,2018,4
Ballina-Sydney,Ballina,Sydney,All Airlines,Apr-18,142,142,0,105,123,37,19,2018,4
Brisbane-Adelaide,Brisbane,Adelaide,All Airlines,Apr-18,280,279,1,244,259,35,20,2018,4
Brisbane-Bundaberg,Brisbane,Bundaberg,All Airlines,Apr-18,131,131,0,119,115,12,16,2018,4
Brisbane-Cairns,Brisbane,Cairns,All Airlines,Apr-18,390,390,0,339,349,51,41,2018,4
Brisbane-Canberra,Brisbane,Canberra,All Airlines,Apr-18,259,256,3,228,231,28,25,2018,4
Brisbane-Darwin,Brisbane,Darwin,All Airlines,Apr-18,110,109,1,95,100,14,9,2018,4
Brisbane-Emerald,Brisbane,Emerald,All Airlines,Apr-18,146,146,0,132,133,14,13,2018,4
Brisbane-Gladstone,Brisbane,Gladstone,All Airlines,Apr-18,196,195,1,173,175,22,20,2018,4
Brisbane-Hamilton Island,Brisbane,Hamilton Island,All Airlines,Apr-18,60,57,3,50,50,7,7,2018,4
Brisbane-Hobart,Brisbane,Hobart,All Airlines,Apr-18,63,63,0,60,55,3,8,2018,4
Brisbane-Mackay,Brisbane,Mackay,All Airlines,Apr-18,280,279,1,235,242,44,37,2018,4
Brisbane-Melbourne,Brisbane,Melbourne,All Airlines,Apr-18,1060,1033,27,816,842,217,191,2018,4
Brisbane-Mount Isa,Brisbane,Mount Isa,All Airlines,Apr-18,71,70,1,61,57,9,13,2018,4
Brisbane-Newcastle,Brisbane,Newcastle,All Airlines,Apr-18,216,212,4,184,182,28,30,2018,4
Brisbane-Perth,Brisbane,Perth,All Airlines,Apr-18,251,251,0,196,240,55,11,2018,4
Brisbane-Proserpine,Brisbane,Proserpine,All Airlines,Apr-18,68,68,0,58,59,10,9,2018,4
Brisbane-Rockhampton,Brisbane,Rockhampton,All Airlines,Apr-18,300,300,0,249,248,51,52,2018,4
Brisbane-Sydney,Brisbane,Sydney,All Airlines,Apr-18,1397,1370,27,1150,1158,220,212,2018,4
Brisbane-Townsville,Brisbane,Townsville,All Airlines,Apr-18,329,326,3,283,303,43,23,2018,4
Broome-Perth,Broome,Perth,All Airlines,Apr-18,162,158,4,134,142,24,16,2018,4
Bundaberg-Brisbane,Bundaberg,Brisbane,All Airlines,Apr-18,131,131,0,114,115,17,16,2018,4
Cairns-Brisbane,Cairns,Brisbane,All Airlines,Apr-18,389,389,0,353,357,36,32,2018,4
Cairns-Melbourne,Cairns,Melbourne,All Airlines,Apr-18,240,237,3,183,198,54,39,2018,4
Cairns-Sydney,Cairns,Sydney,All Airlines,Apr-18,311,309,2,278,280,31,29,2018,4
Cairns-Townsville,Cairns,Townsville,All Airlines,Apr-18,155,155,0,151,150,4,5,2018,4
Canberra-Adelaide,Canberra,Adelaide,All Airlines,Apr-18,64,64,0,54,59,10,5,2018,4
Canberra-Brisbane,Canberra,Brisbane,All Airlines,Apr-18,258,255,3,241,234,14,21,2018,4
Canberra-Melbourne,Canberra,Melbourne,All Airlines,Apr-18,444,437,7,378,368,59,69,2018,4
Canberra-Sydney,Canberra,Sydney,All Airlines,Apr-18,623,616,7,543,547,73,69,2018,4
Coffs Harbour-Sydney,Coffs Harbour,Sydney,All Airlines,Apr-18,181,181,0,158,160,23,21,2018,4
Darwin-Alice Springs,Darwin,Alice Springs,All Airlines,Apr-18,81,78,3,72,71,6,7,2018,4
Darwin-Brisbane,Darwin,Brisbane,All Airlines,Apr-18,109,108,1,96,97,12,11,2018,4
Darwin-Melbourne,Darwin,Melbourne,All Airlines,Apr-18,88,87,1,73,74,14,13,2018,4
Darwin-Perth,Darwin,Perth,All Airlines,Apr-18,60,60,0,45,48,15,12,2018,4
Darwin-Sydney,Darwin,Sydney,All Airlines,Apr-18,105,105,0,92,91,13,14,2018,4
Dubbo-Sydney,Dubbo,Sydney,All Airlines,Apr-18,218,217,1,184,177,33,40,2018,4
Emerald-Brisbane,Emerald,Brisbane,All Airlines,Apr-18,146,146,0,134,132,12,14,2018,4
Geraldton-Perth,Geraldton,Perth,All Airlines,Apr-18,98,97,1,85,87,12,10,2018,4
Gladstone-Brisbane,Gladstone,Brisbane,All Airlines,Apr-18,196,195,1,178,177,17,18,2018,4
Gold Coast-Adelaide,Gold Coast,Adelaide,All Airlines,Apr-18,64,64,0,57,59,7,5,2018,4
Gold Coast-Melbourne,Gold Coast,Melbourne,All Airlines,Apr-18,546,532,14,399,445,133,87,2018,4
Gold Coast-Sydney,Gold Coast,Sydney,All Airlines,Apr-18,811,807,4,655,673,152,134,2018,4
Hamilton Island-Brisbane,Hamilton Island,Brisbane,All Airlines,Apr-18,60,57,3,45,45,12,12,2018,4
Hamilton Island-Sydney,Hamilton Island,Sydney,All Airlines,Apr-18,83,76,7,68,71,8,5,2018,4
Hobart-Brisbane,Hobart,Brisbane,All Airlines,Apr-18,65,65,0,47,46,18,19,2018,4
Hobart-Melbourne,Hobart,Melbourne,All Airlines,Apr-18,475,473,2,312,303,161,170,2018,4
Hobart-Sydney,Hobart,Sydney,All Airlines,Apr-18,217,214,3,167,178,47,36,2018,4
Kalgoorlie-Perth,Kalgoorlie,Perth,All Airlines,Apr-18,148,147,1,127,134,20,13,2018,4
Karratha-Perth,Karratha,Perth,All Airlines,Apr-18,241,234,7,196,204,38,30,2018,4
Launceston-Melbourne,Launceston,Melbourne,All Airlines,Apr-18,348,343,5,257,245,86,98,2018,4
Launceston-Sydney,Launceston,Sydney,All Airlines,Apr-18,81,80,1,53,58,27,22,2018,4
Mackay-Brisbane,Mackay,Brisbane,All Airlines,Apr-18,277,275,2,237,244,38,31,2018,4
Melbourne-Adelaide,Melbourne,Adelaide,All Airlines,Apr-18,722,716,6,579,573,137,143,2018,4
Melbourne-Brisbane,Melbourne,Brisbane,All Airlines,Apr-18,1073,1046,27,811,821,235,225,2018,4
Melbourne-Cairns,Melbourne,Cairns,All Airlines,Apr-18,240,236,4,184,187,52,49,2018,4
Melbourne-Canberra,Melbourne,Canberra,All Airlines,Apr-18,449,442,7,377,371,65,71,2018,4
Melbourne-Darwin,Melbourne,Darwin,All Airlines,Apr-18,88,88,0,70,71,18,17,2018,4
Melbourne-Gold Coast,Melbourne,Gold Coast,All Airlines,Apr-18,548,535,13,435,422,100,113,2018,4
Melbourne-Hobart,Melbourne,Hobart,All Airlines,Apr-18,476,475,1,382,361,93,114,2018,4
Melbourne-Launceston,Melbourne,Launceston,All Airlines,Apr-18,348,342,6,267,268,75,74,2018,4
Melbourne-Mildura,Melbourne,Mildura,All Airlines,Apr-18,194,190,4,165,153,25,37,2018,4
Melbourne-Newcastle,Melbourne,Newcastle,All Airlines,Apr-18,150,149,1,109,111,40,38,2018,4
Melbourne-Perth,Melbourne,Perth,All Airlines,Apr-18,444,441,3,317,351,124,90,2018,4
Melbourne-Sunshine Coast,Melbourne,Sunshine Coast,All Airlines,Apr-18,155,155,0,119,117,36,38,2018,4
Melbourne-Sydney,Melbourne,Sydney,All Airlines,Apr-18,2291,2227,64,1755,1685,472,542,2018,4
Melbourne-Townsville,Melbourne,Townsville,All Airlines,Apr-18,44,44,0,30,28,14,16,2018,4
Mildura-Melbourne,Mildura,Melbourne,All Airlines,Apr-18,193,189,4,142,141,47,48,2018,4
Mount Isa-Brisbane,Mount Isa,Brisbane,All Airlines,Apr-18,70,70,0,56,55,14,15,2018,4
Newcastle-Brisbane,Newcastle,Brisbane,All Airlines,Apr-18,216,213,3,184,180,29,33,2018,4
Newcastle-Melbourne,Newcastle,Melbourne,All Airlines,Apr-18,150,149,1,99,99,50,50,2018,4
Newman-Perth,Newman,Perth,All Airlines,Apr-18,167,167,0,152,156,15,11,2018,4
Perth-Adelaide,Perth,Adelaide,All Airlines,Apr-18,216,215,1,198,178,17,37,2018,4
Perth-Brisbane,Perth,Brisbane,All Airlines,Apr-18,248,248,0,225,185,23,63,2018,4
Perth-Broome,Perth,Broome,All Airlines,Apr-18,161,160,1,135,139,25,21,2018,4
Perth-Darwin,Perth,Darwin,All Airlines,Apr-18,60,60,0,51,49,9,11,2018,4
Perth-Geraldton,Perth,Geraldton,All Airlines,Apr-18,98,97,1,84,84,13,13,2018,4
Perth-Kalgoorlie,Perth,Kalgoorlie,All Airlines,Apr-18,147,146,1,138,135,8,11,2018,4
Perth-Karratha,Perth,Karratha,All Airlines,Apr-18,241,236,5,202,200,34,36,2018,4
Perth-Melbourne,Perth,Melbourne,All Airlines,Apr-18,447,444,3,365,325,79,119,2018,4
Perth-Newman,Perth,Newman,All Airlines,Apr-18,167,167,0,150,152,17,15,2018,4
Perth-Port Hedland,Perth,Port Hedland,All Airlines,Apr-18,179,179,0,166,163,13,16,2018,4
Perth-Sydney,Perth,Sydney,All Airlines,Apr-18,370,370,0,328,289,42,81,2018,4
Port Hedland-Perth,Port Hedland,Perth,All Airlines,Apr-18,177,176,1,153,157,23,19,2018,4
Port Lincoln-Adelaide,Port Lincoln,Adelaide,All Airlines,Apr-18,290,287,3,261,252,26,35,2018,4
Port Macquarie-Sydney,Port Macquarie,Sydney,All Airlines,Apr-18,150,149,1,120,118,29,31,2018,4
Proserpine-Brisbane,Proserpine,Brisbane,All Airlines,Apr-18,68,67,1,58,58,9,9,2018,4
Proserpine-Sydney,Proserpine,Sydney,All Airlines,Apr-18,38,38,0,29,30,9,8,2018,4
Rockhampton-Brisbane,Rockhampton,Brisbane,All Airlines,Apr-18,303,302,1,262,254,40,48,2018,4
Sunshine Coast-Melbourne,Sunshine Coast,Melbourne,All Airlines,Apr-18,154,154,0,88,115,66,39,2018,4
Sunshine Coast-Sydney,Sunshine Coast,Sydney,All Airlines,Apr-18,205,205,0,161,170,44,35,2018,4
Sydney-Adelaide,Sydney,Adelaide,All Airlines,Apr-18,569,567,2,466,493,101,74,2018,4
Sydney-Albury,Sydney,Albury,All Airlines,Apr-18,227,227,0,193,200,34,27,2018,4
Sydney-Armidale,Sydney,Armidale,All Airlines,Apr-18,186,186,0,150,155,36,31,2018,4
Sydney-Ayers Rock,Sydney,Ayers Rock,All Airlines,Apr-18,60,60,0,54,55,6,5,2018,4
Sydney-Ballina,Sydney,Ballina,All Airlines,Apr-18,144,144,0,126,122,18,22,2018,4
Sydney-Brisbane,Sydney,Brisbane,All Airlines,Apr-18,1387,1363,24,1138,1122,225,241,2018,4
Sydney-Cairns,Sydney,Cairns,All Airlines,Apr-18,312,310,2,270,287,40,23,2018,4
Sydney-Canberra,Sydney,Canberra,All Airlines,Apr-18,614,608,6,523,511,85,97,2018,4
Sydney-Coffs Harbour,Sydney,Coffs Harbour,All Airlines,Apr-18,182,182,0,153,159,29,23,2018,4
Sydney-Darwin,Sydney,Darwin,All Airlines,Apr-18,105,105,0,88,94,17,11,2018,4
Sydney-Dubbo,Sydney,Dubbo,All Airlines,Apr-18,219,218,1,190,190,28,28,2018,4
Sydney-Gold Coast,Sydney,Gold Coast,All Airlines,Apr-18,810,809,1,668,665,141,144,2018,4
Sydney-Hamilton Island,Sydney,Hamilton Island,All Airlines,Apr-18,83,76,7,62,67,14,9,2018,4
Sydney-Hobart,Sydney,Hobart,All Airlines,Apr-18,218,217,1,192,186,25,31,2018,4
Sydney-Launceston,Sydney,Launceston,All Airlines,Apr-18,79,79,0,64,73,15,6,2018,4
Sydney-Melbourne,Sydney,Melbourne,All Airlines,Apr-18,2308,2238,70,1611,1646,627,592,2018,4
Sydney-Perth,Sydney,Perth,All Airlines,Apr-18,383,383,0,287,344,96,39,2018,4
Sydney-Port Macquarie,Sydney,Port Macquarie,All Airlines,Apr-18,150,150,0,129,125,21,25,2018,4
Sydney-Proserpine,Sydney,Proserpine,All Airlines,Apr-18,39,39,0,33,32,6,7,2018,4
Sydney-Sunshine Coast,Sydney,Sunshine Coast,All Airlines,Apr-18,205,205,0,170,174,35,31,2018,4
Sydney-Tamworth,Sydney,Tamworth,All Airlines,Apr-18,165,165,0,140,141,25,24,2018,4
Sydney-Townsville,Sydney,Townsville,All Airlines,Apr-18,48,48,0,39,42,9,6,2018,4
Sydney-Wagga Wagga,Sydney,Wagga Wagga,All Airlines,Apr-18,201,200,1,177,181,23,19,2018,4
Tamworth-Sydney,Tamworth,Sydney,All Airlines,Apr-18,163,163,0,147,144,16,19,2018,4
Townsville-Brisbane,Townsville,Brisbane,All Airlines,Apr-18,329,324,5,310,305,14,19,2018,4
Townsville-Cairns,Townsville,Cairns,All Airlines,Apr-18,153,152,1,139,140,13,12,2018,4
Townsville-Melbourne,Townsville,Melbourne,All Airlines,Apr-18,44,44,0,23,29,21,15,2018,4
Townsville-Sydney,Townsville,Sydney,All Airlines,Apr-18,48,48,0,39,42,9,6,2018,4
Wagga Wagga-Sydney,Wagga Wagga,Sydney,All Airlines,Apr-18,199,198,1,173,167,25,31,2018,4
Adelaide-Alice Springs,Adelaide,Alice Springs,All Airlines,May-18,54,54,0,41,41,13,13,2018,5
Adelaide-Brisbane,Adelaide,Brisbane,All Airlines,May-18,263,262,1,236,230,26,32,2018,5
Adelaide-Canberra,Adelaide,Canberra,All Airlines,May-18,70,70,0,68,66,2,4,2018,5
Adelaide-Gold Coast,Adelaide,Gold Coast,All Airlines,May-18,58,57,1,54,54,3,3,2018,5
Adelaide-Melbourne,Adelaide,Melbourne,All Airlines,May-18,718,706,12,610,600,96,106,2018,5
Adelaide-Perth,Adelaide,Perth,All Airlines,May-18,213,211,2,189,198,22,13,2018,5
Adelaide-Port Lincoln,Adelaide,Port Lincoln,All Airlines,May-18,292,290,2,273,264,17,26,2018,5
Adelaide-Sydney,Adelaide,Sydney,All Airlines,May-18,540,535,5,446,415,89,120,2018,5
Albury-Sydney,Albury,Sydney,All Airlines,May-18,260,256,4,210,207,46,49,2018,5
Alice Springs-Adelaide,Alice Springs,Adelaide,All Airlines,May-18,54,54,0,48,48,6,6,2018,5
Alice Springs-Darwin,Alice Springs,Darwin,All Airlines,May-18,85,84,1,80,80,4,4,2018,5
Armidale-Sydney,Armidale,Sydney,All Airlines,May-18,193,193,0,157,153,36,40,2018,5
Ayers Rock-Sydney,Ayers Rock,Sydney,All Airlines,May-18,62,62,0,46,49,16,13,2018,5
Ballina-Sydney,Ballina,Sydney,All Airlines,May-18,128,128,0,95,97,33,31,2018,5
Brisbane-Adelaide,Brisbane,Adelaide,All Airlines,May-18,265,264,1,233,251,31,13,2018,5
Brisbane-Bundaberg,Brisbane,Bundaberg,All Airlines,May-18,136,136,0,126,125,10,11,2018,5
Brisbane-Cairns,Brisbane,Cairns,All Airlines,May-18,355,351,4,308,310,43,41,2018,5
Brisbane-Canberra,Brisbane,Canberra,All Airlines,May-18,275,274,1,246,245,28,29,2018,5
Brisbane-Darwin,Brisbane,Darwin,All Airlines,May-18,116,116,0,99,97,17,19,2018,5
Brisbane-Emerald,Brisbane,Emerald,All Airlines,May-18,158,158,0,149,152,9,6,2018,5
Brisbane-Gladstone,Brisbane,Gladstone,All Airlines,May-18,205,204,1,190,189,14,15,2018,5
Brisbane-Hamilton Island,Brisbane,Hamilton Island,All Airlines,May-18,62,61,1,55,53,6,8,2018,5
Brisbane-Hobart,Brisbane,Hobart,All Airlines,May-18,49,49,0,47,44,2,5,2018,5
Brisbane-Mackay,Brisbane,Mackay,All Airlines,May-18,295,292,3,270,262,22,30,2018,5
Brisbane-Melbourne,Brisbane,Melbourne,All Airlines,May-18,999,982,17,816,857,166,125,2018,5
Brisbane-Mount Isa,Brisbane,Mount Isa,All Airlines,May-18,76,76,0,66,42,10,34,2018,5
Brisbane-Newcastle,Brisbane,Newcastle,All Airlines,May-18,217,216,1,181,180,35,36,2018,5
Brisbane-Perth,Brisbane,Perth,All Airlines,May-18,254,254,0,193,225,61,29,2018,5
Brisbane-Proserpine,Brisbane,Proserpine,All Airlines,May-18,57,57,0,51,52,6,5,2018,5
Brisbane-Rockhampton,Brisbane,Rockhampton,All Airlines,May-18,334,331,3,303,291,28,40,2018,5
Brisbane-Sydney,Brisbane,Sydney,All Airlines,May-18,1427,1389,38,1142,1163,247,226,2018,5
Brisbane-Townsville,Brisbane,Townsville,All Airlines,May-18,344,342,2,288,286,54,56,2018,5
Broome-Perth,Broome,Perth,All Airlines,May-18,173,168,5,145,143,23,25,2018,5
Bundaberg-Brisbane,Bundaberg,Brisbane,All Airlines,May-18,136,136,0,128,131,8,5,2018,5
Cairns-Brisbane,Cairns,Brisbane,All Airlines,May-18,356,352,4,306,322,46,30,2018,5
Cairns-Melbourne,Cairns,Melbourne,All Airlines,May-18,204,200,4,150,161,50,39,2018,5
Cairns-Sydney,Cairns,Sydney,All Airlines,May-18,267,263,4,219,224,44,39,2018,5
Cairns-Townsville,Cairns,Townsville,All Airlines,May-18,161,160,1,153,155,7,5,2018,5
Canberra-Adelaide,Canberra,Adelaide,All Airlines,May-18,70,70,0,67,68,3,2,2018,5
Canberra-Brisbane,Canberra,Brisbane,All Airlines,May-18,274,272,2,241,245,31,27,2018,5
Canberra-Melbourne,Canberra,Melbourne,All Airlines,May-18,491,487,4,449,437,38,50,2018,5
Canberra-Sydney,Canberra,Sydney,All Airlines,May-18,754,734,20,643,650,91,84,2018,5
Coffs Harbour-Sydney,Coffs Harbour,Sydney,All Airlines,May-18,196,195,1,170,168,25,27,2018,5
Darwin-Alice Springs,Darwin,Alice Springs,All Airlines,May-18,84,83,1,82,81,1,2,2018,5
Darwin-Brisbane,Darwin,Brisbane,All Airlines,May-18,116,115,1,90,107,25,8,2018,5
Darwin-Melbourne,Darwin,Melbourne,All Airlines,May-18,88,87,1,66,69,21,18,2018,5
Darwin-Perth,Darwin,Perth,All Airlines,May-18,62,62,0,52,52,10,10,2018,5
Darwin-Sydney,Darwin,Sydney,All Airlines,May-18,97,97,0,66,76,31,21,2018,5
Dubbo-Sydney,Dubbo,Sydney,All Airlines,May-18,244,242,2,204,199,38,43,2018,5
Emerald-Brisbane,Emerald,Brisbane,All Airlines,May-18,158,158,0,152,151,6,7,2018,5
Geraldton-Perth,Geraldton,Perth,All Airlines,May-18,101,98,3,86,83,12,15,2018,5
Gladstone-Brisbane,Gladstone,Brisbane,All Airlines,May-18,205,203,2,189,189,14,14,2018,5
Gold Coast-Adelaide,Gold Coast,Adelaide,All Airlines,May-18,57,57,0,52,54,5,3,2018,5
Gold Coast-Melbourne,Gold Coast,Melbourne,All Airlines,May-18,424,419,5,333,366,86,53,2018,5
Gold Coast-Sydney,Gold Coast,Sydney,All Airlines,May-18,669,658,11,541,548,117,110,2018,5
Hamilton Island-Brisbane,Hamilton Island,Brisbane,All Airlines,May-18,62,61,1,56,59,5,2,2018,5
Hamilton Island-Sydney,Hamilton Island,Sydney,All Airlines,May-18,67,66,1,59,59,7,7,2018,5
Hobart-Brisbane,Hobart,Brisbane,All Airlines,May-18,48,48,0,38,36,10,12,2018,5
Hobart-Melbourne,Hobart,Melbourne,All Airlines,May-18,429,425,4,334,323,91,102,2018,5
Hobart-Sydney,Hobart,Sydney,All Airlines,May-18,184,183,1,146,149,37,34,2018,5
Kalgoorlie-Perth,Kalgoorlie,Perth,All Airlines,May-18,156,155,1,141,143,14,12,2018,5
Karratha-Perth,Karratha,Perth,All Airlines,May-18,275,268,7,226,226,42,42,2018,5
Launceston-Melbourne,Launceston,Melbourne,All Airlines,May-18,299,297,2,249,239,48,58,2018,5
Launceston-Sydney,Launceston,Sydney,All Airlines,May-18,54,54,0,43,45,11,9,2018,5
Mackay-Brisbane,Mackay,Brisbane,All Airlines,May-18,288,285,3,258,269,27,16,2018,5
Melbourne-Adelaide,Melbourne,Adelaide,All Airlines,May-18,710,698,12,605,607,93,91,2018,5
Melbourne-Brisbane,Melbourne,Brisbane,All Airlines,May-18,1004,985,19,803,801,182,184,2018,5
Melbourne-Cairns,Melbourne,Cairns,All Airlines,May-18,204,200,4,158,154,42,46,2018,5
Melbourne-Canberra,Melbourne,Canberra,All Airlines,May-18,493,489,4,437,430,52,59,2018,5
Melbourne-Darwin,Melbourne,Darwin,All Airlines,May-18,88,88,0,71,66,17,22,2018,5
Melbourne-Gold Coast,Melbourne,Gold Coast,All Airlines,May-18,425,420,5,367,354,53,66,2018,5
Melbourne-Hobart,Melbourne,Hobart,All Airlines,May-18,429,426,3,367,342,59,84,2018,5
Melbourne-Launceston,Melbourne,Launceston,All Airlines,May-18,297,295,2,254,251,41,44,2018,5
Melbourne-Mildura,Melbourne,Mildura,All Airlines,May-18,211,210,1,190,185,20,25,2018,5
Melbourne-Newcastle,Melbourne,Newcastle,All Airlines,May-18,144,143,1,112,114,31,29,2018,5
Melbourne-Perth,Melbourne,Perth,All Airlines,May-18,417,415,2,316,366,99,49,2018,5
Melbourne-Sunshine Coast,Melbourne,Sunshine Coast,All Airlines,May-18,115,115,0,102,99,13,16,2018,5
Melbourne-Sydney,Melbourne,Sydney,All Airlines,May-18,2428,2315,113,1890,1838,425,477,2018,5
Melbourne-Townsville,Melbourne,Townsville,All Airlines,May-18,41,41,0,29,28,12,13,2018,5
Mildura-Melbourne,Mildura,Melbourne,All Airlines,May-18,211,210,1,183,175,27,35,2018,5
Mount Isa-Brisbane,Mount Isa,Brisbane,All Airlines,May-18,76,76,0,56,66,20,10,2018,5
Newcastle-Brisbane,Newcastle,Brisbane,All Airlines,May-18,216,215,1,187,189,28,26,2018,5
Newcastle-Melbourne,Newcastle,Melbourne,All Airlines,May-18,144,142,2,111,112,31,30,2018,5
Newman-Perth,Newman,Perth,All Airlines,May-18,180,178,2,159,167,19,11,2018,5
Perth-Adelaide,Perth,Adelaide,All Airlines,May-18,218,216,2,195,170,21,46,2018,5
Perth-Brisbane,Perth,Brisbane,All Airlines,May-18,253,253,0,235,213,18,40,2018,5
Perth-Broome,Perth,Broome,All Airlines,May-18,172,168,4,149,148,19,20,2018,5
Perth-Darwin,Perth,Darwin,All Airlines,May-18,62,62,0,54,59,8,3,2018,5
Perth-Geraldton,Perth,Geraldton,All Airlines,May-18,101,100,1,85,86,15,14,2018,5
Perth-Kalgoorlie,Perth,Kalgoorlie,All Airlines,May-18,156,155,1,141,141,14,14,2018,5
Perth-Karratha,Perth,Karratha,All Airlines,May-18,274,270,4,238,241,32,29,2018,5
Perth-Melbourne,Perth,Melbourne,All Airlines,May-18,423,420,3,371,329,49,91,2018,5
Perth-Newman,Perth,Newman,All Airlines,May-18,181,180,1,168,165,12,15,2018,5
Perth-Port Hedland,Perth,Port Hedland,All Airlines,May-18,191,189,2,173,175,16,14,2018,5
Perth-Sydney,Perth,Sydney,All Airlines,May-18,380,377,3,330,304,47,73,2018,5
Port Hedland-Perth,Port Hedland,Perth,All Airlines,May-18,191,187,4,170,172,17,15,2018,5
Port Lincoln-Adelaide,Port Lincoln,Adelaide,All Airlines,May-18,293,289,4,262,256,27,33,2018,5
Port Macquarie-Sydney,Port Macquarie,Sydney,All Airlines,May-18,166,165,1,132,140,33,25,2018,5
Proserpine-Brisbane,Proserpine,Brisbane,All Airlines,May-18,57,57,0,47,48,10,9,2018,5
Proserpine-Sydney,Proserpine,Sydney,All Airlines,May-18,36,36,0,29,28,7,8,2018,5
Rockhampton-Brisbane,Rockhampton,Brisbane,All Airlines,May-18,338,337,1,304,301,33,36,2018,5
Sunshine Coast-Melbourne,Sunshine Coast,Melbourne,All Airlines,May-18,115,115,0,77,85,38,30,2018,5
Sunshine Coast-Sydney,Sunshine Coast,Sydney,All Airlines,May-18,173,171,2,133,134,38,37,2018,5
Sydney-Adelaide,Sydney,Adelaide,All Airlines,May-18,540,535,5,432,457,103,78,2018,5
Sydney-Albury,Sydney,Albury,All Airlines,May-18,260,256,4,207,203,49,53,2018,5
Sydney-Armidale,Sydney,Armidale,All Airlines,May-18,193,193,0,167,170,26,23,2018,5
Sydney-Ayers Rock,Sydney,Ayers Rock,All Airlines,May-18,62,62,0,54,53,8,9,2018,5
Sydney-Ballina,Sydney,Ballina,All Airlines,May-18,128,128,0,107,113,21,15,2018,5
Sydney-Brisbane,Sydney,Brisbane,All Airlines,May-18,1426,1393,33,1173,1144,220,249,2018,5
Sydney-Cairns,Sydney,Cairns,All Airlines,May-18,265,262,3,226,227,36,35,2018,5
Sydney-Canberra,Sydney,Canberra,All Airlines,May-18,750,732,18,641,637,91,95,2018,5
Sydney-Coffs Harbour,Sydney,Coffs Harbour,All Airlines,May-18,196,195,1,175,174,20,21,2018,5
Sydney-Darwin,Sydney,Darwin,All Airlines,May-18,98,98,0,74,76,24,22,2018,5
Sydney-Dubbo,Sydney,Dubbo,All Airlines,May-18,242,242,0,203,210,39,32,2018,5
Sydney-Gold Coast,Sydney,Gold Coast,All Airlines,May-18,667,657,10,559,549,98,108,2018,5
Sydney-Hamilton Island,Sydney,Hamilton Island,All Airlines,May-18,67,66,1,56,58,10,8,2018,5
Sydney-Hobart,Sydney,Hobart,All Airlines,May-18,184,183,1,154,153,29,30,2018,5
Sydney-Launceston,Sydney,Launceston,All Airlines,May-18,56,56,0,53,51,3,5,2018,5
Sydney-Melbourne,Sydney,Melbourne,All Airlines,May-18,2424,2308,116,1836,1794,472,514,2018,5
Sydney-Perth,Sydney,Perth,All Airlines,May-18,388,386,2,293,346,93,40,2018,5
Sydney-Port Macquarie,Sydney,Port Macquarie,All Airlines,May-18,166,165,1,138,141,27,24,2018,5
Sydney-Proserpine,Sydney,Proserpine,All Airlines,May-18,35,35,0,32,32,3,3,2018,5
Sydney-Sunshine Coast,Sydney,Sunshine Coast,All Airlines,May-18,173,172,1,137,140,35,32,2018,5
Sydney-Tamworth,Sydney,Tamworth,All Airlines,May-18,174,171,3,156,153,15,18,2018,5
Sydney-Townsville,Sydney,Townsville,All Airlines,May-18,44,43,1,38,37,5,6,2018,5
Sydney-Wagga Wagga,Sydney,Wagga Wagga,All Airlines,May-18,228,226,2,192,199,34,27,2018,5
Tamworth-Sydney,Tamworth,Sydney,All Airlines,May-18,174,170,4,152,148,18,22,2018,5
Townsville-Brisbane,Townsville,Brisbane,All Airlines,May-18,343,341,2,300,308,41,33,2018,5
Townsville-Cairns,Townsville,Cairns,All Airlines,May-18,161,159,2,151,152,8,7,2018,5
Townsville-Melbourne,Townsville,Melbourne,All Airlines,May-18,41,41,0,21,24,20,17,2018,5
Townsville-Sydney,Townsville,Sydney,All Airlines,May-18,44,43,1,35,38,8,5,2018,5
Wagga Wagga-Sydney,Wagga Wagga,Sydney,All Airlines,May-18,227,225,2,188,184,37,41,2018,5
Adelaide-Alice Springs,Adelaide,Alice Springs,All Airlines,Jun-18,51,50,1,39,42,11,8,2018,6
Adelaide-Brisbane,Adelaide,Brisbane,All Airlines,Jun-18,266,263,3,218,214,45,49,2018,6
Adelaide-Canberra,Adelaide,Canberra,All Airlines,Jun-18,65,64,1,57,56,7,8,2018,6
Adelaide-Gold Coast,Adelaide,Gold Coast,All Airlines,Jun-18,57,56,1,48,50,8,6,2018,6
Adelaide-Melbourne,Adelaide,Melbourne,All Airlines,Jun-18,702,684,18,522,522,162,162,2018,6
Adelaide-Perth,Adelaide,Perth,All Airlines,Jun-18,209,207,2,171,161,36,46,2018,6
Adelaide-Port Lincoln,Adelaide,Port Lincoln,All Airlines,Jun-18,283,282,1,260,254,22,28,2018,6
Adelaide-Sydney,Adelaide,Sydney,All Airlines,Jun-18,520,514,6,389,369,125,145,2018,6
Albury-Sydney,Albury,Sydney,All Airlines,Jun-18,241,239,2,186,168,53,71,2018,6
Alice Springs-Adelaide,Alice Springs,Adelaide,All Airlines,Jun-18,52,51,1,40,41,11,10,2018,6
Alice Springs-Darwin,Alice Springs,Darwin,All Airlines,Jun-18,81,80,1,75,75,5,5,2018,6
Armidale-Sydney,Armidale,Sydney,All Airlines,Jun-18,179,177,2,124,116,53,61,2018,6
Ayers Rock-Sydney,Ayers Rock,Sydney,All Airlines,Jun-18,60,60,0,31,35,29,25,2018,6
Ballina-Sydney,Ballina,Sydney,All Airlines,Jun-18,126,125,1,100,99,25,26,2018,6
Brisbane-Adelaide,Brisbane,Adelaide,All Airlines,Jun-18,269,267,2,220,225,47,42,2018,6
Brisbane-Bundaberg,Brisbane,Bundaberg,All Airlines,Jun-18,134,133,1,113,111,20,22,2018,6
Brisbane-Cairns,Brisbane,Cairns,All Airlines,Jun-18,353,351,2,290,278,61,73,2018,6
Brisbane-Canberra,Brisbane,Canberra,All Airlines,Jun-18,256,254,2,222,222,32,32,2018,6
Brisbane-Darwin,Brisbane,Darwin,All Airlines,Jun-18,122,122,0,96,81,26,41,2018,6
Brisbane-Emerald,Brisbane,Emerald,All Airlines,Jun-18,147,147,0,128,127,19,20,2018,6
Brisbane-Gladstone,Brisbane,Gladstone,All Airlines,Jun-18,196,192,4,168,161,24,31,2018,6
Brisbane-Hamilton Island,Brisbane,Hamilton Island,All Airlines,Jun-18,52,52,0,45,45,7,7,2018,6
Brisbane-Hobart,Brisbane,Hobart,All Airlines,Jun-18,50,50,0,41,44,9,6,2018,6
Brisbane-Mackay,Brisbane,Mackay,All Airlines,Jun-18,281,279,2,239,235,40,44,2018,6
Brisbane-Melbourne,Brisbane,Melbourne,All Airlines,Jun-18,989,963,26,722,690,241,273,2018,6
Brisbane-Mount Isa,Brisbane,Mount Isa,All Airlines,Jun-18,71,70,1,57,24,13,46,2018,6
Brisbane-Newcastle,Brisbane,Newcastle,All Airlines,Jun-18,206,203,3,174,166,29,37,2018,6
Brisbane-Perth,Brisbane,Perth,All Airlines,Jun-18,238,235,3,170,163,65,72,2018,6
Brisbane-Proserpine,Brisbane,Proserpine,All Airlines,Jun-18,57,57,0,46,46,11,11,2018,6
Brisbane-Rockhampton,Brisbane,Rockhampton,All Airlines,Jun-18,300,296,4,226,213,70,83,2018,6
Brisbane-Sydney,Brisbane,Sydney,All Airlines,Jun-18,1355,1318,37,1023,994,295,324,2018,6
Brisbane-Townsville,Brisbane,Townsville,All Airlines,Jun-18,333,332,1,274,256,58,76,2018,6
Broome-Perth,Broome,Perth,All Airlines,Jun-18,160,160,0,122,124,38,36,2018,6
Bundaberg-Brisbane,Bundaberg,Brisbane,All Airlines,Jun-18,134,133,1,109,111,24,22,2018,6
Cairns-Brisbane,Cairns,Brisbane,All Airlines,Jun-18,353,351,2,280,298,71,53,2018,6
Cairns-Melbourne,Cairns,Melbourne,All Airlines,Jun-18,219,213,6,146,140,67,73,2018,6
Cairns-Sydney,Cairns,Sydney,All Airlines,Jun-18,280,280,0,241,249,39,31,2018,6
Cairns-Townsville,Cairns,Townsville,All Airlines,Jun-18,151,147,4,139,139,8,8,2018,6
Canberra-Adelaide,Canberra,Adelaide,All Airlines,Jun-18,65,64,1,50,54,14,10,2018,6
Canberra-Brisbane,Canberra,Brisbane,All Airlines,Jun-18,256,253,3,220,219,33,34,2018,6
Canberra-Melbourne,Canberra,Melbourne,All Airlines,Jun-18,451,441,10,369,354,72,87,2018,6
Canberra-Sydney,Canberra,Sydney,All Airlines,Jun-18,709,698,11,568,559,130,139,2018,6
Coffs Harbour-Sydney,Coffs Harbour,Sydney,All Airlines,Jun-18,189,187,2,156,155,31,32,2018,6
Darwin-Alice Springs,Darwin,Alice Springs,All Airlines,Jun-18,82,81,1,76,76,5,5,2018,6
Darwin-Brisbane,Darwin,Brisbane,All Airlines,Jun-18,124,124,0,93,98,31,26,2018,6
Darwin-Melbourne,Darwin,Melbourne,All Airlines,Jun-18,96,95,1,59,66,36,29,2018,6
Darwin-Perth,Darwin,Perth,All Airlines,Jun-18,73,73,0,63,55,10,18,2018,6
Darwin-Sydney,Darwin,Sydney,All Airlines,Jun-18,111,111,0,65,72,46,39,2018,6
Dubbo-Sydney,Dubbo,Sydney,All Airlines,Jun-18,227,226,1,171,158,55,68,2018,6
Emerald-Brisbane,Emerald,Brisbane,All Airlines,Jun-18,147,145,2,126,128,19,17,2018,6
Geraldton-Perth,Geraldton,Perth,All Airlines,Jun-18,95,92,3,81,80,11,12,2018,6
Gladstone-Brisbane,Gladstone,Brisbane,All Airlines,Jun-18,197,193,4,165,167,28,26,2018,6
Gold Coast-Adelaide,Gold Coast,Adelaide,All Airlines,Jun-18,57,56,1,50,47,6,9,2018,6
Gold Coast-Melbourne,Gold Coast,Melbourne,All Airlines,Jun-18,444,436,8,298,308,138,128,2018,6
Gold Coast-Sydney,Gold Coast,Sydney,All Airlines,Jun-18,682,672,10,498,513,174,159,2018,6
Hamilton Island-Brisbane,Hamilton Island,Brisbane,All Airlines,Jun-18,52,52,0,46,46,6,6,2018,6
Hamilton Island-Sydney,Hamilton Island,Sydney,All Airlines,Jun-18,62,61,1,55,51,6,10,2018,6
Hobart-Brisbane,Hobart,Brisbane,All Airlines,Jun-18,50,50,0,34,36,16,14,2018,6
Hobart-Melbourne,Hobart,Melbourne,All Airlines,Jun-18,421,419,2,301,291,118,128,2018,6
Hobart-Sydney,Hobart,Sydney,All Airlines,Jun-18,195,192,3,158,154,34,38,2018,6
Kalgoorlie-Perth,Kalgoorlie,Perth,All Airlines,Jun-18,146,142,4,126,124,16,18,2018,6
Karratha-Perth,Karratha,Perth,All Airlines,Jun-18,252,246,6,192,191,54,55,2018,6
Launceston-Melbourne,Launceston,Melbourne,All Airlines,Jun-18,293,288,5,207,198,81,90,2018,6
Launceston-Sydney,Launceston,Sydney,All Airlines,Jun-18,55,54,1,39,39,15,15,2018,6
Mackay-Brisbane,Mackay,Brisbane,All Airlines,Jun-18,279,276,3,230,237,46,39,2018,6
Melbourne-Adelaide,Melbourne,Adelaide,All Airlines,Jun-18,700,682,18,526,507,156,175,2018,6
Melbourne-Brisbane,Melbourne,Brisbane,All Airlines,Jun-18,1000,974,26,698,709,276,265,2018,6
Melbourne-Cairns,Melbourne,Cairns,All Airlines,Jun-18,219,216,3,161,138,55,78,2018,6
Melbourne-Canberra,Melbourne,Canberra,All Airlines,Jun-18,456,446,10,361,363,85,83,2018,6
Melbourne-Darwin,Melbourne,Darwin,All Airlines,Jun-18,97,97,0,67,59,30,38,2018,6
Melbourne-Gold Coast,Melbourne,Gold Coast,All Airlines,Jun-18,441,435,6,332,323,103,112,2018,6
Melbourne-Hobart,Melbourne,Hobart,All Airlines,Jun-18,423,420,3,330,308,90,112,2018,6
Melbourne-Launceston,Melbourne,Launceston,All Airlines,Jun-18,293,289,4,218,208,71,81,2018,6
Melbourne-Mildura,Melbourne,Mildura,All Airlines,Jun-18,195,190,5,166,164,24,26,2018,6
Melbourne-Newcastle,Melbourne,Newcastle,All Airlines,Jun-18,140,136,4,86,94,50,42,2018,6
Melbourne-Perth,Melbourne,Perth,All Airlines,Jun-18,400,394,6,278,293,116,101,2018,6
Melbourne-Sunshine Coast,Melbourne,Sunshine Coast,All Airlines,Jun-18,121,120,1,97,95,23,25,2018,6
Melbourne-Sydney,Melbourne,Sydney,All Airlines,Jun-18,2297,2169,128,1588,1464,581,705,2018,6
Melbourne-Townsville,Melbourne,Townsville,All Airlines,Jun-18,39,39,0,27,25,12,14,2018,6
Mildura-Melbourne,Mildura,Melbourne,All Airlines,Jun-18,196,191,5,150,143,41,48,2018,6
Mount Isa-Brisbane,Mount Isa,Brisbane,All Airlines,Jun-18,72,71,1,38,46,33,25,2018,6
Newcastle-Brisbane,Newcastle,Brisbane,All Airlines,Jun-18,208,204,4,166,163,38,41,2018,6
Newcastle-Melbourne,Newcastle,Melbourne,All Airlines,Jun-18,140,135,5,91,93,44,42,2018,6
Newman-Perth,Newman,Perth,All Airlines,Jun-18,159,154,5,124,125,30,29,2018,6
Perth-Adelaide,Perth,Adelaide,All Airlines,Jun-18,215,213,2,167,171,46,42,2018,6
Perth-Brisbane,Perth,Brisbane,All Airlines,Jun-18,236,234,2,198,198,36,36,2018,6
Perth-Broome,Perth,Broome,All Airlines,Jun-18,159,159,0,128,132,31,27,2018,6
Perth-Darwin,Perth,Darwin,All Airlines,Jun-18,73,73,0,61,66,12,7,2018,6
Perth-Geraldton,Perth,Geraldton,All Airlines,Jun-18,95,94,1,78,79,16,15,2018,6
Perth-Kalgoorlie,Perth,Kalgoorlie,All Airlines,Jun-18,148,144,4,123,127,21,17,2018,6
Perth-Karratha,Perth,Karratha,All Airlines,Jun-18,250,246,4,204,185,42,61,2018,6
Perth-Melbourne,Perth,Melbourne,All Airlines,Jun-18,409,402,7,321,320,81,82,2018,6
Perth-Newman,Perth,Newman,All Airlines,Jun-18,159,157,2,142,135,15,22,2018,6
Perth-Port Hedland,Perth,Port Hedland,All Airlines,Jun-18,182,177,5,149,147,28,30,2018,6
Perth-Sydney,Perth,Sydney,All Airlines,Jun-18,365,362,3,285,293,77,69,2018,6
Port Hedland-Perth,Port Hedland,Perth,All Airlines,Jun-18,182,177,5,150,147,27,30,2018,6
Port Lincoln-Adelaide,Port Lincoln,Adelaide,All Airlines,Jun-18,284,281,3,247,244,34,37,2018,6
Port Macquarie-Sydney,Port Macquarie,Sydney,All Airlines,Jun-18,149,148,1,110,111,38,37,2018,6
Proserpine-Brisbane,Proserpine,Brisbane,All Airlines,Jun-18,57,57,0,45,46,12,11,2018,6
Proserpine-Sydney,Proserpine,Sydney,All Airlines,Jun-18,39,39,0,30,30,9,9,2018,6
Rockhampton-Brisbane,Rockhampton,Brisbane,All Airlines,Jun-18,306,301,5,239,240,62,61,2018,6
Sunshine Coast-Melbourne,Sunshine Coast,Melbourne,All Airlines,Jun-18,121,120,1,75,75,45,45,2018,6
Sunshine Coast-Sydney,Sunshine Coast,Sydney,All Airlines,Jun-18,175,171,4,130,132,41,39,2018,6
Sydney-Adelaide,Sydney,Adelaide,All Airlines,Jun-18,516,509,7,380,370,129,139,2018,6
Sydney-Albury,Sydney,Albury,All Airlines,Jun-18,242,240,2,186,186,54,54,2018,6
Sydney-Armidale,Sydney,Armidale,All Airlines,Jun-18,174,173,1,130,129,43,44,2018,6
Sydney-Ayers Rock,Sydney,Ayers Rock,All Airlines,Jun-18,60,60,0,48,40,12,20,2018,6
Sydney-Ballina,Sydney,Ballina,All Airlines,Jun-18,124,124,0,100,99,24,25,2018,6
Sydney-Brisbane,Sydney,Brisbane,All Airlines,Jun-18,1346,1306,40,989,986,317,320,2018,6
Sydney-Cairns,Sydney,Cairns,All Airlines,Jun-18,281,281,0,230,236,51,45,2018,6
Sydney-Canberra,Sydney,Canberra,All Airlines,Jun-18,705,692,13,550,554,142,138,2018,6
Sydney-Coffs Harbour,Sydney,Coffs Harbour,All Airlines,Jun-18,188,187,1,145,152,42,35,2018,6
Sydney-Darwin,Sydney,Darwin,All Airlines,Jun-18,110,110,0,72,63,38,47,2018,6
Sydney-Dubbo,Sydney,Dubbo,All Airlines,Jun-18,221,219,2,156,160,63,59,2018,6
Sydney-Gold Coast,Sydney,Gold Coast,All Airlines,Jun-18,686,677,9,497,491,180,186,2018,6
Sydney-Hamilton Island,Sydney,Hamilton Island,All Airlines,Jun-18,62,61,1,50,53,11,8,2018,6
Sydney-Hobart,Sydney,Hobart,All Airlines,Jun-18,192,190,2,163,169,27,21,2018,6
Sydney-Launceston,Sydney,Launceston,All Airlines,Jun-18,55,54,1,47,46,7,8,2018,6
Sydney-Melbourne,Sydney,Melbourne,All Airlines,Jun-18,2308,2177,131,1537,1463,640,714,2018,6
Sydney-Perth,Sydney,Perth,All Airlines,Jun-18,371,369,2,249,258,120,111,2018,6
Sydney-Port Macquarie,Sydney,Port Macquarie,All Airlines,Jun-18,149,148,1,115,113,33,35,2018,6
Sydney-Proserpine,Sydney,Proserpine,All Airlines,Jun-18,39,39,0,35,35,4,4,2018,6
Sydney-Sunshine Coast,Sydney,Sunshine Coast,All Airlines,Jun-18,173,172,1,130,132,42,40,2018,6
Sydney-Tamworth,Sydney,Tamworth,All Airlines,Jun-18,164,163,1,133,126,30,37,2018,6
Sydney-Townsville,Sydney,Townsville,All Airlines,Jun-18,42,42,0,28,29,14,13,2018,6
Sydney-Wagga Wagga,Sydney,Wagga Wagga,All Airlines,Jun-18,211,210,1,171,173,39,37,2018,6
Tamworth-Sydney,Tamworth,Sydney,All Airlines,Jun-18,167,165,2,141,134,24,31,2018,6
Townsville-Brisbane,Townsville,Brisbane,All Airlines,Jun-18,336,335,1,270,276,65,59,2018,6
Townsville-Cairns,Townsville,Cairns,All Airlines,Jun-18,152,148,4,134,136,14,12,2018,6
Townsville-Melbourne,Townsville,Melbourne,All Airlines,Jun-18,39,39,0,20,25,19,14,2018,6
Townsville-Sydney,Townsville,Sydney,All Airlines,Jun-18,42,42,0,30,32,12,10,2018,6
Wagga Wagga-Sydney,Wagga Wagga,Sydney,All Airlines,Jun-18,211,210,1,165,157,45,53,2018,6
Adelaide-Alice Springs,Adelaide,Alice Springs,All Airlines,Jul-18,53,52,1,39,40,13,12,2018,7
Adelaide-Brisbane,Adelaide,Brisbane,All Airlines,Jul-18,296,293,3,217,235,76,58,2018,7
Adelaide-Canberra,Adelaide,Canberra,All Airlines,Jul-18,69,68,1,58,60,10,8,2018,7
Adelaide-Gold Coast,Adelaide,Gold Coast,All Airlines,Jul-18,62,62,0,51,57,11,5,2018,7
Adelaide-Melbourne,Adelaide,Melbourne,All Airlines,Jul-18,765,750,15,535,517,215,233,2018,7
Adelaide-Perth,Adelaide,Perth,All Airlines,Jul-18,222,219,3,171,134,48,85,2018,7
Adelaide-Port Lincoln,Adelaide,Port Lincoln,All Airlines,Jul-18,323,313,10,283,266,30,47,2018,7
Adelaide-Sydney,Adelaide,Sydney,All Airlines,Jul-18,600,578,22,435,456,143,122,2018,7
Albury-Sydney,Albury,Sydney,All Airlines,Jul-18,253,249,4,180,190,69,59,2018,7
Alice Springs-Adelaide,Alice Springs,Adelaide,All Airlines,Jul-18,52,51,1,40,38,11,13,2018,7
Alice Springs-Darwin,Alice Springs,Darwin,All Airlines,Jul-18,84,82,2,73,72,9,10,2018,7
Armidale-Sydney,Armidale,Sydney,All Airlines,Jul-18,181,172,9,121,125,51,47,2018,7
Ayers Rock-Sydney,Ayers Rock,Sydney,All Airlines,Jul-18,62,62,0,24,37,38,25,2018,7
Ballina-Sydney,Ballina,Sydney,All Airlines,Jul-18,151,151,0,102,104,49,47,2018,7
Brisbane-Adelaide,Brisbane,Adelaide,All Airlines,Jul-18,298,295,3,241,231,54,64,2018,7
Brisbane-Bundaberg,Brisbane,Bundaberg,All Airlines,Jul-18,136,136,0,119,120,17,16,2018,7
Brisbane-Cairns,Brisbane,Cairns,All Airlines,Jul-18,415,414,1,328,339,86,75,2018,7
Brisbane-Canberra,Brisbane,Canberra,All Airlines,Jul-18,276,272,4,215,212,57,60,2018,7
Brisbane-Darwin,Brisbane,Darwin,All Airlines,Jul-18,137,136,1,106,113,30,23,2018,7
Brisbane-Emerald,Brisbane,Emerald,All Airlines,Jul-18,157,156,1,144,145,12,11,2018,7
Brisbane-Gladstone,Brisbane,Gladstone,All Airlines,Jul-18,201,201,0,177,174,24,27,2018,7
Brisbane-Hamilton Island,Brisbane,Hamilton Island,All Airlines,Jul-18,57,56,1,41,46,15,10,2018,7
Brisbane-Hobart,Brisbane,Hobart,All Airlines,Jul-18,63,63,0,55,54,8,9,2018,7
Brisbane-Mackay,Brisbane,Mackay,All Airlines,Jul-18,319,316,3,257,264,59,52,2018,7
Brisbane-Melbourne,Brisbane,Melbourne,All Airlines,Jul-18,1095,1068,27,808,675,260,393,2018,7
Brisbane-Mount Isa,Brisbane,Mount Isa,All Airlines,Jul-18,76,76,0,61,32,15,44,2018,7
Brisbane-Newcastle,Brisbane,Newcastle,All Airlines,Jul-18,231,228,3,163,166,65,62,2018,7
Brisbane-Perth,Brisbane,Perth,All Airlines,Jul-18,260,260,0,201,152,59,108,2018,7
Brisbane-Proserpine,Brisbane,Proserpine,All Airlines,Jul-18,71,71,0,57,58,14,13,2018,7
Brisbane-Rockhampton,Brisbane,Rockhampton,All Airlines,Jul-18,316,313,3,241,223,72,90,2018,7
Brisbane-Sydney,Brisbane,Sydney,All Airlines,Jul-18,1501,1453,48,1130,1083,323,370,2018,7
Brisbane-Townsville,Brisbane,Townsville,All Airlines,Jul-18,360,357,3,287,296,70,61,2018,7
Broome-Perth,Broome,Perth,All Airlines,Jul-18,167,165,2,113,110,52,55,2018,7
Bundaberg-Brisbane,Bundaberg,Brisbane,All Airlines,Jul-18,136,136,0,120,122,16,14,2018,7
Cairns-Brisbane,Cairns,Brisbane,All Airlines,Jul-18,414,414,0,327,342,87,72,2018,7
Cairns-Melbourne,Cairns,Melbourne,All Airlines,Jul-18,259,259,0,176,167,83,92,2018,7
Cairns-Sydney,Cairns,Sydney,All Airlines,Jul-18,346,343,3,274,282,69,61,2018,7
Cairns-Townsville,Cairns,Townsville,All Airlines,Jul-18,153,150,3,126,127,24,23,2018,7
Canberra-Adelaide,Canberra,Adelaide,All Airlines,Jul-18,69,68,1,56,57,12,11,2018,7
Canberra-Brisbane,Canberra,Brisbane,All Airlines,Jul-18,276,271,5,217,219,54,52,2018,7
Canberra-Melbourne,Canberra,Melbourne,All Airlines,Jul-18,498,487,11,399,365,88,122,2018,7
Canberra-Sydney,Canberra,Sydney,All Airlines,Jul-18,755,731,24,584,605,147,126,2018,7
Coffs Harbour-Sydney,Coffs Harbour,Sydney,All Airlines,Jul-18,202,197,5,173,173,24,24,2018,7
Darwin-Alice Springs,Darwin,Alice Springs,All Airlines,Jul-18,83,81,2,76,72,5,9,2018,7
Darwin-Brisbane,Darwin,Brisbane,All Airlines,Jul-18,135,134,1,98,102,36,32,2018,7
Darwin-Melbourne,Darwin,Melbourne,All Airlines,Jul-18,102,101,1,57,49,44,52,2018,7
Darwin-Perth,Darwin,Perth,All Airlines,Jul-18,76,76,0,49,48,27,28,2018,7
Darwin-Sydney,Darwin,Sydney,All Airlines,Jul-18,128,128,0,72,82,56,46,2018,7
Dubbo-Sydney,Dubbo,Sydney,All Airlines,Jul-18,234,232,2,194,193,38,39,2018,7
Emerald-Brisbane,Emerald,Brisbane,All Airlines,Jul-18,156,155,1,145,144,10,11,2018,7
Geraldton-Perth,Geraldton,Perth,All Airlines,Jul-18,101,96,5,68,72,28,24,2018,7
Gladstone-Brisbane,Gladstone,Brisbane,All Airlines,Jul-18,202,202,0,176,177,26,25,2018,7
Gold Coast-Adelaide,Gold Coast,Adelaide,All Airlines,Jul-18,62,62,0,57,47,5,15,2018,7
Gold Coast-Melbourne,Gold Coast,Melbourne,All Airlines,Jul-18,516,511,5,328,309,183,202,2018,7
Gold Coast-Sydney,Gold Coast,Sydney,All Airlines,Jul-18,774,747,27,526,542,221,205,2018,7
Hamilton Island-Brisbane,Hamilton Island,Brisbane,All Airlines,Jul-18,57,56,1,45,45,11,11,2018,7
Hamilton Island-Sydney,Hamilton Island,Sydney,All Airlines,Jul-18,89,87,2,70,70,17,17,2018,7
Hobart-Brisbane,Hobart,Brisbane,All Airlines,Jul-18,64,64,0,41,43,23,21,2018,7
Hobart-Melbourne,Hobart,Melbourne,All Airlines,Jul-18,465,456,9,283,253,173,203,2018,7
Hobart-Sydney,Hobart,Sydney,All Airlines,Jul-18,213,212,1,150,166,62,46,2018,7
Kalgoorlie-Perth,Kalgoorlie,Perth,All Airlines,Jul-18,156,149,7,128,124,21,25,2018,7
Karratha-Perth,Karratha,Perth,All Airlines,Jul-18,257,250,7,183,177,67,73,2018,7
Launceston-Melbourne,Launceston,Melbourne,All Airlines,Jul-18,345,343,2,229,208,114,135,2018,7
Launceston-Sydney,Launceston,Sydney,All Airlines,Jul-18,75,74,1,56,55,18,19,2018,7
Mackay-Brisbane,Mackay,Brisbane,All Airlines,Jul-18,314,311,3,262,268,49,43,2018,7
Melbourne-Adelaide,Melbourne,Adelaide,All Airlines,Jul-18,766,752,14,550,511,202,241,2018,7
Melbourne-Brisbane,Melbourne,Brisbane,All Airlines,Jul-18,1110,1084,26,770,771,314,313,2018,7
Melbourne-Cairns,Melbourne,Cairns,All Airlines,Jul-18,259,259,0,183,178,76,81,2018,7
Melbourne-Canberra,Melbourne,Canberra,All Airlines,Jul-18,503,489,14,361,361,128,128,2018,7
Melbourne-Darwin,Melbourne,Darwin,All Airlines,Jul-18,103,103,0,58,60,45,43,2018,7
Melbourne-Gold Coast,Melbourne,Gold Coast,All Airlines,Jul-18,517,514,3,356,366,158,148,2018,7
Melbourne-Hobart,Melbourne,Hobart,All Airlines,Jul-18,465,457,8,302,265,155,192,2018,7
Melbourne-Launceston,Melbourne,Launceston,All Airlines,Jul-18,344,342,2,223,203,119,139,2018,7
Melbourne-Mildura,Melbourne,Mildura,All Airlines,Jul-18,199,193,6,153,135,40,58,2018,7
Melbourne-Newcastle,Melbourne,Newcastle,All Airlines,Jul-18,153,150,3,86,98,64,52,2018,7
Melbourne-Perth,Melbourne,Perth,All Airlines,Jul-18,440,433,7,264,198,169,235,2018,7
Melbourne-Sunshine Coast,Melbourne,Sunshine Coast,All Airlines,Jul-18,164,163,1,104,105,59,58,2018,7
Melbourne-Sydney,Melbourne,Sydney,All Airlines,Jul-18,2454,2259,195,1601,1600,658,659,2018,7
Melbourne-Townsville,Melbourne,Townsville,All Airlines,Jul-18,48,48,0,34,37,14,11,2018,7
Mildura-Melbourne,Mildura,Melbourne,All Airlines,Jul-18,199,193,6,145,130,48,63,2018,7
Mount Isa-Brisbane,Mount Isa,Brisbane,All Airlines,Jul-18,72,72,0,42,48,30,24,2018,7
Newcastle-Brisbane,Newcastle,Brisbane,All Airlines,Jul-18,231,228,3,174,174,54,54,2018,7
Newcastle-Melbourne,Newcastle,Melbourne,All Airlines,Jul-18,152,149,3,90,78,59,71,2018,7
Newman-Perth,Newman,Perth,All Airlines,Jul-18,174,170,4,140,129,30,41,2018,7
Perth-Adelaide,Perth,Adelaide,All Airlines,Jul-18,227,224,3,163,182,61,42,2018,7
Perth-Brisbane,Perth,Brisbane,All Airlines,Jul-18,260,260,0,204,229,56,31,2018,7
Perth-Broome,Perth,Broome,All Airlines,Jul-18,168,166,2,127,131,39,35,2018,7
Perth-Darwin,Perth,Darwin,All Airlines,Jul-18,75,75,0,53,56,22,19,2018,7
Perth-Geraldton,Perth,Geraldton,All Airlines,Jul-18,101,96,5,75,76,21,20,2018,7
Perth-Kalgoorlie,Perth,Kalgoorlie,All Airlines,Jul-18,154,149,5,129,133,20,16,2018,7
Perth-Karratha,Perth,Karratha,All Airlines,Jul-18,257,250,7,202,197,48,53,2018,7
Perth-Melbourne,Perth,Melbourne,All Airlines,Jul-18,443,438,5,291,354,147,84,2018,7
Perth-Newman,Perth,Newman,All Airlines,Jul-18,174,173,1,144,152,29,21,2018,7
Perth-Port Hedland,Perth,Port Hedland,All Airlines,Jul-18,190,188,2,158,155,30,33,2018,7
Perth-Sydney,Perth,Sydney,All Airlines,Jul-18,382,377,5,243,309,134,68,2018,7
Port Hedland-Perth,Port Hedland,Perth,All Airlines,Jul-18,188,186,2,151,144,35,42,2018,7
Port Lincoln-Adelaide,Port Lincoln,Adelaide,All Airlines,Jul-18,323,311,12,264,258,47,53,2018,7
Port Macquarie-Sydney,Port Macquarie,Sydney,All Airlines,Jul-18,160,160,0,121,121,39,39,2018,7
Proserpine-Brisbane,Proserpine,Brisbane,All Airlines,Jul-18,71,71,0,55,57,16,14,2018,7
Proserpine-Sydney,Proserpine,Sydney,All Airlines,Jul-18,40,40,0,29,31,11,9,2018,7
Rockhampton-Brisbane,Rockhampton,Brisbane,All Airlines,Jul-18,320,317,3,244,245,73,72,2018,7
Sunshine Coast-Melbourne,Sunshine Coast,Melbourne,All Airlines,Jul-18,164,162,2,70,72,92,90,2018,7
Sunshine Coast-Sydney,Sunshine Coast,Sydney,All Airlines,Jul-18,199,194,5,132,141,62,53,2018,7
Sydney-Adelaide,Sydney,Adelaide,All Airlines,Jul-18,594,574,20,452,416,122,158,2018,7
Sydney-Albury,Sydney,Albury,All Airlines,Jul-18,256,252,4,176,163,76,89,2018,7
Sydney-Armidale,Sydney,Armidale,All Airlines,Jul-18,182,177,5,132,126,45,51,2018,7
Sydney-Ayers Rock,Sydney,Ayers Rock,All Airlines,Jul-18,62,62,0,54,42,8,20,2018,7
Sydney-Ballina,Sydney,Ballina,All Airlines,Jul-18,151,150,1,113,110,37,40,2018,7
Sydney-Brisbane,Sydney,Brisbane,All Airlines,Jul-18,1493,1457,36,1100,1070,357,387,2018,7
Sydney-Cairns,Sydney,Cairns,All Airlines,Jul-18,346,345,1,270,279,75,66,2018,7
Sydney-Canberra,Sydney,Canberra,All Airlines,Jul-18,749,728,21,590,573,138,155,2018,7
Sydney-Coffs Harbour,Sydney,Coffs Harbour,All Airlines,Jul-18,203,198,5,163,174,35,24,2018,7
Sydney-Darwin,Sydney,Darwin,All Airlines,Jul-18,128,128,0,91,93,37,35,2018,7
Sydney-Dubbo,Sydney,Dubbo,All Airlines,Jul-18,234,233,1,180,189,53,44,2018,7
Sydney-Gold Coast,Sydney,Gold Coast,All Airlines,Jul-18,772,746,26,544,544,202,202,2018,7
Sydney-Hamilton Island,Sydney,Hamilton Island,All Airlines,Jul-18,89,87,2,72,69,15,18,2018,7
Sydney-Hobart,Sydney,Hobart,All Airlines,Jul-18,214,213,1,169,160,44,53,2018,7
Sydney-Launceston,Sydney,Launceston,All Airlines,Jul-18,74,74,0,64,65,10,9,2018,7
Sydney-Melbourne,Sydney,Melbourne,All Airlines,Jul-18,2465,2268,197,1606,1328,662,940,2018,7
Sydney-Perth,Sydney,Perth,All Airlines,Jul-18,395,393,2,277,189,116,204,2018,7
Sydney-Port Macquarie,Sydney,Port Macquarie,All Airlines,Jul-18,160,160,0,132,131,28,29,2018,7
Sydney-Proserpine,Sydney,Proserpine,All Airlines,Jul-18,40,40,0,33,31,7,9,2018,7
Sydney-Sunshine Coast,Sydney,Sunshine Coast,All Airlines,Jul-18,201,198,3,141,143,57,55,2018,7
Sydney-Tamworth,Sydney,Tamworth,All Airlines,Jul-18,173,170,3,138,137,32,33,2018,7
Sydney-Townsville,Sydney,Townsville,All Airlines,Jul-18,63,63,0,52,47,11,16,2018,7
Sydney-Wagga Wagga,Sydney,Wagga Wagga,All Airlines,Jul-18,232,225,7,190,185,35,40,2018,7
Tamworth-Sydney,Tamworth,Sydney,All Airlines,Jul-18,171,168,3,141,140,27,28,2018,7
Townsville-Brisbane,Townsville,Brisbane,All Airlines,Jul-18,360,356,4,298,306,58,50,2018,7
Townsville-Cairns,Townsville,Cairns,All Airlines,Jul-18,150,147,3,126,126,21,21,2018,7
Townsville-Melbourne,Townsville,Melbourne,All Airlines,Jul-18,48,47,1,31,31,16,16,2018,7
Townsville-Sydney,Townsville,Sydney,All Airlines,Jul-18,63,63,0,43,45,20,18,2018,7
Wagga Wagga-Sydney,Wagga Wagga,Sydney,All Airlines,Jul-18,235,229,6,184,183,45,46,2018,7
Adelaide-Alice Springs,Adelaide,Alice Springs,All Airlines,Aug-18,54,54,0,41,40,13,14,2018,8
Adelaide-Brisbane,Adelaide,Brisbane,All Airlines,Aug-18,287,282,5,235,245,47,37,2018,8
Adelaide-Canberra,Adelaide,Canberra,All Airlines,Aug-18,78,78,0,63,62,15,16,2018,8
Adelaide-Gold Coast,Adelaide,Gold Coast,All Airlines,Aug-18,63,62,1,43,56,19,6,2018,8
Adelaide-Melbourne,Adelaide,Melbourne,All Airlines,Aug-18,722,704,18,543,554,161,150,2018,8
Adelaide-Perth,Adelaide,Perth,All Airlines,Aug-18,213,209,4,182,163,27,46,2018,8
Adelaide-Port Lincoln,Adelaide,Port Lincoln,All Airlines,Aug-18,329,324,5,296,275,28,49,2018,8
Adelaide-Sydney,Adelaide,Sydney,All Airlines,Aug-18,555,547,8,450,459,97,88,2018,8
Albury-Sydney,Albury,Sydney,All Airlines,Aug-18,270,266,4,220,219,46,47,2018,8
Alice Springs-Adelaide,Alice Springs,Adelaide,All Airlines,Aug-18,54,54,0,43,43,11,11,2018,8
Alice Springs-Darwin,Alice Springs,Darwin,All Airlines,Aug-18,86,84,2,69,66,15,18,2018,8
Armidale-Sydney,Armidale,Sydney,All Airlines,Aug-18,198,197,1,145,144,52,53,2018,8
Ayers Rock-Sydney,Ayers Rock,Sydney,All Airlines,Aug-18,62,62,0,14,33,48,29,2018,8
Ballina-Sydney,Ballina,Sydney,All Airlines,Aug-18,141,139,2,98,98,41,41,2018,8
Brisbane-Adelaide,Brisbane,Adelaide,All Airlines,Aug-18,287,283,4,248,226,35,57,2018,8
Brisbane-Bundaberg,Brisbane,Bundaberg,All Airlines,Aug-18,139,139,0,124,125,15,14,2018,8
Brisbane-Cairns,Brisbane,Cairns,All Airlines,Aug-18,404,403,1,334,345,69,58,2018,8
Brisbane-Canberra,Brisbane,Canberra,All Airlines,Aug-18,275,274,1,234,226,40,48,2018,8
Brisbane-Darwin,Brisbane,Darwin,All Airlines,Aug-18,122,121,1,107,104,14,17,2018,8
Brisbane-Emerald,Brisbane,Emerald,All Airlines,Aug-18,157,157,0,141,138,16,19,2018,8
Brisbane-Gladstone,Brisbane,Gladstone,All Airlines,Aug-18,209,209,0,193,193,16,16,2018,8
Brisbane-Hamilton Island,Brisbane,Hamilton Island,All Airlines,Aug-18,53,51,2,37,42,14,9,2018,8
Brisbane-Hobart,Brisbane,Hobart,All Airlines,Aug-18,63,63,0,59,55,4,8,2018,8
Brisbane-Mackay,Brisbane,Mackay,All Airlines,Aug-18,303,302,1,263,273,39,29,2018,8
Brisbane-Melbourne,Brisbane,Melbourne,All Airlines,Aug-18,1017,993,24,852,746,141,247,2018,8
Brisbane-Mount Isa,Brisbane,Mount Isa,All Airlines,Aug-18,77,77,0,65,33,12,44,2018,8
Brisbane-Newcastle,Brisbane,Newcastle,All Airlines,Aug-18,230,228,2,182,178,46,50,2018,8
Brisbane-Perth,Brisbane,Perth,All Airlines,Aug-18,258,258,0,210,178,48,80,2018,8
Brisbane-Proserpine,Brisbane,Proserpine,All Airlines,Aug-18,62,62,0,60,60,2,2,2018,8
Brisbane-Rockhampton,Brisbane,Rockhampton,All Airlines,Aug-18,317,317,0,268,258,49,59,2018,8
Brisbane-Sydney,Brisbane,Sydney,All Airlines,Aug-18,1460,1423,37,1208,1162,215,261,2018,8
Brisbane-Townsville,Brisbane,Townsville,All Airlines,Aug-18,349,347,2,301,292,46,55,2018,8
Broome-Perth,Broome,Perth,All Airlines,Aug-18,173,166,7,113,116,53,50,2018,8
Bundaberg-Brisbane,Bundaberg,Brisbane,All Airlines,Aug-18,139,139,0,127,125,12,14,2018,8
Cairns-Brisbane,Cairns,Brisbane,All Airlines,Aug-18,404,403,1,339,344,64,59,2018,8
Cairns-Melbourne,Cairns,Melbourne,All Airlines,Aug-18,239,234,5,173,161,61,73,2018,8
Cairns-Sydney,Cairns,Sydney,All Airlines,Aug-18,318,317,1,243,254,74,63,2018,8
Cairns-Townsville,Cairns,Townsville,All Airlines,Aug-18,152,149,3,135,136,14,13,2018,8
Canberra-Adelaide,Canberra,Adelaide,All Airlines,Aug-18,78,78,0,61,62,17,16,2018,8
Canberra-Brisbane,Canberra,Brisbane,All Airlines,Aug-18,275,272,3,230,231,42,41,2018,8
Canberra-Melbourne,Canberra,Melbourne,All Airlines,Aug-18,501,496,5,434,418,62,78,2018,8
Canberra-Sydney,Canberra,Sydney,All Airlines,Aug-18,766,751,15,618,620,133,131,2018,8
Coffs Harbour-Sydney,Coffs Harbour,Sydney,All Airlines,Aug-18,191,187,4,156,147,31,40,2018,8
Darwin-Alice Springs,Darwin,Alice Springs,All Airlines,Aug-18,85,84,1,72,66,12,18,2018,8
Darwin-Brisbane,Darwin,Brisbane,All Airlines,Aug-18,122,120,2,93,93,27,27,2018,8
Darwin-Melbourne,Darwin,Melbourne,All Airlines,Aug-18,98,98,0,61,65,37,33,2018,8
Darwin-Perth,Darwin,Perth,All Airlines,Aug-18,62,62,0,35,32,27,30,2018,8
Darwin-Sydney,Darwin,Sydney,All Airlines,Aug-18,106,106,0,56,64,50,42,2018,8
Dubbo-Sydney,Dubbo,Sydney,All Airlines,Aug-18,243,242,1,202,199,40,43,2018,8
Emerald-Brisbane,Emerald,Brisbane,All Airlines,Aug-18,159,158,1,141,143,17,15,2018,8
Geraldton-Perth,Geraldton,Perth,All Airlines,Aug-18,103,99,4,80,79,19,20,2018,8
Gladstone-Brisbane,Gladstone,Brisbane,All Airlines,Aug-18,208,208,0,184,193,24,15,2018,8
Gold Coast-Adelaide,Gold Coast,Adelaide,All Airlines,Aug-18,62,62,0,55,46,7,16,2018,8
Gold Coast-Melbourne,Gold Coast,Melbourne,All Airlines,Aug-18,474,465,9,351,346,114,119,2018,8
Gold Coast-Sydney,Gold Coast,Sydney,All Airlines,Aug-18,750,736,14,586,579,150,157,2018,8
Hamilton Island-Brisbane,Hamilton Island,Brisbane,All Airlines,Aug-18,53,51,2,38,38,13,13,2018,8
Hamilton Island-Sydney,Hamilton Island,Sydney,All Airlines,Aug-18,85,83,2,61,64,22,19,2018,8
Hobart-Brisbane,Hobart,Brisbane,All Airlines,Aug-18,61,61,0,45,50,16,11,2018,8
Hobart-Melbourne,Hobart,Melbourne,All Airlines,Aug-18,435,427,8,323,312,104,115,2018,8
Hobart-Sydney,Hobart,Sydney,All Airlines,Aug-18,189,187,2,132,135,55,52,2018,8
Kalgoorlie-Perth,Kalgoorlie,Perth,All Airlines,Aug-18,164,162,2,138,140,24,22,2018,8
Karratha-Perth,Karratha,Perth,All Airlines,Aug-18,261,253,8,203,201,50,52,2018,8
Launceston-Melbourne,Launceston,Melbourne,All Airlines,Aug-18,288,286,2,231,218,55,68,2018,8
Launceston-Sydney,Launceston,Sydney,All Airlines,Aug-18,59,59,0,48,50,11,9,2018,8
Mackay-Brisbane,Mackay,Brisbane,All Airlines,Aug-18,300,297,3,269,270,28,27,2018,8
Melbourne-Adelaide,Melbourne,Adelaide,All Airlines,Aug-18,726,708,18,566,542,142,166,2018,8
Melbourne-Brisbane,Melbourne,Brisbane,All Airlines,Aug-18,1023,1000,23,818,837,182,163,2018,8
Melbourne-Cairns,Melbourne,Cairns,All Airlines,Aug-18,239,234,5,186,185,48,49,2018,8
Melbourne-Canberra,Melbourne,Canberra,All Airlines,Aug-18,504,499,5,433,432,66,67,2018,8
Melbourne-Darwin,Melbourne,Darwin,All Airlines,Aug-18,98,98,0,77,63,21,35,2018,8
Melbourne-Gold Coast,Melbourne,Gold Coast,All Airlines,Aug-18,473,466,7,372,379,94,87,2018,8
Melbourne-Hobart,Melbourne,Hobart,All Airlines,Aug-18,435,427,8,346,322,81,105,2018,8
Melbourne-Launceston,Melbourne,Launceston,All Airlines,Aug-18,288,286,2,226,216,60,70,2018,8
Melbourne-Mildura,Melbourne,Mildura,All Airlines,Aug-18,217,214,3,191,175,23,39,2018,8
Melbourne-Newcastle,Melbourne,Newcastle,All Airlines,Aug-18,141,138,3,98,107,40,31,2018,8
Melbourne-Perth,Melbourne,Perth,All Airlines,Aug-18,416,411,5,282,255,129,156,2018,8
Melbourne-Sunshine Coast,Melbourne,Sunshine Coast,All Airlines,Aug-18,156,155,1,122,132,33,23,2018,8
Melbourne-Sydney,Melbourne,Sydney,All Airlines,Aug-18,2386,2242,144,1756,1769,486,473,2018,8
Mildura-Melbourne,Mildura,Melbourne,All Airlines,Aug-18,217,213,4,183,178,30,35,2018,8
Mount Isa-Brisbane,Mount Isa,Brisbane,All Airlines,Aug-18,78,78,0,46,54,32,24,2018,8
Newcastle-Brisbane,Newcastle,Brisbane,All Airlines,Aug-18,229,226,3,189,188,37,38,2018,8
Newcastle-Melbourne,Newcastle,Melbourne,All Airlines,Aug-18,141,138,3,101,97,37,41,2018,8
Newman-Perth,Newman,Perth,All Airlines,Aug-18,177,173,4,152,150,21,23,2018,8
Perth-Adelaide,Perth,Adelaide,All Airlines,Aug-18,221,217,4,178,189,39,28,2018,8
Perth-Brisbane,Perth,Brisbane,All Airlines,Aug-18,259,259,0,227,242,32,17,2018,8
Perth-Broome,Perth,Broome,All Airlines,Aug-18,173,167,6,128,130,39,37,2018,8
Perth-Darwin,Perth,Darwin,All Airlines,Aug-18,62,62,0,46,46,16,16,2018,8
Perth-Geraldton,Perth,Geraldton,All Airlines,Aug-18,104,101,3,77,79,24,22,2018,8
Perth-Kalgoorlie,Perth,Kalgoorlie,All Airlines,Aug-18,165,163,2,149,146,14,17,2018,8
Perth-Karratha,Perth,Karratha,All Airlines,Aug-18,261,255,6,225,196,30,59,2018,8
Perth-Melbourne,Perth,Melbourne,All Airlines,Aug-18,421,416,5,306,339,110,77,2018,8
Perth-Newman,Perth,Newman,All Airlines,Aug-18,176,172,4,153,149,19,23,2018,8
Perth-Port Hedland,Perth,Port Hedland,All Airlines,Aug-18,194,192,2,176,163,16,29,2018,8
Perth-Sydney,Perth,Sydney,All Airlines,Aug-18,367,363,4,243,307,120,56,2018,8
Port Hedland-Perth,Port Hedland,Perth,All Airlines,Aug-18,195,191,4,164,154,27,37,2018,8
Port Lincoln-Adelaide,Port Lincoln,Adelaide,All Airlines,Aug-18,328,323,5,287,277,36,46,2018,8
Port Macquarie-Sydney,Port Macquarie,Sydney,All Airlines,Aug-18,156,153,3,108,105,45,48,2018,8
Proserpine-Brisbane,Proserpine,Brisbane,All Airlines,Aug-18,62,62,0,58,57,4,5,2018,8
Proserpine-Sydney,Proserpine,Sydney,All Airlines,Aug-18,38,38,0,33,31,5,7,2018,8
Rockhampton-Brisbane,Rockhampton,Brisbane,All Airlines,Aug-18,321,321,0,273,273,48,48,2018,8
Sunshine Coast-Melbourne,Sunshine Coast,Melbourne,All Airlines,Aug-18,156,155,1,75,87,80,68,2018,8
Sunshine Coast-Sydney,Sunshine Coast,Sydney,All Airlines,Aug-18,177,175,2,124,124,51,51,2018,8
Sydney-Adelaide,Sydney,Adelaide,All Airlines,Aug-18,546,538,8,434,408,104,130,2018,8
Sydney-Albury,Sydney,Albury,All Airlines,Aug-18,273,269,4,212,206,57,63,2018,8
Sydney-Armidale,Sydney,Armidale,All Airlines,Aug-18,194,194,0,156,154,38,40,2018,8
Sydney-Ayers Rock,Sydney,Ayers Rock,All Airlines,Aug-18,62,62,0,48,28,14,34,2018,8
Sydney-Ballina,Sydney,Ballina,All Airlines,Aug-18,141,140,1,113,111,27,29,2018,8
Sydney-Brisbane,Sydney,Brisbane,All Airlines,Aug-18,1447,1413,34,1157,1161,256,252,2018,8
Sydney-Cairns,Sydney,Cairns,All Airlines,Aug-18,319,319,0,263,258,56,61,2018,8
Sydney-Canberra,Sydney,Canberra,All Airlines,Aug-18,763,749,14,622,593,127,156,2018,8
Sydney-Coffs Harbour,Sydney,Coffs Harbour,All Airlines,Aug-18,191,188,3,143,148,45,40,2018,8
Sydney-Darwin,Sydney,Darwin,All Airlines,Aug-18,107,107,0,80,79,27,28,2018,8
Sydney-Dubbo,Sydney,Dubbo,All Airlines,Aug-18,243,243,0,203,203,40,40,2018,8
Sydney-Gold Coast,Sydney,Gold Coast,All Airlines,Aug-18,752,739,13,583,587,156,152,2018,8
Sydney-Hamilton Island,Sydney,Hamilton Island,All Airlines,Aug-18,85,84,1,69,65,15,19,2018,8
Sydney-Hobart,Sydney,Hobart,All Airlines,Aug-18,190,189,1,154,149,35,40,2018,8
Sydney-Launceston,Sydney,Launceston,All Airlines,Aug-18,60,60,0,50,53,10,7,2018,8
Sydney-Melbourne,Sydney,Melbourne,All Airlines,Aug-18,2403,2260,143,1820,1674,440,586,2018,8
Sydney-Perth,Sydney,Perth,All Airlines,Aug-18,373,369,4,250,209,119,160,2018,8
Sydney-Port Macquarie,Sydney,Port Macquarie,All Airlines,Aug-18,156,154,2,111,111,43,43,2018,8
Sydney-Proserpine,Sydney,Proserpine,All Airlines,Aug-18,39,39,0,37,35,2,4,2018,8
Sydney-Sunshine Coast,Sydney,Sunshine Coast,All Airlines,Aug-18,178,176,2,127,130,49,46,2018,8
Sydney-Tamworth,Sydney,Tamworth,All Airlines,Aug-18,176,173,3,133,126,40,47,2018,8
Sydney-Townsville,Sydney,Townsville,All Airlines,Aug-18,57,57,0,44,40,13,17,2018,8
Sydney-Wagga Wagga,Sydney,Wagga Wagga,All Airlines,Aug-18,238,235,3,198,198,37,37,2018,8
Tamworth-Sydney,Tamworth,Sydney,All Airlines,Aug-18,176,171,5,147,142,24,29,2018,8
Townsville-Brisbane,Townsville,Brisbane,All Airlines,Aug-18,349,346,3,295,300,51,46,2018,8
Townsville-Cairns,Townsville,Cairns,All Airlines,Aug-18,154,152,2,135,137,17,15,2018,8
Townsville-Sydney,Townsville,Sydney,All Airlines,Aug-18,57,57,0,36,42,21,15,2018,8
Wagga Wagga-Sydney,Wagga Wagga,Sydney,All Airlines,Aug-18,241,237,4,195,193,42,44,2018,8
Adelaide-Alice Springs,Adelaide,Alice Springs,All Airlines,Sep-18,50,50,0,45,43,5,7,2018,9
Adelaide-Brisbane,Adelaide,Brisbane,All Airlines,Sep-18,277,274,3,241,244,33,30,2018,9
Adelaide-Canberra,Adelaide,Canberra,All Airlines,Sep-18,75,75,0,65,67,10,8,2018,9
Adelaide-Gold Coast,Adelaide,Gold Coast,All Airlines,Sep-18,61,60,1,50,57,10,3,2018,9
Adelaide-Melbourne,Adelaide,Melbourne,All Airlines,Sep-18,722,701,21,569,588,132,113,2018,9
Adelaide-Perth,Adelaide,Perth,All Airlines,Sep-18,206,203,3,177,181,26,22,2018,9
Adelaide-Port Lincoln,Adelaide,Port Lincoln,All Airlines,Sep-18,318,316,2,291,280,25,36,2018,9
Adelaide-Sydney,Adelaide,Sydney,All Airlines,Sep-18,561,549,12,468,457,81,92,2018,9
Albury-Sydney,Albury,Sydney,All Airlines,Sep-18,253,250,3,205,202,45,48,2018,9
Alice Springs-Adelaide,Alice Springs,Adelaide,All Airlines,Sep-18,51,51,0,47,45,4,6,2018,9
Alice Springs-Darwin,Alice Springs,Darwin,All Airlines,Sep-18,80,77,3,73,74,4,3,2018,9
Armidale-Sydney,Armidale,Sydney,All Airlines,Sep-18,184,182,2,142,142,40,40,2018,9
Ayers Rock-Sydney,Ayers Rock,Sydney,All Airlines,Sep-18,60,60,0,32,43,28,17,2018,9
Ballina-Sydney,Ballina,Sydney,All Airlines,Sep-18,143,140,3,85,92,55,48,2018,9
Brisbane-Adelaide,Brisbane,Adelaide,All Airlines,Sep-18,281,279,2,241,235,38,44,2018,9
Brisbane-Bundaberg,Brisbane,Bundaberg,All Airlines,Sep-18,132,132,0,114,114,18,18,2018,9
Brisbane-Cairns,Brisbane,Cairns,All Airlines,Sep-18,394,388,6,333,347,55,41,2018,9
Brisbane-Canberra,Brisbane,Canberra,All Airlines,Sep-18,265,262,3,227,225,35,37,2018,9
Brisbane-Darwin,Brisbane,Darwin,All Airlines,Sep-18,112,110,2,99,103,11,7,2018,9
Brisbane-Emerald,Brisbane,Emerald,All Airlines,Sep-18,145,145,0,133,135,12,10,2018,9
Brisbane-Gladstone,Brisbane,Gladstone,All Airlines,Sep-18,193,191,2,162,156,29,35,2018,9
Brisbane-Hamilton Island,Brisbane,Hamilton Island,All Airlines,Sep-18,52,52,0,45,46,7,6,2018,9
Brisbane-Hobart,Brisbane,Hobart,All Airlines,Sep-18,63,63,0,58,58,5,5,2018,9
Brisbane-Mackay,Brisbane,Mackay,All Airlines,Sep-18,288,286,2,234,236,52,50,2018,9
Brisbane-Melbourne,Brisbane,Melbourne,All Airlines,Sep-18,1039,1007,32,843,805,164,202,2018,9
Brisbane-Mount Isa,Brisbane,Mount Isa,All Airlines,Sep-18,71,71,0,62,52,9,19,2018,9
Brisbane-Newcastle,Brisbane,Newcastle,All Airlines,Sep-18,215,214,1,176,177,38,37,2018,9
Brisbane-Perth,Brisbane,Perth,All Airlines,Sep-18,245,244,1,198,200,46,44,2018,9
Brisbane-Proserpine,Brisbane,Proserpine,All Airlines,Sep-18,70,70,0,56,57,14,13,2018,9
Brisbane-Rockhampton,Brisbane,Rockhampton,All Airlines,Sep-18,300,300,0,246,241,54,59,2018,9
Brisbane-Sydney,Brisbane,Sydney,All Airlines,Sep-18,1419,1375,44,1176,1126,199,249,2018,9
Brisbane-Townsville,Brisbane,Townsville,All Airlines,Sep-18,338,334,4,287,292,47,42,2018,9
Broome-Perth,Broome,Perth,All Airlines,Sep-18,171,166,5,117,126,49,40,2018,9
Bundaberg-Brisbane,Bundaberg,Brisbane,All Airlines,Sep-18,132,132,0,119,119,13,13,2018,9
Cairns-Brisbane,Cairns,Brisbane,All Airlines,Sep-18,394,387,7,349,347,38,40,2018,9
Cairns-Melbourne,Cairns,Melbourne,All Airlines,Sep-18,241,240,1,193,182,47,58,2018,9
Cairns-Sydney,Cairns,Sydney,All Airlines,Sep-18,313,310,3,271,278,39,32,2018,9
Cairns-Townsville,Cairns,Townsville,All Airlines,Sep-18,142,142,0,131,133,11,9,2018,9
Canberra-Adelaide,Canberra,Adelaide,All Airlines,Sep-18,75,74,1,61,63,13,11,2018,9
Canberra-Brisbane,Canberra,Brisbane,All Airlines,Sep-18,265,264,1,241,240,23,24,2018,9
Canberra-Melbourne,Canberra,Melbourne,All Airlines,Sep-18,473,468,5,419,408,49,60,2018,9
Canberra-Sydney,Canberra,Sydney,All Airlines,Sep-18,711,695,16,569,572,126,123,2018,9
Coffs Harbour-Sydney,Coffs Harbour,Sydney,All Airlines,Sep-18,188,183,5,157,147,26,36,2018,9
Darwin-Alice Springs,Darwin,Alice Springs,All Airlines,Sep-18,81,79,2,75,75,4,4,2018,9
Darwin-Brisbane,Darwin,Brisbane,All Airlines,Sep-18,113,111,2,92,97,19,14,2018,9
Darwin-Melbourne,Darwin,Melbourne,All Airlines,Sep-18,90,90,0,65,64,25,26,2018,9
Darwin-Perth,Darwin,Perth,All Airlines,Sep-18,66,66,0,54,58,12,8,2018,9
Darwin-Sydney,Darwin,Sydney,All Airlines,Sep-18,105,103,2,80,75,23,28,2018,9
Dubbo-Sydney,Dubbo,Sydney,All Airlines,Sep-18,222,220,2,184,173,36,47,2018,9
Emerald-Brisbane,Emerald,Brisbane,All Airlines,Sep-18,145,145,0,134,135,11,10,2018,9
Geraldton-Perth,Geraldton,Perth,All Airlines,Sep-18,96,95,1,82,84,13,11,2018,9
Gladstone-Brisbane,Gladstone,Brisbane,All Airlines,Sep-18,193,190,3,160,162,30,28,2018,9
Gold Coast-Adelaide,Gold Coast,Adelaide,All Airlines,Sep-18,61,61,0,60,56,1,5,2018,9
Gold Coast-Melbourne,Gold Coast,Melbourne,All Airlines,Sep-18,502,491,11,368,381,123,110,2018,9
Gold Coast-Sydney,Gold Coast,Sydney,All Airlines,Sep-18,773,753,20,600,604,153,149,2018,9
Hamilton Island-Brisbane,Hamilton Island,Brisbane,All Airlines,Sep-18,52,52,0,45,45,7,7,2018,9
Hamilton Island-Sydney,Hamilton Island,Sydney,All Airlines,Sep-18,84,84,0,73,74,11,10,2018,9
Hobart-Brisbane,Hobart,Brisbane,All Airlines,Sep-18,64,64,0,52,54,12,10,2018,9
Hobart-Melbourne,Hobart,Melbourne,All Airlines,Sep-18,446,437,9,324,308,113,129,2018,9
Hobart-Sydney,Hobart,Sydney,All Airlines,Sep-18,202,198,4,147,149,51,49,2018,9
Kalgoorlie-Perth,Kalgoorlie,Perth,All Airlines,Sep-18,148,147,1,132,135,15,12,2018,9
Karratha-Perth,Karratha,Perth,All Airlines,Sep-18,244,240,4,205,202,35,38,2018,9
Launceston-Melbourne,Launceston,Melbourne,All Airlines,Sep-18,304,302,2,241,226,61,76,2018,9
Launceston-Sydney,Launceston,Sydney,All Airlines,Sep-18,64,64,0,52,51,12,13,2018,9
Mackay-Brisbane,Mackay,Brisbane,All Airlines,Sep-18,285,282,3,238,240,44,42,2018,9
Melbourne-Adelaide,Melbourne,Adelaide,All Airlines,Sep-18,724,705,19,595,585,110,120,2018,9
Melbourne-Brisbane,Melbourne,Brisbane,All Airlines,Sep-18,1058,1022,36,823,833,199,189,2018,9
Melbourne-Cairns,Melbourne,Cairns,All Airlines,Sep-18,241,240,1,187,189,53,51,2018,9
Melbourne-Canberra,Melbourne,Canberra,All Airlines,Sep-18,477,471,6,427,420,44,51,2018,9
Melbourne-Darwin,Melbourne,Darwin,All Airlines,Sep-18,90,90,0,70,64,20,26,2018,9
Melbourne-Gold Coast,Melbourne,Gold Coast,All Airlines,Sep-18,500,488,12,395,397,93,91,2018,9
Melbourne-Hobart,Melbourne,Hobart,All Airlines,Sep-18,445,438,7,354,338,84,100,2018,9
Melbourne-Launceston,Melbourne,Launceston,All Airlines,Sep-18,304,302,2,238,234,64,68,2018,9
Melbourne-Mildura,Melbourne,Mildura,All Airlines,Sep-18,201,201,0,184,175,17,26,2018,9
Melbourne-Newcastle,Melbourne,Newcastle,All Airlines,Sep-18,141,138,3,103,107,35,31,2018,9
Melbourne-Perth,Melbourne,Perth,All Airlines,Sep-18,457,452,5,314,340,138,112,2018,9
Melbourne-Sunshine Coast,Melbourne,Sunshine Coast,All Airlines,Sep-18,165,165,0,129,139,36,26,2018,9
Melbourne-Sydney,Melbourne,Sydney,All Airlines,Sep-18,2359,2192,167,1783,1698,409,494,2018,9
Mildura-Melbourne,Mildura,Melbourne,All Airlines,Sep-18,200,200,0,167,164,33,36,2018,9
Mount Isa-Brisbane,Mount Isa,Brisbane,All Airlines,Sep-18,71,71,0,61,60,10,11,2018,9
Newcastle-Brisbane,Newcastle,Brisbane,All Airlines,Sep-18,215,213,2,179,184,34,29,2018,9
Newcastle-Melbourne,Newcastle,Melbourne,All Airlines,Sep-18,141,139,2,101,99,38,40,2018,9
Newman-Perth,Newman,Perth,All Airlines,Sep-18,160,157,3,143,144,14,13,2018,9
Perth-Adelaide,Perth,Adelaide,All Airlines,Sep-18,207,206,1,174,169,32,37,2018,9
Perth-Brisbane,Perth,Brisbane,All Airlines,Sep-18,245,243,2,210,216,33,27,2018,9
Perth-Broome,Perth,Broome,All Airlines,Sep-18,171,170,1,142,141,28,29,2018,9
Perth-Darwin,Perth,Darwin,All Airlines,Sep-18,66,66,0,59,59,7,7,2018,9
Perth-Geraldton,Perth,Geraldton,All Airlines,Sep-18,96,96,0,86,85,10,11,2018,9
Perth-Kalgoorlie,Perth,Kalgoorlie,All Airlines,Sep-18,147,146,1,134,129,12,17,2018,9
Perth-Karratha,Perth,Karratha,All Airlines,Sep-18,244,243,1,208,187,35,56,2018,9
Perth-Melbourne,Perth,Melbourne,All Airlines,Sep-18,463,457,6,364,374,93,83,2018,9
Perth-Newman,Perth,Newman,All Airlines,Sep-18,160,157,3,145,141,12,16,2018,9
Perth-Port Hedland,Perth,Port Hedland,All Airlines,Sep-18,177,174,3,165,155,9,19,2018,9
Perth-Sydney,Perth,Sydney,All Airlines,Sep-18,352,348,4,242,280,106,68,2018,9
Port Hedland-Perth,Port Hedland,Perth,All Airlines,Sep-18,176,172,4,156,150,16,22,2018,9
Port Lincoln-Adelaide,Port Lincoln,Adelaide,All Airlines,Sep-18,317,315,2,285,277,30,38,2018,9
Port Macquarie-Sydney,Port Macquarie,Sydney,All Airlines,Sep-18,153,151,2,113,113,38,38,2018,9
Proserpine-Brisbane,Proserpine,Brisbane,All Airlines,Sep-18,70,70,0,56,57,14,13,2018,9
Proserpine-Sydney,Proserpine,Sydney,All Airlines,Sep-18,40,40,0,32,35,8,5,2018,9
Rockhampton-Brisbane,Rockhampton,Brisbane,All Airlines,Sep-18,304,304,0,254,249,50,55,2018,9
Sunshine Coast-Melbourne,Sunshine Coast,Melbourne,All Airlines,Sep-18,165,165,0,98,110,67,55,2018,9
Sunshine Coast-Sydney,Sunshine Coast,Sydney,All Airlines,Sep-18,186,183,3,130,134,53,49,2018,9
Sydney-Adelaide,Sydney,Adelaide,All Airlines,Sep-18,552,543,9,446,448,97,95,2018,9
Sydney-Albury,Sydney,Albury,All Airlines,Sep-18,255,252,3,200,201,52,51,2018,9
Sydney-Armidale,Sydney,Armidale,All Airlines,Sep-18,183,181,2,149,147,32,34,2018,9
Sydney-Ayers Rock,Sydney,Ayers Rock,All Airlines,Sep-18,60,60,0,47,40,13,20,2018,9
Sydney-Ballina,Sydney,Ballina,All Airlines,Sep-18,141,140,1,110,107,30,33,2018,9
Sydney-Brisbane,Sydney,Brisbane,All Airlines,Sep-18,1408,1364,44,1134,1144,230,220,2018,9
Sydney-Cairns,Sydney,Cairns,All Airlines,Sep-18,313,310,3,254,273,56,37,2018,9
Sydney-Canberra,Sydney,Canberra,All Airlines,Sep-18,707,690,17,564,563,126,127,2018,9
Sydney-Coffs Harbour,Sydney,Coffs Harbour,All Airlines,Sep-18,188,184,4,147,153,37,31,2018,9
Sydney-Darwin,Sydney,Darwin,All Airlines,Sep-18,104,103,1,81,81,22,22,2018,9
Sydney-Dubbo,Sydney,Dubbo,All Airlines,Sep-18,223,222,1,190,187,32,35,2018,9
Sydney-Gold Coast,Sydney,Gold Coast,All Airlines,Sep-18,772,754,18,605,607,149,147,2018,9
Sydney-Hamilton Island,Sydney,Hamilton Island,All Airlines,Sep-18,84,84,0,72,72,12,12,2018,9
Sydney-Hobart,Sydney,Hobart,All Airlines,Sep-18,200,198,2,153,153,45,45,2018,9
Sydney-Launceston,Sydney,Launceston,All Airlines,Sep-18,64,64,0,55,59,9,5,2018,9
Sydney-Melbourne,Sydney,Melbourne,All Airlines,Sep-18,2364,2194,170,1772,1715,422,479,2018,9
Sydney-Perth,Sydney,Perth,All Airlines,Sep-18,364,362,2,258,271,104,91,2018,9
Sydney-Port Macquarie,Sydney,Port Macquarie,All Airlines,Sep-18,153,152,1,121,114,31,38,2018,9
Sydney-Proserpine,Sydney,Proserpine,All Airlines,Sep-18,39,39,0,35,37,4,2,2018,9
Sydney-Sunshine Coast,Sydney,Sunshine Coast,All Airlines,Sep-18,186,183,3,135,140,48,43,2018,9
Sydney-Tamworth,Sydney,Tamworth,All Airlines,Sep-18,163,161,2,122,122,39,39,2018,9
Sydney-Townsville,Sydney,Townsville,All Airlines,Sep-18,58,58,0,48,45,10,13,2018,9
Sydney-Wagga Wagga,Sydney,Wagga Wagga,All Airlines,Sep-18,222,221,1,196,202,25,19,2018,9
Tamworth-Sydney,Tamworth,Sydney,All Airlines,Sep-18,163,160,3,138,128,22,32,2018,9
Townsville-Brisbane,Townsville,Brisbane,All Airlines,Sep-18,339,334,5,298,298,36,36,2018,9
Townsville-Cairns,Townsville,Cairns,All Airlines,Sep-18,140,140,0,132,131,8,9,2018,9
Townsville-Sydney,Townsville,Sydney,All Airlines,Sep-18,58,58,0,47,50,11,8,2018,9
Wagga Wagga-Sydney,Wagga Wagga,Sydney,All Airlines,Sep-18,225,224,1,195,187,29,37,2018,9
Adelaide-Alice Springs,Adelaide,Alice Springs,All Airlines,Oct-18,54,54,0,39,42,15,12,2018,10
Adelaide-Brisbane,Adelaide,Brisbane,All Airlines,Oct-18,295,294,1,250,243,44,51,2018,10
Adelaide-Canberra,Adelaide,Canberra,All Airlines,Oct-18,80,80,0,68,65,12,15,2018,10
Adelaide-Gold Coast,Adelaide,Gold Coast,All Airlines,Oct-18,65,65,0,54,54,11,11,2018,10
Adelaide-Melbourne,Adelaide,Melbourne,All Airlines,Oct-18,758,736,22,598,603,138,133,2018,10
Adelaide-Perth,Adelaide,Perth,All Airlines,Oct-18,224,221,3,184,189,37,32,2018,10
Adelaide-Port Lincoln,Adelaide,Port Lincoln,All Airlines,Oct-18,332,330,2,310,301,20,29,2018,10
Adelaide-Sydney,Adelaide,Sydney,All Airlines,Oct-18,607,595,12,467,402,128,193,2018,10
Albury-Sydney,Albury,Sydney,All Airlines,Oct-18,270,269,1,212,193,57,76,2018,10
Alice Springs-Adelaide,Alice Springs,Adelaide,All Airlines,Oct-18,53,52,1,40,39,12,13,2018,10
Alice Springs-Darwin,Alice Springs,Darwin,All Airlines,Oct-18,82,81,1,72,73,9,8,2018,10
Armidale-Sydney,Armidale,Sydney,All Airlines,Oct-18,196,194,2,141,130,53,64,2018,10
Ayers Rock-Sydney,Ayers Rock,Sydney,All Airlines,Oct-18,63,62,1,30,38,32,24,2018,10
Ballina-Sydney,Ballina,Sydney,All Airlines,Oct-18,151,151,0,95,97,56,54,2018,10
Brisbane-Adelaide,Brisbane,Adelaide,All Airlines,Oct-18,303,301,2,240,259,61,42,2018,10
Brisbane-Bundaberg,Brisbane,Bundaberg,All Airlines,Oct-18,140,139,1,110,105,29,34,2018,10
Brisbane-Cairns,Brisbane,Cairns,All Airlines,Oct-18,404,402,2,323,351,79,51,2018,10
Brisbane-Canberra,Brisbane,Canberra,All Airlines,Oct-18,279,275,4,223,221,52,54,2018,10
Brisbane-Darwin,Brisbane,Darwin,All Airlines,Oct-18,116,114,2,94,100,20,14,2018,10
Brisbane-Emerald,Brisbane,Emerald,All Airlines,Oct-18,159,158,1,141,144,17,14,2018,10
Brisbane-Gladstone,Brisbane,Gladstone,All Airlines,Oct-18,204,203,1,173,170,30,33,2018,10
Brisbane-Hamilton Island,Brisbane,Hamilton Island,All Airlines,Oct-18,53,53,0,44,46,9,7,2018,10
Brisbane-Hobart,Brisbane,Hobart,All Airlines,Oct-18,67,67,0,53,57,14,10,2018,10
Brisbane-Mackay,Brisbane,Mackay,All Airlines,Oct-18,303,297,6,233,248,64,49,2018,10
Brisbane-Melbourne,Brisbane,Melbourne,All Airlines,Oct-18,1106,1085,21,845,867,240,218,2018,10
Brisbane-Mount Isa,Brisbane,Mount Isa,All Airlines,Oct-18,77,77,0,68,65,9,12,2018,10
Brisbane-Newcastle,Brisbane,Newcastle,All Airlines,Oct-18,223,220,3,184,187,36,33,2018,10
Brisbane-Perth,Brisbane,Perth,All Airlines,Oct-18,263,263,0,213,227,50,36,2018,10
Brisbane-Proserpine,Brisbane,Proserpine,All Airlines,Oct-18,82,82,0,68,72,14,10,2018,10
Brisbane-Rockhampton,Brisbane,Rockhampton,All Airlines,Oct-18,318,318,0,252,244,66,74,2018,10
Brisbane-Sydney,Brisbane,Sydney,All Airlines,Oct-18,1506,1430,76,1065,1009,365,421,2018,10
Brisbane-Townsville,Brisbane,Townsville,All Airlines,Oct-18,347,344,3,274,283,70,61,2018,10
Broome-Perth,Broome,Perth,All Airlines,Oct-18,171,168,3,134,137,34,31,2018,10
Bundaberg-Brisbane,Bundaberg,Brisbane,All Airlines,Oct-18,140,139,1,108,111,31,28,2018,10
Cairns-Brisbane,Cairns,Brisbane,All Airlines,Oct-18,405,402,3,346,333,56,69,2018,10
Cairns-Melbourne,Cairns,Melbourne,All Airlines,Oct-18,237,236,1,178,173,58,63,2018,10
Cairns-Sydney,Cairns,Sydney,All Airlines,Oct-18,340,336,4,276,259,60,77,2018,10
Cairns-Townsville,Cairns,Townsville,All Airlines,Oct-18,151,149,2,135,138,14,11,2018,10
Canberra-Adelaide,Canberra,Adelaide,All Airlines,Oct-18,80,80,0,63,68,17,12,2018,10
Canberra-Brisbane,Canberra,Brisbane,All Airlines,Oct-18,279,273,6,226,219,47,54,2018,10
Canberra-Melbourne,Canberra,Melbourne,All Airlines,Oct-18,496,492,4,415,408,77,84,2018,10
Canberra-Sydney,Canberra,Sydney,All Airlines,Oct-18,742,725,17,566,526,159,199,2018,10
Coffs Harbour-Sydney,Coffs Harbour,Sydney,All Airlines,Oct-18,198,197,1,160,146,37,51,2018,10
Darwin-Alice Springs,Darwin,Alice Springs,All Airlines,Oct-18,82,79,3,72,72,7,7,2018,10
Darwin-Brisbane,Darwin,Brisbane,All Airlines,Oct-18,115,113,2,90,89,23,24,2018,10
Darwin-Melbourne,Darwin,Melbourne,All Airlines,Oct-18,90,90,0,69,65,21,25,2018,10
Darwin-Perth,Darwin,Perth,All Airlines,Oct-18,68,68,0,61,62,7,6,2018,10
Darwin-Sydney,Darwin,Sydney,All Airlines,Oct-18,108,108,0,87,66,21,42,2018,10
Dubbo-Sydney,Dubbo,Sydney,All Airlines,Oct-18,239,239,0,177,154,62,85,2018,10
Emerald-Brisbane,Emerald,Brisbane,All Airlines,Oct-18,159,156,3,135,128,21,28,2018,10
Geraldton-Perth,Geraldton,Perth,All Airlines,Oct-18,103,102,1,79,77,23,25,2018,10
Gladstone-Brisbane,Gladstone,Brisbane,All Airlines,Oct-18,204,202,2,167,165,35,37,2018,10
Gold Coast-Adelaide,Gold Coast,Adelaide,All Airlines,Oct-18,65,65,0,49,54,16,11,2018,10
Gold Coast-Melbourne,Gold Coast,Melbourne,All Airlines,Oct-18,530,521,9,356,406,165,115,2018,10
Gold Coast-Sydney,Gold Coast,Sydney,All Airlines,Oct-18,811,790,21,549,558,241,232,2018,10
Hamilton Island-Brisbane,Hamilton Island,Brisbane,All Airlines,Oct-18,53,53,0,47,40,6,13,2018,10
Hamilton Island-Sydney,Hamilton Island,Sydney,All Airlines,Oct-18,89,89,0,69,69,20,20,2018,10
Hobart-Brisbane,Hobart,Brisbane,All Airlines,Oct-18,68,68,0,47,45,21,23,2018,10
Hobart-Melbourne,Hobart,Melbourne,All Airlines,Oct-18,491,486,5,368,345,118,141,2018,10
Hobart-Sydney,Hobart,Sydney,All Airlines,Oct-18,236,233,3,175,168,58,65,2018,10
Kalgoorlie-Perth,Kalgoorlie,Perth,All Airlines,Oct-18,159,158,1,136,141,22,17,2018,10
Karratha-Perth,Karratha,Perth,All Airlines,Oct-18,268,266,2,226,228,40,38,2018,10
Launceston-Melbourne,Launceston,Melbourne,All Airlines,Oct-18,335,334,1,263,252,71,82,2018,10
Launceston-Sydney,Launceston,Sydney,All Airlines,Oct-18,75,74,1,55,48,19,26,2018,10
Mackay-Brisbane,Mackay,Brisbane,All Airlines,Oct-18,296,291,5,244,240,47,51,2018,10
Melbourne-Adelaide,Melbourne,Adelaide,All Airlines,Oct-18,757,738,19,622,612,116,126,2018,10
Melbourne-Brisbane,Melbourne,Brisbane,All Airlines,Oct-18,1125,1097,28,882,846,215,251,2018,10
Melbourne-Cairns,Melbourne,Cairns,All Airlines,Oct-18,236,235,1,177,188,58,47,2018,10
Melbourne-Canberra,Melbourne,Canberra,All Airlines,Oct-18,501,494,7,429,411,65,83,2018,10
Melbourne-Darwin,Melbourne,Darwin,All Airlines,Oct-18,90,90,0,68,68,22,22,2018,10
Melbourne-Gold Coast,Melbourne,Gold Coast,All Airlines,Oct-18,529,521,8,419,378,102,143,2018,10
Melbourne-Hobart,Melbourne,Hobart,All Airlines,Oct-18,490,485,5,383,367,102,118,2018,10
Melbourne-Launceston,Melbourne,Launceston,All Airlines,Oct-18,334,333,1,263,261,70,72,2018,10
Melbourne-Mildura,Melbourne,Mildura,All Airlines,Oct-18,217,217,0,198,192,19,25,2018,10
Melbourne-Newcastle,Melbourne,Newcastle,All Airlines,Oct-18,147,146,1,111,108,35,38,2018,10
Melbourne-Perth,Melbourne,Perth,All Airlines,Oct-18,450,446,4,311,343,135,103,2018,10
Melbourne-Sunshine Coast,Melbourne,Sunshine Coast,All Airlines,Oct-18,161,159,2,117,115,42,44,2018,10
Melbourne-Sydney,Melbourne,Sydney,All Airlines,Oct-18,2550,2416,134,1893,1584,523,832,2018,10
Mildura-Melbourne,Mildura,Melbourne,All Airlines,Oct-18,217,217,0,187,183,30,34,2018,10
Mount Isa-Brisbane,Mount Isa,Brisbane,All Airlines,Oct-18,76,76,0,67,63,9,13,2018,10
Newcastle-Brisbane,Newcastle,Brisbane,All Airlines,Oct-18,222,220,2,187,185,33,35,2018,10
Newcastle-Melbourne,Newcastle,Melbourne,All Airlines,Oct-18,147,146,1,110,104,36,42,2018,10
Newman-Perth,Newman,Perth,All Airlines,Oct-18,180,178,2,150,155,28,23,2018,10
Perth-Adelaide,Perth,Adelaide,All Airlines,Oct-18,228,226,2,193,177,33,49,2018,10
Perth-Brisbane,Perth,Brisbane,All Airlines,Oct-18,260,260,0,229,210,31,50,2018,10
Perth-Broome,Perth,Broome,All Airlines,Oct-18,171,169,2,150,138,19,31,2018,10
Perth-Darwin,Perth,Darwin,All Airlines,Oct-18,68,68,0,63,62,5,6,2018,10
Perth-Geraldton,Perth,Geraldton,All Airlines,Oct-18,103,102,1,82,81,20,21,2018,10
Perth-Kalgoorlie,Perth,Kalgoorlie,All Airlines,Oct-18,159,158,1,143,141,15,17,2018,10
Perth-Karratha,Perth,Karratha,All Airlines,Oct-18,268,267,1,236,207,31,60,2018,10
Perth-Melbourne,Perth,Melbourne,All Airlines,Oct-18,456,452,4,381,372,71,80,2018,10
Perth-Newman,Perth,Newman,All Airlines,Oct-18,179,178,1,158,156,20,22,2018,10
Perth-Port Hedland,Perth,Port Hedland,All Airlines,Oct-18,193,191,2,169,163,22,28,2018,10
Perth-Sydney,Perth,Sydney,All Airlines,Oct-18,375,375,0,295,286,80,89,2018,10
Port Hedland-Perth,Port Hedland,Perth,All Airlines,Oct-18,192,190,2,161,159,29,31,2018,10
Port Lincoln-Adelaide,Port Lincoln,Adelaide,All Airlines,Oct-18,332,330,2,308,300,22,30,2018,10
Port Macquarie-Sydney,Port Macquarie,Sydney,All Airlines,Oct-18,159,158,1,109,108,49,50,2018,10
Proserpine-Brisbane,Proserpine,Brisbane,All Airlines,Oct-18,82,82,0,67,70,15,12,2018,10
Proserpine-Sydney,Proserpine,Sydney,All Airlines,Oct-18,42,41,1,26,26,15,15,2018,10
Rockhampton-Brisbane,Rockhampton,Brisbane,All Airlines,Oct-18,323,322,1,255,246,67,76,2018,10
Sunshine Coast-Melbourne,Sunshine Coast,Melbourne,All Airlines,Oct-18,159,157,2,73,101,84,56,2018,10
Sunshine Coast-Sydney,Sunshine Coast,Sydney,All Airlines,Oct-18,216,213,3,104,115,109,98,2018,10
Sydney-Adelaide,Sydney,Adelaide,All Airlines,Oct-18,597,587,10,416,456,171,131,2018,10
Sydney-Albury,Sydney,Albury,All Airlines,Oct-18,269,268,1,198,205,70,63,2018,10
Sydney-Armidale,Sydney,Armidale,All Airlines,Oct-18,197,196,1,147,147,49,49,2018,10
Sydney-Ayers Rock,Sydney,Ayers Rock,All Airlines,Oct-18,63,63,0,44,44,19,19,2018,10
Sydney-Ballina,Sydney,Ballina,All Airlines,Oct-18,152,152,0,109,105,43,47,2018,10
Sydney-Brisbane,Sydney,Brisbane,All Airlines,Oct-18,1501,1435,66,1000,1005,435,430,2018,10
Sydney-Cairns,Sydney,Cairns,All Airlines,Oct-18,337,333,4,237,267,96,66,2018,10
Sydney-Canberra,Sydney,Canberra,All Airlines,Oct-18,737,725,12,526,542,199,183,2018,10
Sydney-Coffs Harbour,Sydney,Coffs Harbour,All Airlines,Oct-18,198,197,1,153,158,44,39,2018,10
Sydney-Darwin,Sydney,Darwin,All Airlines,Oct-18,107,107,0,72,86,35,21,2018,10
Sydney-Dubbo,Sydney,Dubbo,All Airlines,Oct-18,240,239,1,174,182,65,57,2018,10
Sydney-Gold Coast,Sydney,Gold Coast,All Airlines,Oct-18,812,792,20,565,571,227,221,2018,10
Sydney-Hamilton Island,Sydney,Hamilton Island,All Airlines,Oct-18,89,89,0,63,72,26,17,2018,10
Sydney-Hobart,Sydney,Hobart,All Airlines,Oct-18,237,236,1,180,192,56,44,2018,10
Sydney-Launceston,Sydney,Launceston,All Airlines,Oct-18,74,74,0,51,59,23,15,2018,10
Sydney-Melbourne,Sydney,Melbourne,All Airlines,Oct-18,2563,2430,133,1703,1715,727,715,2018,10
Sydney-Perth,Sydney,Perth,All Airlines,Oct-18,382,382,0,221,296,161,86,2018,10
Sydney-Port Macquarie,Sydney,Port Macquarie,All Airlines,Oct-18,159,157,2,115,113,42,44,2018,10
Sydney-Proserpine,Sydney,Proserpine,All Airlines,Oct-18,42,41,1,28,30,13,11,2018,10
Sydney-Sunshine Coast,Sydney,Sunshine Coast,All Airlines,Oct-18,215,213,2,120,125,93,88,2018,10
Sydney-Tamworth,Sydney,Tamworth,All Airlines,Oct-18,177,175,2,136,130,39,45,2018,10
Sydney-Townsville,Sydney,Townsville,All Airlines,Oct-18,58,58,0,37,44,21,14,2018,10
Sydney-Wagga Wagga,Sydney,Wagga Wagga,All Airlines,Oct-18,238,238,0,199,204,39,34,2018,10
Tamworth-Sydney,Tamworth,Sydney,All Airlines,Oct-18,177,176,1,132,130,44,46,2018,10
Townsville-Brisbane,Townsville,Brisbane,All Airlines,Oct-18,346,343,3,295,286,48,57,2018,10
Townsville-Cairns,Townsville,Cairns,All Airlines,Oct-18,152,149,3,139,143,10,6,2018,10
Townsville-Sydney,Townsville,Sydney,All Airlines,Oct-18,58,58,0,44,39,14,19,2018,10
Wagga Wagga-Sydney,Wagga Wagga,Sydney,All Airlines,Oct-18,236,236,0,199,173,37,63,2018,10
Adelaide-Alice Springs,Adelaide,Alice Springs,All Airlines,Nov-18,52,51,1,31,28,20,23,2018,11
Adelaide-Brisbane,Adelaide,Brisbane,All Airlines,Nov-18,277,271,6,205,223,66,48,2018,11
Adelaide-Canberra,Adelaide,Canberra,All Airlines,Nov-18,70,70,0,48,51,22,19,2018,11
Adelaide-Gold Coast,Adelaide,Gold Coast,All Airlines,Nov-18,56,56,0,53,56,3,0,2018,11
Adelaide-Melbourne,Adelaide,Melbourne,All Airlines,Nov-18,749,721,28,506,502,215,219,2018,11
Adelaide-Perth,Adelaide,Perth,All Airlines,Nov-18,211,206,5,162,149,44,57,2018,11
Adelaide-Port Lincoln,Adelaide,Port Lincoln,All Airlines,Nov-18,323,319,4,279,271,40,48,2018,11
Adelaide-Sydney,Adelaide,Sydney,All Airlines,Nov-18,567,547,20,378,401,169,146,2018,11
Albury-Sydney,Albury,Sydney,All Airlines,Nov-18,257,250,7,192,191,58,59,2018,11
Alice Springs-Adelaide,Alice Springs,Adelaide,All Airlines,Nov-18,52,51,1,36,36,15,15,2018,11
Alice Springs-Darwin,Alice Springs,Darwin,All Airlines,Nov-18,74,72,2,57,60,15,12,2018,11
Armidale-Sydney,Armidale,Sydney,All Airlines,Nov-18,190,186,4,135,132,51,54,2018,11
Ayers Rock-Sydney,Ayers Rock,Sydney,All Airlines,Nov-18,56,56,0,23,32,33,24,2018,11
Ballina-Sydney,Ballina,Sydney,All Airlines,Nov-18,126,121,5,88,86,33,35,2018,11
Brisbane-Adelaide,Brisbane,Adelaide,All Airlines,Nov-18,273,269,4,226,199,43,70,2018,11
Brisbane-Bundaberg,Brisbane,Bundaberg,All Airlines,Nov-18,150,150,0,132,135,18,15,2018,11
Brisbane-Cairns,Brisbane,Cairns,All Airlines,Nov-18,366,364,2,289,295,75,69,2018,11
Brisbane-Canberra,Brisbane,Canberra,All Airlines,Nov-18,259,256,3,200,190,56,66,2018,11
Brisbane-Darwin,Brisbane,Darwin,All Airlines,Nov-18,90,88,2,77,75,11,13,2018,11
Brisbane-Emerald,Brisbane,Emerald,All Airlines,Nov-18,156,156,0,140,138,16,18,2018,11
Brisbane-Gladstone,Brisbane,Gladstone,All Airlines,Nov-18,204,204,0,178,177,26,27,2018,11
Brisbane-Hamilton Island,Brisbane,Hamilton Island,All Airlines,Nov-18,51,51,0,40,41,11,10,2018,11
Brisbane-Hobart,Brisbane,Hobart,All Airlines,Nov-18,69,69,0,65,67,4,2,2018,11
Brisbane-Mackay,Brisbane,Mackay,All Airlines,Nov-18,285,279,6,230,231,49,48,2018,11
Brisbane-Melbourne,Brisbane,Melbourne,All Airlines,Nov-18,1054,1022,32,731,626,291,396,2018,11
Brisbane-Mount Isa,Brisbane,Mount Isa,All Airlines,Nov-18,71,71,0,53,51,18,20,2018,11
Brisbane-Newcastle,Brisbane,Newcastle,All Airlines,Nov-18,254,252,2,210,207,42,45,2018,11
Brisbane-Perth,Brisbane,Perth,All Airlines,Nov-18,258,258,0,199,113,59,145,2018,11
Brisbane-Proserpine,Brisbane,Proserpine,All Airlines,Nov-18,75,75,0,70,67,5,8,2018,11
Brisbane-Rockhampton,Brisbane,Rockhampton,All Airlines,Nov-18,315,312,3,254,251,58,61,2018,11
Brisbane-Sydney,Brisbane,Sydney,All Airlines,Nov-18,1451,1390,61,1092,1070,298,320,2018,11
Brisbane-Townsville,Brisbane,Townsville,All Airlines,Nov-18,325,324,1,265,270,59,54,2018,11
Broome-Perth,Broome,Perth,All Airlines,Nov-18,142,140,2,107,111,33,29,2018,11
Bundaberg-Brisbane,Bundaberg,Brisbane,All Airlines,Nov-18,150,150,0,137,137,13,13,2018,11
Cairns-Brisbane,Cairns,Brisbane,All Airlines,Nov-18,366,363,3,286,292,77,71,2018,11
Cairns-Melbourne,Cairns,Melbourne,All Airlines,Nov-18,185,180,5,121,113,59,67,2018,11
Cairns-Sydney,Cairns,Sydney,All Airlines,Nov-18,267,264,3,199,201,65,63,2018,11
Cairns-Townsville,Cairns,Townsville,All Airlines,Nov-18,148,148,0,131,130,17,18,2018,11
Canberra-Adelaide,Canberra,Adelaide,All Airlines,Nov-18,70,70,0,58,52,12,18,2018,11
Canberra-Brisbane,Canberra,Brisbane,All Airlines,Nov-18,259,256,3,187,192,69,64,2018,11
Canberra-Melbourne,Canberra,Melbourne,All Airlines,Nov-18,491,482,9,362,340,120,142,2018,11
Canberra-Sydney,Canberra,Sydney,All Airlines,Nov-18,746,707,39,546,540,161,167,2018,11
Coffs Harbour-Sydney,Coffs Harbour,Sydney,All Airlines,Nov-18,203,198,5,148,147,50,51,2018,11
Darwin-Alice Springs,Darwin,Alice Springs,All Airlines,Nov-18,74,72,2,64,64,8,8,2018,11
Darwin-Brisbane,Darwin,Brisbane,All Airlines,Nov-18,92,90,2,69,74,21,16,2018,11
Darwin-Melbourne,Darwin,Melbourne,All Airlines,Nov-18,82,82,0,52,57,30,25,2018,11
Darwin-Perth,Darwin,Perth,All Airlines,Nov-18,62,59,3,45,46,14,13,2018,11
Darwin-Sydney,Darwin,Sydney,All Airlines,Nov-18,95,93,2,65,67,28,26,2018,11
Dubbo-Sydney,Dubbo,Sydney,All Airlines,Nov-18,233,226,7,175,177,51,49,2018,11
Emerald-Brisbane,Emerald,Brisbane,All Airlines,Nov-18,156,155,1,137,137,18,18,2018,11
Geraldton-Perth,Geraldton,Perth,All Airlines,Nov-18,99,99,0,82,83,17,16,2018,11
Gladstone-Brisbane,Gladstone,Brisbane,All Airlines,Nov-18,204,204,0,181,178,23,26,2018,11
Gold Coast-Adelaide,Gold Coast,Adelaide,All Airlines,Nov-18,56,56,0,52,49,4,7,2018,11
Gold Coast-Melbourne,Gold Coast,Melbourne,All Airlines,Nov-18,470,458,12,275,270,183,188,2018,11
Gold Coast-Sydney,Gold Coast,Sydney,All Airlines,Nov-18,732,702,30,523,524,179,178,2018,11
Hamilton Island-Brisbane,Hamilton Island,Brisbane,All Airlines,Nov-18,51,51,0,38,40,13,11,2018,11
Hamilton Island-Sydney,Hamilton Island,Sydney,All Airlines,Nov-18,75,73,2,51,54,22,19,2018,11
Hobart-Brisbane,Hobart,Brisbane,All Airlines,Nov-18,68,68,0,62,66,6,2,2018,11
Hobart-Melbourne,Hobart,Melbourne,All Airlines,Nov-18,488,478,10,289,267,189,211,2018,11
Hobart-Sydney,Hobart,Sydney,All Airlines,Nov-18,218,213,5,155,148,58,65,2018,11
Kalgoorlie-Perth,Kalgoorlie,Perth,All Airlines,Nov-18,149,149,0,132,129,17,20,2018,11
Karratha-Perth,Karratha,Perth,All Airlines,Nov-18,260,250,10,217,214,33,36,2018,11
Launceston-Melbourne,Launceston,Melbourne,All Airlines,Nov-18,349,343,6,234,230,109,113,2018,11
Launceston-Sydney,Launceston,Sydney,All Airlines,Nov-18,80,75,5,53,52,22,23,2018,11
Mackay-Brisbane,Mackay,Brisbane,All Airlines,Nov-18,281,275,6,240,241,35,34,2018,11
Melbourne-Adelaide,Melbourne,Adelaide,All Airlines,Nov-18,742,716,26,526,488,190,228,2018,11
Melbourne-Brisbane,Melbourne,Brisbane,All Airlines,Nov-18,1052,1020,32,710,709,310,311,2018,11
Melbourne-Cairns,Melbourne,Cairns,All Airlines,Nov-18,185,181,4,132,136,49,45,2018,11
Melbourne-Canberra,Melbourne,Canberra,All Airlines,Nov-18,490,478,12,346,344,132,134,2018,11
Melbourne-Darwin,Melbourne,Darwin,All Airlines,Nov-18,82,81,1,59,53,22,28,2018,11
Melbourne-Gold Coast,Melbourne,Gold Coast,All Airlines,Nov-18,468,460,8,295,302,165,158,2018,11
Melbourne-Hobart,Melbourne,Hobart,All Airlines,Nov-18,490,481,9,341,339,140,142,2018,11
Melbourne-Launceston,Melbourne,Launceston,All Airlines,Nov-18,350,344,6,232,230,112,114,2018,11
Melbourne-Mildura,Melbourne,Mildura,All Airlines,Nov-18,210,208,2,170,166,38,42,2018,11
Melbourne-Newcastle,Melbourne,Newcastle,All Airlines,Nov-18,137,133,4,82,88,51,45,2018,11
Melbourne-Perth,Melbourne,Perth,All Airlines,Nov-18,450,438,12,294,259,144,179,2018,11
Melbourne-Sunshine Coast,Melbourne,Sunshine Coast,All Airlines,Nov-18,156,154,2,110,116,44,38,2018,11
Melbourne-Sydney,Melbourne,Sydney,All Airlines,Nov-18,2474,2286,188,1633,1563,653,723,2018,11
Mildura-Melbourne,Mildura,Melbourne,All Airlines,Nov-18,211,209,2,150,147,59,62,2018,11
Mount Isa-Brisbane,Mount Isa,Brisbane,All Airlines,Nov-18,72,72,0,54,52,18,20,2018,11
Newcastle-Brisbane,Newcastle,Brisbane,All Airlines,Nov-18,254,250,4,211,211,39,39,2018,11
Newcastle-Melbourne,Newcastle,Melbourne,All Airlines,Nov-18,137,131,6,90,85,41,46,2018,11
Newman-Perth,Newman,Perth,All Airlines,Nov-18,169,165,4,144,145,21,20,2018,11
Perth-Adelaide,Perth,Adelaide,All Airlines,Nov-18,225,220,5,179,181,41,39,2018,11
Perth-Brisbane,Perth,Brisbane,All Airlines,Nov-18,258,258,0,201,227,57,31,2018,11
Perth-Broome,Perth,Broome,All Airlines,Nov-18,141,140,1,109,110,31,30,2018,11
Perth-Darwin,Perth,Darwin,All Airlines,Nov-18,60,59,1,51,50,8,9,2018,11
Perth-Geraldton,Perth,Geraldton,All Airlines,Nov-18,99,99,0,85,85,14,14,2018,11
Perth-Kalgoorlie,Perth,Kalgoorlie,All Airlines,Nov-18,150,149,1,134,128,15,21,2018,11
Perth-Karratha,Perth,Karratha,All Airlines,Nov-18,260,254,6,220,211,34,43,2018,11
Perth-Melbourne,Perth,Melbourne,All Airlines,Nov-18,443,431,12,317,343,114,88,2018,11
Perth-Newman,Perth,Newman,All Airlines,Nov-18,169,168,1,152,150,16,18,2018,11
Perth-Port Hedland,Perth,Port Hedland,All Airlines,Nov-18,188,187,1,165,160,22,27,2018,11
Perth-Sydney,Perth,Sydney,All Airlines,Nov-18,387,384,3,292,301,92,83,2018,11
Port Hedland-Perth,Port Hedland,Perth,All Airlines,Nov-18,188,187,1,161,156,26,31,2018,11
Port Lincoln-Adelaide,Port Lincoln,Adelaide,All Airlines,Nov-18,324,317,7,282,278,35,39,2018,11
Port Macquarie-Sydney,Port Macquarie,Sydney,All Airlines,Nov-18,154,147,7,113,112,34,35,2018,11
Proserpine-Brisbane,Proserpine,Brisbane,All Airlines,Nov-18,75,75,0,62,66,13,9,2018,11
Proserpine-Sydney,Proserpine,Sydney,All Airlines,Nov-18,30,30,0,21,20,9,10,2018,11
Rockhampton-Brisbane,Rockhampton,Brisbane,All Airlines,Nov-18,320,318,2,267,270,51,48,2018,11
Sunshine Coast-Melbourne,Sunshine Coast,Melbourne,All Airlines,Nov-18,156,154,2,101,95,53,59,2018,11
Sunshine Coast-Sydney,Sunshine Coast,Sydney,All Airlines,Nov-18,199,189,10,137,135,52,54,2018,11
Sydney-Adelaide,Sydney,Adelaide,All Airlines,Nov-18,565,548,17,390,371,158,177,2018,11
Sydney-Albury,Sydney,Albury,All Airlines,Nov-18,259,251,8,190,181,61,70,2018,11
Sydney-Armidale,Sydney,Armidale,All Airlines,Nov-18,190,188,2,143,140,45,48,2018,11
Sydney-Ayers Rock,Sydney,Ayers Rock,All Airlines,Nov-18,55,55,0,40,38,15,17,2018,11
Sydney-Ballina,Sydney,Ballina,All Airlines,Nov-18,127,122,5,101,100,21,22,2018,11
Sydney-Brisbane,Sydney,Brisbane,All Airlines,Nov-18,1448,1388,60,1019,1021,369,367,2018,11
Sydney-Cairns,Sydney,Cairns,All Airlines,Nov-18,267,264,3,190,201,74,63,2018,11
Sydney-Canberra,Sydney,Canberra,All Airlines,Nov-18,745,713,32,538,529,175,184,2018,11
Sydney-Coffs Harbour,Sydney,Coffs Harbour,All Airlines,Nov-18,203,199,4,155,162,44,37,2018,11
Sydney-Darwin,Sydney,Darwin,All Airlines,Nov-18,95,93,2,66,63,27,30,2018,11
Sydney-Dubbo,Sydney,Dubbo,All Airlines,Nov-18,235,230,5,179,174,51,56,2018,11
Sydney-Gold Coast,Sydney,Gold Coast,All Airlines,Nov-18,734,704,30,514,523,190,181,2018,11
Sydney-Hamilton Island,Sydney,Hamilton Island,All Airlines,Nov-18,75,74,1,57,53,17,21,2018,11
Sydney-Hobart,Sydney,Hobart,All Airlines,Nov-18,219,214,5,168,165,46,49,2018,11
Sydney-Launceston,Sydney,Launceston,All Airlines,Nov-18,77,76,1,59,58,17,18,2018,11
Sydney-Melbourne,Sydney,Melbourne,All Airlines,Nov-18,2474,2290,184,1567,1462,723,828,2018,11
Sydney-Perth,Sydney,Perth,All Airlines,Nov-18,386,382,4,234,223,148,159,2018,11
Sydney-Port Macquarie,Sydney,Port Macquarie,All Airlines,Nov-18,154,148,6,122,121,26,27,2018,11
Sydney-Proserpine,Sydney,Proserpine,All Airlines,Nov-18,30,30,0,21,23,9,7,2018,11
Sydney-Sunshine Coast,Sydney,Sunshine Coast,All Airlines,Nov-18,200,190,10,147,152,43,38,2018,11
Sydney-Tamworth,Sydney,Tamworth,All Airlines,Nov-18,178,169,9,122,127,47,42,2018,11
Sydney-Townsville,Sydney,Townsville,All Airlines,Nov-18,51,48,3,34,38,14,10,2018,11
Sydney-Wagga Wagga,Sydney,Wagga Wagga,All Airlines,Nov-18,226,221,5,174,171,47,50,2018,11
Tamworth-Sydney,Tamworth,Sydney,All Airlines,Nov-18,178,169,9,130,129,39,40,2018,11
Townsville-Brisbane,Townsville,Brisbane,All Airlines,Nov-18,327,325,2,285,279,40,46,2018,11
Townsville-Cairns,Townsville,Cairns,All Airlines,Nov-18,149,147,2,124,125,23,22,2018,11
Townsville-Sydney,Townsville,Sydney,All Airlines,Nov-18,51,48,3,34,35,14,13,2018,11
Wagga Wagga-Sydney,Wagga Wagga,Sydney,All Airlines,Nov-18,226,221,5,169,167,52,54,2018,11
Adelaide-Alice Springs,Adelaide,Alice Springs,All Airlines,Dec-18,53,53,0,41,41,12,12,2018,12
Adelaide-Brisbane,Adelaide,Brisbane,All Airlines,Dec-18,282,276,6,221,227,55,49,2018,12
Adelaide-Canberra,Adelaide,Canberra,All Airlines,Dec-18,67,66,1,52,55,14,11,2018,12
Adelaide-Gold Coast,Adelaide,Gold Coast,All Airlines,Dec-18,68,68,0,59,59,9,9,2018,12
Adelaide-Melbourne,Adelaide,Melbourne,All Airlines,Dec-18,729,703,26,532,526,171,177,2018,12
Adelaide-Perth,Adelaide,Perth,All Airlines,Dec-18,218,216,2,159,154,57,62,2018,12
Adelaide-Port Lincoln,Adelaide,Port Lincoln,All Airlines,Dec-18,305,301,4,275,270,26,31,2018,12
Adelaide-Sydney,Adelaide,Sydney,All Airlines,Dec-18,577,555,22,402,404,153,151,2018,12
Albury-Sydney,Albury,Sydney,All Airlines,Dec-18,224,221,3,149,154,72,67,2018,12
Alice Springs-Adelaide,Alice Springs,Adelaide,All Airlines,Dec-18,54,54,0,42,42,12,12,2018,12
Alice Springs-Darwin,Alice Springs,Darwin,All Airlines,Dec-18,57,57,0,51,54,6,3,2018,12
Armidale-Sydney,Armidale,Sydney,All Airlines,Dec-18,167,161,6,112,111,49,50,2018,12
Ayers Rock-Sydney,Ayers Rock,Sydney,All Airlines,Dec-18,57,56,1,32,35,24,21,2018,12
Ballina-Sydney,Ballina,Sydney,All Airlines,Dec-18,155,152,3,92,102,60,50,2018,12
Brisbane-Adelaide,Brisbane,Adelaide,All Airlines,Dec-18,277,270,7,225,216,45,54,2018,12
Brisbane-Bundaberg,Brisbane,Bundaberg,All Airlines,Dec-18,150,149,1,124,128,25,21,2018,12
Brisbane-Cairns,Brisbane,Cairns,All Airlines,Dec-18,396,393,3,289,297,104,96,2018,12
Brisbane-Canberra,Brisbane,Canberra,All Airlines,Dec-18,257,253,4,202,189,51,64,2018,12
Brisbane-Darwin,Brisbane,Darwin,All Airlines,Dec-18,122,118,4,101,101,17,17,2018,12
Brisbane-Emerald,Brisbane,Emerald,All Airlines,Dec-18,153,152,1,128,129,24,23,2018,12
Brisbane-Gladstone,Brisbane,Gladstone,All Airlines,Dec-18,195,194,1,158,157,36,37,2018,12
Brisbane-Hamilton Island,Brisbane,Hamilton Island,All Airlines,Dec-18,62,62,0,48,45,14,17,2018,12
Brisbane-Hobart,Brisbane,Hobart,All Airlines,Dec-18,88,88,0,68,71,20,17,2018,12
Brisbane-Mackay,Brisbane,Mackay,All Airlines,Dec-18,288,287,1,233,220,54,67,2018,12
Brisbane-Melbourne,Brisbane,Melbourne,All Airlines,Dec-18,1101,1052,49,817,737,235,315,2018,12
Brisbane-Mount Isa,Brisbane,Mount Isa,All Airlines,Dec-18,55,55,0,50,51,5,4,2018,12
Brisbane-Newcastle,Brisbane,Newcastle,All Airlines,Dec-18,257,249,8,196,186,53,63,2018,12
Brisbane-Perth,Brisbane,Perth,All Airlines,Dec-18,266,266,0,196,179,70,87,2018,12
Brisbane-Proserpine,Brisbane,Proserpine,All Airlines,Dec-18,86,86,0,69,65,17,21,2018,12
Brisbane-Rockhampton,Brisbane,Rockhampton,All Airlines,Dec-18,313,310,3,238,234,72,76,2018,12
Brisbane-Sydney,Brisbane,Sydney,All Airlines,Dec-18,1415,1343,72,1035,956,308,387,2018,12
Brisbane-Townsville,Brisbane,Townsville,All Airlines,Dec-18,330,325,5,264,261,61,64,2018,12
Broome-Perth,Broome,Perth,All Airlines,Dec-18,145,145,0,117,128,28,17,2018,12
Bundaberg-Brisbane,Bundaberg,Brisbane,All Airlines,Dec-18,150,148,2,129,131,19,17,2018,12
Cairns-Brisbane,Cairns,Brisbane,All Airlines,Dec-18,397,393,4,297,308,96,85,2018,12
Cairns-Melbourne,Cairns,Melbourne,All Airlines,Dec-18,233,229,4,161,164,68,65,2018,12
Cairns-Sydney,Cairns,Sydney,All Airlines,Dec-18,312,301,11,217,220,84,81,2018,12
Cairns-Townsville,Cairns,Townsville,All Airlines,Dec-18,140,140,0,126,124,14,16,2018,12
Canberra-Adelaide,Canberra,Adelaide,All Airlines,Dec-18,67,66,1,57,55,9,11,2018,12
Canberra-Brisbane,Canberra,Brisbane,All Airlines,Dec-18,257,255,2,192,195,63,60,2018,12
Canberra-Melbourne,Canberra,Melbourne,All Airlines,Dec-18,429,424,5,325,318,99,106,2018,12
Canberra-Sydney,Canberra,Sydney,All Airlines,Dec-18,609,582,27,453,440,129,142,2018,12
Coffs Harbour-Sydney,Coffs Harbour,Sydney,All Airlines,Dec-18,185,181,4,132,128,49,53,2018,12
Darwin-Alice Springs,Darwin,Alice Springs,All Airlines,Dec-18,58,58,0,54,51,4,7,2018,12
Darwin-Brisbane,Darwin,Brisbane,All Airlines,Dec-18,122,118,4,99,101,19,17,2018,12
Darwin-Melbourne,Darwin,Melbourne,All Airlines,Dec-18,87,86,1,67,67,19,19,2018,12
Darwin-Perth,Darwin,Perth,All Airlines,Dec-18,64,64,0,49,55,15,9,2018,12
Darwin-Sydney,Darwin,Sydney,All Airlines,Dec-18,102,100,2,66,67,34,33,2018,12
Dubbo-Sydney,Dubbo,Sydney,All Airlines,Dec-18,205,200,5,148,140,52,60,2018,12
Emerald-Brisbane,Emerald,Brisbane,All Airlines,Dec-18,153,152,1,126,124,26,28,2018,12
Geraldton-Perth,Geraldton,Perth,All Airlines,Dec-18,90,89,1,76,80,13,9,2018,12
Gladstone-Brisbane,Gladstone,Brisbane,All Airlines,Dec-18,195,194,1,158,155,36,39,2018,12
Gold Coast-Adelaide,Gold Coast,Adelaide,All Airlines,Dec-18,68,68,0,48,52,20,16,2018,12
Gold Coast-Melbourne,Gold Coast,Melbourne,All Airlines,Dec-18,558,539,19,345,368,194,171,2018,12
Gold Coast-Sydney,Gold Coast,Sydney,All Airlines,Dec-18,815,765,50,536,540,229,225,2018,12
Hamilton Island-Brisbane,Hamilton Island,Brisbane,All Airlines,Dec-18,62,62,0,46,47,16,15,2018,12
Hamilton Island-Sydney,Hamilton Island,Sydney,All Airlines,Dec-18,82,81,1,48,54,33,27,2018,12
Hobart-Brisbane,Hobart,Brisbane,All Airlines,Dec-18,88,87,1,65,74,22,13,2018,12
Hobart-Melbourne,Hobart,Melbourne,All Airlines,Dec-18,562,552,10,351,342,201,210,2018,12
Hobart-Sydney,Hobart,Sydney,All Airlines,Dec-18,260,250,10,170,161,80,89,2018,12
Kalgoorlie-Perth,Kalgoorlie,Perth,All Airlines,Dec-18,144,140,4,119,120,21,20,2018,12
Karratha-Perth,Karratha,Perth,All Airlines,Dec-18,238,233,5,201,201,32,32,2018,12
Launceston-Melbourne,Launceston,Melbourne,All Airlines,Dec-18,414,401,13,304,302,97,99,2018,12
Launceston-Sydney,Launceston,Sydney,All Airlines,Dec-18,110,106,4,69,70,37,36,2018,12
Mackay-Brisbane,Mackay,Brisbane,All Airlines,Dec-18,286,285,1,231,233,54,52,2018,12
Melbourne-Adelaide,Melbourne,Adelaide,All Airlines,Dec-18,725,704,21,523,508,181,196,2018,12
Melbourne-Brisbane,Melbourne,Brisbane,All Airlines,Dec-18,1095,1051,44,807,796,244,255,2018,12
Melbourne-Cairns,Melbourne,Cairns,All Airlines,Dec-18,233,228,5,157,170,71,58,2018,12
Melbourne-Canberra,Melbourne,Canberra,All Airlines,Dec-18,429,421,8,322,321,99,100,2018,12
Melbourne-Darwin,Melbourne,Darwin,All Airlines,Dec-18,87,87,0,67,68,20,19,2018,12
Melbourne-Gold Coast,Melbourne,Gold Coast,All Airlines,Dec-18,557,536,21,370,363,166,173,2018,12
Melbourne-Hobart,Melbourne,Hobart,All Airlines,Dec-18,562,552,10,392,382,160,170,2018,12
Melbourne-Launceston,Melbourne,Launceston,All Airlines,Dec-18,413,400,13,298,310,102,90,2018,12
Melbourne-Mildura,Melbourne,Mildura,All Airlines,Dec-18,182,181,1,156,144,25,37,2018,12
Melbourne-Newcastle,Melbourne,Newcastle,All Airlines,Dec-18,145,140,5,92,92,48,48,2018,12
Melbourne-Perth,Melbourne,Perth,All Airlines,Dec-18,490,483,7,327,327,156,156,2018,12
Melbourne-Sunshine Coast,Melbourne,Sunshine Coast,All Airlines,Dec-18,169,167,2,133,133,34,34,2018,12
Melbourne-Sydney,Melbourne,Sydney,All Airlines,Dec-18,2311,2126,185,1534,1433,592,693,2018,12
Mildura-Melbourne,Mildura,Melbourne,All Airlines,Dec-18,182,181,1,147,135,34,46,2018,12
Mount Isa-Brisbane,Mount Isa,Brisbane,All Airlines,Dec-18,54,54,0,40,42,14,12,2018,12
Newcastle-Brisbane,Newcastle,Brisbane,All Airlines,Dec-18,258,250,8,195,193,55,57,2018,12
Newcastle-Melbourne,Newcastle,Melbourne,All Airlines,Dec-18,144,137,7,92,95,45,42,2018,12
Newman-Perth,Newman,Perth,All Airlines,Dec-18,158,154,4,140,140,14,14,2018,12
Perth-Adelaide,Perth,Adelaide,All Airlines,Dec-18,225,222,3,190,178,32,44,2018,12
Perth-Brisbane,Perth,Brisbane,All Airlines,Dec-18,258,257,1,193,215,64,42,2018,12
Perth-Broome,Perth,Broome,All Airlines,Dec-18,145,145,0,131,132,14,13,2018,12
Perth-Darwin,Perth,Darwin,All Airlines,Dec-18,64,63,1,54,57,9,6,2018,12
Perth-Geraldton,Perth,Geraldton,All Airlines,Dec-18,90,90,0,83,80,7,10,2018,12
Perth-Kalgoorlie,Perth,Kalgoorlie,All Airlines,Dec-18,141,138,3,127,122,11,16,2018,12
Perth-Karratha,Perth,Karratha,All Airlines,Dec-18,238,233,5,211,205,22,28,2018,12
Perth-Melbourne,Perth,Melbourne,All Airlines,Dec-18,485,478,7,345,362,133,116,2018,12
Perth-Newman,Perth,Newman,All Airlines,Dec-18,156,153,3,144,137,9,16,2018,12
Perth-Port Hedland,Perth,Port Hedland,All Airlines,Dec-18,174,174,0,153,156,21,18,2018,12
Perth-Sydney,Perth,Sydney,All Airlines,Dec-18,412,402,10,286,297,116,105,2018,12
Port Hedland-Perth,Port Hedland,Perth,All Airlines,Dec-18,174,173,1,155,152,18,21,2018,12
Port Lincoln-Adelaide,Port Lincoln,Adelaide,All Airlines,Dec-18,305,301,4,271,270,30,31,2018,12
Port Macquarie-Sydney,Port Macquarie,Sydney,All Airlines,Dec-18,161,159,2,116,117,43,42,2018,12
Proserpine-Brisbane,Proserpine,Brisbane,All Airlines,Dec-18,87,86,1,58,63,28,23,2018,12
Proserpine-Sydney,Proserpine,Sydney,All Airlines,Dec-18,32,31,1,17,19,14,12,2018,12
Rockhampton-Brisbane,Rockhampton,Brisbane,All Airlines,Dec-18,317,313,4,233,232,80,81,2018,12
Sunshine Coast-Melbourne,Sunshine Coast,Melbourne,All Airlines,Dec-18,169,166,3,123,111,43,55,2018,12
Sunshine Coast-Sydney,Sunshine Coast,Sydney,All Airlines,Dec-18,232,225,7,150,132,75,93,2018,12
Sydney-Adelaide,Sydney,Adelaide,All Airlines,Dec-18,575,557,18,406,397,151,160,2018,12
Sydney-Albury,Sydney,Albury,All Airlines,Dec-18,224,221,3,162,163,59,58,2018,12
Sydney-Armidale,Sydney,Armidale,All Airlines,Dec-18,165,162,3,127,126,35,36,2018,12
Sydney-Ayers Rock,Sydney,Ayers Rock,All Airlines,Dec-18,58,57,1,35,44,22,13,2018,12
Sydney-Ballina,Sydney,Ballina,All Airlines,Dec-18,154,152,2,115,112,37,40,2018,12
Sydney-Brisbane,Sydney,Brisbane,All Airlines,Dec-18,1423,1346,77,951,972,395,374,2018,12
Sydney-Cairns,Sydney,Cairns,All Airlines,Dec-18,312,303,9,215,231,88,72,2018,12
Sydney-Canberra,Sydney,Canberra,All Airlines,Dec-18,608,587,21,434,453,153,134,2018,12
Sydney-Coffs Harbour,Sydney,Coffs Harbour,All Airlines,Dec-18,184,179,5,141,146,38,33,2018,12
Sydney-Darwin,Sydney,Darwin,All Airlines,Dec-18,102,100,2,62,72,38,28,2018,12
Sydney-Dubbo,Sydney,Dubbo,All Airlines,Dec-18,207,205,2,159,160,46,45,2018,12
Sydney-Gold Coast,Sydney,Gold Coast,All Airlines,Dec-18,812,769,43,548,550,221,219,2018,12
Sydney-Hamilton Island,Sydney,Hamilton Island,All Airlines,Dec-18,82,82,0,61,61,21,21,2018,12
Sydney-Hobart,Sydney,Hobart,All Airlines,Dec-18,259,249,10,183,182,66,67,2018,12
Sydney-Launceston,Sydney,Launceston,All Airlines,Dec-18,111,109,2,75,80,34,29,2018,12
Sydney-Melbourne,Sydney,Melbourne,All Airlines,Dec-18,2297,2117,180,1461,1425,656,692,2018,12
Sydney-Perth,Sydney,Perth,All Airlines,Dec-18,412,403,9,241,243,162,160,2018,12
Sydney-Port Macquarie,Sydney,Port Macquarie,All Airlines,Dec-18,160,157,3,118,125,39,32,2018,12
Sydney-Proserpine,Sydney,Proserpine,All Airlines,Dec-18,33,32,1,21,22,11,10,2018,12
Sydney-Sunshine Coast,Sydney,Sunshine Coast,All Airlines,Dec-18,231,224,7,164,175,60,49,2018,12
Sydney-Tamworth,Sydney,Tamworth,All Airlines,Dec-18,167,163,4,129,123,34,40,2018,12
Sydney-Townsville,Sydney,Townsville,All Airlines,Dec-18,58,57,1,35,41,22,16,2018,12
Sydney-Wagga Wagga,Sydney,Wagga Wagga,All Airlines,Dec-18,188,186,2,149,150,37,36,2018,12
Tamworth-Sydney,Tamworth,Sydney,All Airlines,Dec-18,169,165,4,129,126,36,39,2018,12
Townsville-Brisbane,Townsville,Brisbane,All Airlines,Dec-18,331,324,7,265,259,59,65,2018,12
Townsville-Cairns,Townsville,Cairns,All Airlines,Dec-18,139,138,1,122,121,16,17,2018,12
Townsville-Sydney,Townsville,Sydney,All Airlines,Dec-18,58,56,2,33,35,23,21,2018,12
Wagga Wagga-Sydney,Wagga Wagga,Sydney,All Airlines,Dec-18,186,184,2,133,128,51,56,2018,12
Adelaide-Alice Springs,Adelaide,Alice Springs,All Airlines,Jan-19,54,54,0,50,49,4,5,2019,1
Adelaide-Brisbane,Adelaide,Brisbane,All Airlines,Jan-19,294,292,2,272,272,20,20,2019,1
Adelaide-Canberra,Adelaide,Canberra,All Airlines,Jan-19,62,62,0,54,54,8,8,2019,1
Adelaide-Gold Coast,Adelaide,Gold Coast,All Airlines,Jan-19,78,78,0,73,71,5,7,2019,1
Adelaide-Melbourne,Adelaide,Melbourne,All Airlines,Jan-19,732,715,17,609,605,106,110,2019,1
Adelaide-Perth,Adelaide,Perth,All Airlines,Jan-19,207,206,1,173,180,33,26,2019,1
Adelaide-Port Lincoln,Adelaide,Port Lincoln,All Airlines,Jan-19,296,293,3,279,278,14,15,2019,1
Adelaide-Sydney,Adelaide,Sydney,All Airlines,Jan-19,576,564,12,502,479,62,85,2019,1
Albury-Sydney,Albury,Sydney,All Airlines,Jan-19,191,190,1,167,157,23,33,2019,1
Alice Springs-Adelaide,Alice Springs,Adelaide,All Airlines,Jan-19,53,53,0,50,49,3,4,2019,1
Alice Springs-Darwin,Alice Springs,Darwin,All Airlines,Jan-19,54,50,4,46,46,4,4,2019,1
Armidale-Sydney,Armidale,Sydney,All Airlines,Jan-19,148,148,0,128,124,20,24,2019,1
Ayers Rock-Sydney,Ayers Rock,Sydney,All Airlines,Jan-19,58,58,0,42,42,16,16,2019,1
Ballina-Sydney,Ballina,Sydney,All Airlines,Jan-19,153,151,2,107,123,44,28,2019,1
Brisbane-Adelaide,Brisbane,Adelaide,All Airlines,Jan-19,292,291,1,262,279,29,12,2019,1
Brisbane-Bundaberg,Brisbane,Bundaberg,All Airlines,Jan-19,139,139,0,131,132,8,7,2019,1
Brisbane-Cairns,Brisbane,Cairns,All Airlines,Jan-19,409,406,3,366,368,40,38,2019,1
Brisbane-Canberra,Brisbane,Canberra,All Airlines,Jan-19,263,263,0,232,236,31,27,2019,1
Brisbane-Darwin,Brisbane,Darwin,All Airlines,Jan-19,111,109,2,98,103,11,6,2019,1
Brisbane-Emerald,Brisbane,Emerald,All Airlines,Jan-19,162,162,0,154,156,8,6,2019,1
Brisbane-Gladstone,Brisbane,Gladstone,All Airlines,Jan-19,174,174,0,165,161,9,13,2019,1
Brisbane-Hamilton Island,Brisbane,Hamilton Island,All Airlines,Jan-19,60,58,2,52,53,6,5,2019,1
Brisbane-Hobart,Brisbane,Hobart,All Airlines,Jan-19,89,89,0,83,82,6,7,2019,1
Brisbane-Mackay,Brisbane,Mackay,All Airlines,Jan-19,300,300,0,274,278,26,22,2019,1
Brisbane-Melbourne,Brisbane,Melbourne,All Airlines,Jan-19,1084,1047,37,888,898,159,149,2019,1
Brisbane-Mount Isa,Brisbane,Mount Isa,All Airlines,Jan-19,50,50,0,48,50,2,0,2019,1
Brisbane-Newcastle,Brisbane,Newcastle,All Airlines,Jan-19,246,244,2,212,217,32,27,2019,1
Brisbane-Perth,Brisbane,Perth,All Airlines,Jan-19,256,256,0,212,241,44,15,2019,1
Brisbane-Proserpine,Brisbane,Proserpine,All Airlines,Jan-19,90,86,4,78,72,8,14,2019,1
Brisbane-Rockhampton,Brisbane,Rockhampton,All Airlines,Jan-19,310,310,0,289,282,21,28,2019,1
Brisbane-Sydney,Brisbane,Sydney,All Airlines,Jan-19,1328,1284,44,1114,1089,170,195,2019,1
Brisbane-Townsville,Brisbane,Townsville,All Airlines,Jan-19,333,332,1,295,304,37,28,2019,1
Broome-Perth,Broome,Perth,All Airlines,Jan-19,146,144,2,127,132,17,12,2019,1
Bundaberg-Brisbane,Bundaberg,Brisbane,All Airlines,Jan-19,139,139,0,134,136,5,3,2019,1
Cairns-Brisbane,Cairns,Brisbane,All Airlines,Jan-19,408,402,6,349,371,53,31,2019,1
Cairns-Melbourne,Cairns,Melbourne,All Airlines,Jan-19,238,232,6,168,185,64,47,2019,1
Cairns-Sydney,Cairns,Sydney,All Airlines,Jan-19,321,313,8,257,263,56,50,2019,1
Cairns-Townsville,Cairns,Townsville,All Airlines,Jan-19,142,142,0,127,129,15,13,2019,1
Canberra-Adelaide,Canberra,Adelaide,All Airlines,Jan-19,60,60,0,53,52,7,8,2019,1
Canberra-Brisbane,Canberra,Brisbane,All Airlines,Jan-19,263,262,1,236,232,26,30,2019,1
Canberra-Melbourne,Canberra,Melbourne,All Airlines,Jan-19,402,397,5,332,328,65,69,2019,1
Canberra-Sydney,Canberra,Sydney,All Airlines,Jan-19,471,462,9,398,385,64,77,2019,1
Coffs Harbour-Sydney,Coffs Harbour,Sydney,All Airlines,Jan-19,184,183,1,159,149,24,34,2019,1
Darwin-Alice Springs,Darwin,Alice Springs,All Airlines,Jan-19,53,49,4,48,45,1,4,2019,1
Darwin-Brisbane,Darwin,Brisbane,All Airlines,Jan-19,112,109,3,106,108,3,1,2019,1
Darwin-Melbourne,Darwin,Melbourne,All Airlines,Jan-19,88,88,0,75,73,13,15,2019,1
Darwin-Perth,Darwin,Perth,All Airlines,Jan-19,62,61,1,57,59,4,2,2019,1
Darwin-Sydney,Darwin,Sydney,All Airlines,Jan-19,93,93,0,80,78,13,15,2019,1
Dubbo-Sydney,Dubbo,Sydney,All Airlines,Jan-19,182,181,1,153,140,28,41,2019,1
Emerald-Brisbane,Emerald,Brisbane,All Airlines,Jan-19,162,161,1,150,151,11,10,2019,1
Geraldton-Perth,Geraldton,Perth,All Airlines,Jan-19,88,86,2,78,82,8,4,2019,1
Gladstone-Brisbane,Gladstone,Brisbane,All Airlines,Jan-19,174,173,1,163,158,10,15,2019,1
Gold Coast-Adelaide,Gold Coast,Adelaide,All Airlines,Jan-19,77,77,0,61,69,16,8,2019,1
Gold Coast-Melbourne,Gold Coast,Melbourne,All Airlines,Jan-19,596,586,10,402,464,184,122,2019,1
Gold Coast-Sydney,Gold Coast,Sydney,All Airlines,Jan-19,833,801,32,573,612,228,189,2019,1
Hamilton Island-Brisbane,Hamilton Island,Brisbane,All Airlines,Jan-19,61,58,3,51,53,7,5,2019,1
Hamilton Island-Sydney,Hamilton Island,Sydney,All Airlines,Jan-19,93,90,3,70,78,20,12,2019,1
Hobart-Brisbane,Hobart,Brisbane,All Airlines,Jan-19,89,89,0,77,79,12,10,2019,1
Hobart-Melbourne,Hobart,Melbourne,All Airlines,Jan-19,569,559,10,405,381,154,178,2019,1
Hobart-Sydney,Hobart,Sydney,All Airlines,Jan-19,268,265,3,203,190,62,75,2019,1
Kalgoorlie-Perth,Kalgoorlie,Perth,All Airlines,Jan-19,142,140,2,126,130,14,10,2019,1
Karratha-Perth,Karratha,Perth,All Airlines,Jan-19,261,257,4,239,231,18,26,2019,1
Launceston-Melbourne,Launceston,Melbourne,All Airlines,Jan-19,427,423,4,359,343,64,80,2019,1
Launceston-Sydney,Launceston,Sydney,All Airlines,Jan-19,124,123,1,87,89,36,34,2019,1
Mackay-Brisbane,Mackay,Brisbane,All Airlines,Jan-19,292,291,1,277,280,14,11,2019,1
Melbourne-Adelaide,Melbourne,Adelaide,All Airlines,Jan-19,725,711,14,613,592,98,119,2019,1
Melbourne-Brisbane,Melbourne,Brisbane,All Airlines,Jan-19,1089,1050,39,887,877,163,173,2019,1
Melbourne-Cairns,Melbourne,Cairns,All Airlines,Jan-19,239,233,6,193,185,40,48,2019,1
Melbourne-Canberra,Melbourne,Canberra,All Airlines,Jan-19,404,399,5,329,330,70,69,2019,1
Melbourne-Darwin,Melbourne,Darwin,All Airlines,Jan-19,88,88,0,73,75,15,13,2019,1
Melbourne-Gold Coast,Melbourne,Gold Coast,All Airlines,Jan-19,594,584,10,471,437,113,147,2019,1
Melbourne-Hobart,Melbourne,Hobart,All Airlines,Jan-19,569,560,9,450,449,110,111,2019,1
Melbourne-Launceston,Melbourne,Launceston,All Airlines,Jan-19,426,422,4,350,353,72,69,2019,1
Melbourne-Mildura,Melbourne,Mildura,All Airlines,Jan-19,165,164,1,133,134,31,30,2019,1
Melbourne-Newcastle,Melbourne,Newcastle,All Airlines,Jan-19,154,152,2,113,110,39,42,2019,1
Melbourne-Perth,Melbourne,Perth,All Airlines,Jan-19,482,477,5,371,385,106,92,2019,1
Melbourne-Sunshine Coast,Melbourne,Sunshine Coast,All Airlines,Jan-19,162,162,0,138,143,24,19,2019,1
Melbourne-Sydney,Melbourne,Sydney,All Airlines,Jan-19,2345,2202,143,1793,1651,409,551,2019,1
Mildura-Melbourne,Mildura,Melbourne,All Airlines,Jan-19,165,163,2,139,136,24,27,2019,1
Mount Isa-Brisbane,Mount Isa,Brisbane,All Airlines,Jan-19,50,50,0,45,48,5,2,2019,1
Newcastle-Brisbane,Newcastle,Brisbane,All Airlines,Jan-19,245,243,2,218,213,25,30,2019,1
Newcastle-Melbourne,Newcastle,Melbourne,All Airlines,Jan-19,154,152,2,117,115,35,37,2019,1
Newman-Perth,Newman,Perth,All Airlines,Jan-19,175,172,3,159,157,13,15,2019,1
Perth-Adelaide,Perth,Adelaide,All Airlines,Jan-19,215,213,2,194,185,19,28,2019,1
Perth-Brisbane,Perth,Brisbane,All Airlines,Jan-19,245,245,0,212,207,33,38,2019,1
Perth-Broome,Perth,Broome,All Airlines,Jan-19,146,145,1,129,127,16,18,2019,1
Perth-Darwin,Perth,Darwin,All Airlines,Jan-19,62,62,0,59,58,3,4,2019,1
Perth-Geraldton,Perth,Geraldton,All Airlines,Jan-19,88,88,0,79,81,9,7,2019,1
Perth-Kalgoorlie,Perth,Kalgoorlie,All Airlines,Jan-19,142,141,1,132,127,9,14,2019,1
Perth-Karratha,Perth,Karratha,All Airlines,Jan-19,264,264,0,242,237,22,27,2019,1
Perth-Melbourne,Perth,Melbourne,All Airlines,Jan-19,487,481,6,387,400,94,81,2019,1
Perth-Newman,Perth,Newman,All Airlines,Jan-19,175,174,1,168,160,6,14,2019,1
Perth-Port Hedland,Perth,Port Hedland,All Airlines,Jan-19,186,185,1,169,168,16,17,2019,1
Perth-Sydney,Perth,Sydney,All Airlines,Jan-19,402,394,8,339,326,55,68,2019,1
Port Hedland-Perth,Port Hedland,Perth,All Airlines,Jan-19,186,182,4,159,156,23,26,2019,1
Port Lincoln-Adelaide,Port Lincoln,Adelaide,All Airlines,Jan-19,295,292,3,271,272,21,20,2019,1
Port Macquarie-Sydney,Port Macquarie,Sydney,All Airlines,Jan-19,153,153,0,123,121,30,32,2019,1
Proserpine-Brisbane,Proserpine,Brisbane,All Airlines,Jan-19,90,85,5,73,76,12,9,2019,1
Proserpine-Sydney,Proserpine,Sydney,All Airlines,Jan-19,36,34,2,18,22,16,12,2019,1
Rockhampton-Brisbane,Rockhampton,Brisbane,All Airlines,Jan-19,314,314,0,290,291,24,23,2019,1
Sunshine Coast-Melbourne,Sunshine Coast,Melbourne,All Airlines,Jan-19,163,163,0,128,130,35,33,2019,1
Sunshine Coast-Sydney,Sunshine Coast,Sydney,All Airlines,Jan-19,225,221,4,160,159,61,62,2019,1
Sydney-Adelaide,Sydney,Adelaide,All Airlines,Jan-19,576,564,12,480,493,84,71,2019,1
Sydney-Albury,Sydney,Albury,All Airlines,Jan-19,195,192,3,171,168,21,24,2019,1
Sydney-Armidale,Sydney,Armidale,All Airlines,Jan-19,149,148,1,131,134,17,14,2019,1
Sydney-Ayers Rock,Sydney,Ayers Rock,All Airlines,Jan-19,58,58,0,51,55,7,3,2019,1
Sydney-Ballina,Sydney,Ballina,All Airlines,Jan-19,154,153,1,121,120,32,33,2019,1
Sydney-Brisbane,Sydney,Brisbane,All Airlines,Jan-19,1334,1289,45,1051,1068,238,221,2019,1
Sydney-Cairns,Sydney,Cairns,All Airlines,Jan-19,320,314,6,245,251,69,63,2019,1
Sydney-Canberra,Sydney,Canberra,All Airlines,Jan-19,473,466,7,394,397,72,69,2019,1
Sydney-Coffs Harbour,Sydney,Coffs Harbour,All Airlines,Jan-19,185,184,1,156,158,28,26,2019,1
Sydney-Darwin,Sydney,Darwin,All Airlines,Jan-19,93,93,0,70,81,23,12,2019,1
Sydney-Dubbo,Sydney,Dubbo,All Airlines,Jan-19,187,186,1,157,154,29,32,2019,1
Sydney-Gold Coast,Sydney,Gold Coast,All Airlines,Jan-19,833,804,29,626,629,178,175,2019,1
Sydney-Hamilton Island,Sydney,Hamilton Island,All Airlines,Jan-19,92,90,2,78,75,12,15,2019,1
Sydney-Hobart,Sydney,Hobart,All Airlines,Jan-19,268,265,3,213,217,52,48,2019,1
Sydney-Launceston,Sydney,Launceston,All Airlines,Jan-19,123,122,1,94,102,28,20,2019,1
Sydney-Melbourne,Sydney,Melbourne,All Airlines,Jan-19,2341,2194,147,1707,1707,487,487,2019,1
Sydney-Perth,Sydney,Perth,All Airlines,Jan-19,401,394,7,279,334,115,60,2019,1
Sydney-Port Macquarie,Sydney,Port Macquarie,All Airlines,Jan-19,154,152,2,128,126,24,26,2019,1
Sydney-Proserpine,Sydney,Proserpine,All Airlines,Jan-19,36,34,2,22,23,12,11,2019,1
Sydney-Sunshine Coast,Sydney,Sunshine Coast,All Airlines,Jan-19,225,222,3,177,185,45,37,2019,1
Sydney-Tamworth,Sydney,Tamworth,All Airlines,Jan-19,177,176,1,152,148,24,28,2019,1
Sydney-Townsville,Sydney,Townsville,All Airlines,Jan-19,54,54,0,37,43,17,11,2019,1
Sydney-Wagga Wagga,Sydney,Wagga Wagga,All Airlines,Jan-19,140,140,0,115,120,25,20,2019,1
Tamworth-Sydney,Tamworth,Sydney,All Airlines,Jan-19,171,170,1,150,140,20,30,2019,1
Townsville-Brisbane,Townsville,Brisbane,All Airlines,Jan-19,331,330,1,312,316,18,14,2019,1
Townsville-Cairns,Townsville,Cairns,All Airlines,Jan-19,142,142,0,131,131,11,11,2019,1
Townsville-Sydney,Townsville,Sydney,All Airlines,Jan-19,54,54,0,39,43,15,11,2019,1
Wagga Wagga-Sydney,Wagga Wagga,Sydney,All Airlines,Jan-19,142,141,1,119,110,22,31,2019,1
Adelaide-Alice Springs,Adelaide,Alice Springs,All Airlines,Feb-19,47,47,0,40,41,7,6,2019,2
Adelaide-Brisbane,Adelaide,Brisbane,All Airlines,Feb-19,250,245,5,227,228,18,17,2019,2
Adelaide-Canberra,Adelaide,Canberra,All Airlines,Feb-19,68,68,0,62,58,6,10,2019,2
Adelaide-Gold Coast,Adelaide,Gold Coast,All Airlines,Feb-19,52,52,0,49,50,3,2,2019,2
Adelaide-Melbourne,Adelaide,Melbourne,All Airlines,Feb-19,702,696,6,578,569,118,127,2019,2
Adelaide-Perth,Adelaide,Perth,All Airlines,Feb-19,191,190,1,150,163,40,27,2019,2
Adelaide-Port Lincoln,Adelaide,Port Lincoln,All Airlines,Feb-19,295,294,1,280,278,14,16,2019,2
Adelaide-Sydney,Adelaide,Sydney,All Airlines,Feb-19,522,513,9,440,430,73,83,2019,2
Albury-Sydney,Albury,Sydney,All Airlines,Feb-19,227,224,3,194,188,30,36,2019,2
Alice Springs-Adelaide,Alice Springs,Adelaide,All Airlines,Feb-19,48,48,0,42,45,6,3,2019,2
Alice Springs-Darwin,Alice Springs,Darwin,All Airlines,Feb-19,58,56,2,50,48,6,8,2019,2
Armidale-Sydney,Armidale,Sydney,All Airlines,Feb-19,173,168,5,137,127,31,41,2019,2
Ayers Rock-Sydney,Ayers Rock,Sydney,All Airlines,Feb-19,52,52,0,36,38,16,14,2019,2
Ballina-Sydney,Ballina,Sydney,All Airlines,Feb-19,120,114,6,87,91,27,23,2019,2
Brisbane-Adelaide,Brisbane,Adelaide,All Airlines,Feb-19,247,244,3,219,220,25,24,2019,2
Brisbane-Bundaberg,Brisbane,Bundaberg,All Airlines,Feb-19,139,139,0,133,133,6,6,2019,2
Brisbane-Cairns,Brisbane,Cairns,All Airlines,Feb-19,339,336,3,294,295,42,41,2019,2
Brisbane-Canberra,Brisbane,Canberra,All Airlines,Feb-19,240,238,2,206,210,32,28,2019,2
Brisbane-Darwin,Brisbane,Darwin,All Airlines,Feb-19,84,84,0,79,80,5,4,2019,2
Brisbane-Emerald,Brisbane,Emerald,All Airlines,Feb-19,160,159,1,148,150,11,9,2019,2
Brisbane-Gladstone,Brisbane,Gladstone,All Airlines,Feb-19,193,192,1,171,168,21,24,2019,2
Brisbane-Hamilton Island,Brisbane,Hamilton Island,All Airlines,Feb-19,56,55,1,44,44,11,11,2019,2
Brisbane-Hobart,Brisbane,Hobart,All Airlines,Feb-19,67,67,0,64,65,3,2,2019,2
Brisbane-Mackay,Brisbane,Mackay,All Airlines,Feb-19,272,268,4,232,224,36,44,2019,2
Brisbane-Melbourne,Brisbane,Melbourne,All Airlines,Feb-19,955,926,29,758,743,168,183,2019,2
Brisbane-Mount Isa,Brisbane,Mount Isa,All Airlines,Feb-19,51,50,1,42,46,8,4,2019,2
Brisbane-Newcastle,Brisbane,Newcastle,All Airlines,Feb-19,232,231,1,201,204,30,27,2019,2
Brisbane-Perth,Brisbane,Perth,All Airlines,Feb-19,237,237,0,202,203,35,34,2019,2
Brisbane-Proserpine,Brisbane,Proserpine,All Airlines,Feb-19,68,64,4,58,54,6,10,2019,2
Brisbane-Rockhampton,Brisbane,Rockhampton,All Airlines,Feb-19,296,293,3,252,242,41,51,2019,2
Brisbane-Sydney,Brisbane,Sydney,All Airlines,Feb-19,1299,1260,39,1076,1064,184,196,2019,2
Brisbane-Townsville,Brisbane,Townsville,All Airlines,Feb-19,310,290,20,260,258,30,32,2019,2
Broome-Perth,Broome,Perth,All Airlines,Feb-19,126,124,2,113,113,11,11,2019,2
Bundaberg-Brisbane,Bundaberg,Brisbane,All Airlines,Feb-19,140,139,1,133,136,6,3,2019,2
Cairns-Brisbane,Cairns,Brisbane,All Airlines,Feb-19,340,337,3,281,291,56,46,2019,2
Cairns-Melbourne,Cairns,Melbourne,All Airlines,Feb-19,163,163,0,120,131,43,32,2019,2
Cairns-Sydney,Cairns,Sydney,All Airlines,Feb-19,260,256,4,217,223,39,33,2019,2
Cairns-Townsville,Cairns,Townsville,All Airlines,Feb-19,136,128,8,113,110,15,18,2019,2
Canberra-Adelaide,Canberra,Adelaide,All Airlines,Feb-19,68,68,0,57,57,11,11,2019,2
Canberra-Brisbane,Canberra,Brisbane,All Airlines,Feb-19,240,236,4,205,203,31,33,2019,2
Canberra-Melbourne,Canberra,Melbourne,All Airlines,Feb-19,440,438,2,386,357,52,81,2019,2
Canberra-Sydney,Canberra,Sydney,All Airlines,Feb-19,686,669,17,604,572,65,97,2019,2
Coffs Harbour-Sydney,Coffs Harbour,Sydney,All Airlines,Feb-19,168,168,0,148,145,20,23,2019,2
Darwin-Alice Springs,Darwin,Alice Springs,All Airlines,Feb-19,60,58,2,46,45,12,13,2019,2
Darwin-Brisbane,Darwin,Brisbane,All Airlines,Feb-19,84,83,1,77,73,6,10,2019,2
Darwin-Melbourne,Darwin,Melbourne,All Airlines,Feb-19,67,67,0,58,59,9,8,2019,2
Darwin-Perth,Darwin,Perth,All Airlines,Feb-19,56,56,0,47,49,9,7,2019,2
Darwin-Sydney,Darwin,Sydney,All Airlines,Feb-19,67,66,1,52,51,14,15,2019,2
Dubbo-Sydney,Dubbo,Sydney,All Airlines,Feb-19,219,217,2,192,174,25,43,2019,2
Emerald-Brisbane,Emerald,Brisbane,All Airlines,Feb-19,160,159,1,145,145,14,14,2019,2
Geraldton-Perth,Geraldton,Perth,All Airlines,Feb-19,72,72,0,56,58,16,14,2019,2
Gladstone-Brisbane,Gladstone,Brisbane,All Airlines,Feb-19,193,192,1,169,164,23,28,2019,2
Gold Coast-Adelaide,Gold Coast,Adelaide,All Airlines,Feb-19,52,52,0,48,49,4,3,2019,2
Gold Coast-Melbourne,Gold Coast,Melbourne,All Airlines,Feb-19,391,391,0,285,321,106,70,2019,2
Gold Coast-Sydney,Gold Coast,Sydney,All Airlines,Feb-19,640,628,12,506,533,122,95,2019,2
Hamilton Island-Brisbane,Hamilton Island,Brisbane,All Airlines,Feb-19,56,55,1,44,43,11,12,2019,2
Hamilton Island-Sydney,Hamilton Island,Sydney,All Airlines,Feb-19,61,59,2,43,49,16,10,2019,2
Hobart-Brisbane,Hobart,Brisbane,All Airlines,Feb-19,67,67,0,60,63,7,4,2019,2
Hobart-Melbourne,Hobart,Melbourne,All Airlines,Feb-19,464,458,6,331,302,127,156,2019,2
Hobart-Sydney,Hobart,Sydney,All Airlines,Feb-19,212,211,1,171,157,40,54,2019,2
Kalgoorlie-Perth,Kalgoorlie,Perth,All Airlines,Feb-19,147,145,2,128,129,17,16,2019,2
Karratha-Perth,Karratha,Perth,All Airlines,Feb-19,236,232,4,207,195,25,37,2019,2
Launceston-Melbourne,Launceston,Melbourne,All Airlines,Feb-19,335,331,4,259,244,72,87,2019,2
Launceston-Sydney,Launceston,Sydney,All Airlines,Feb-19,82,80,2,49,45,31,35,2019,2
Mackay-Brisbane,Mackay,Brisbane,All Airlines,Feb-19,266,263,3,221,226,42,37,2019,2
Melbourne-Adelaide,Melbourne,Adelaide,All Airlines,Feb-19,695,690,5,572,558,118,132,2019,2
Melbourne-Brisbane,Melbourne,Brisbane,All Airlines,Feb-19,954,925,29,767,730,158,195,2019,2
Melbourne-Cairns,Melbourne,Cairns,All Airlines,Feb-19,162,162,0,137,130,25,32,2019,2
Melbourne-Canberra,Melbourne,Canberra,All Airlines,Feb-19,440,438,2,362,373,76,65,2019,2
Melbourne-Darwin,Melbourne,Darwin,All Airlines,Feb-19,68,68,0,52,61,16,7,2019,2
Melbourne-Gold Coast,Melbourne,Gold Coast,All Airlines,Feb-19,391,391,0,315,309,76,82,2019,2
Melbourne-Hobart,Melbourne,Hobart,All Airlines,Feb-19,465,463,2,370,367,93,96,2019,2
Melbourne-Launceston,Melbourne,Launceston,All Airlines,Feb-19,335,332,3,264,263,68,69,2019,2
Melbourne-Mildura,Melbourne,Mildura,All Airlines,Feb-19,185,184,1,159,160,25,24,2019,2
Melbourne-Newcastle,Melbourne,Newcastle,All Airlines,Feb-19,112,112,0,72,77,40,35,2019,2
Melbourne-Perth,Melbourne,Perth,All Airlines,Feb-19,412,408,4,317,336,91,72,2019,2
Melbourne-Sunshine Coast,Melbourne,Sunshine Coast,All Airlines,Feb-19,113,113,0,93,91,20,22,2019,2
Melbourne-Sydney,Melbourne,Sydney,All Airlines,Feb-19,2312,2188,124,1811,1663,377,525,2019,2
Mildura-Melbourne,Mildura,Melbourne,All Airlines,Feb-19,185,184,1,153,144,31,40,2019,2
Mount Isa-Brisbane,Mount Isa,Brisbane,All Airlines,Feb-19,51,50,1,39,43,11,7,2019,2
Newcastle-Brisbane,Newcastle,Brisbane,All Airlines,Feb-19,232,229,3,205,197,24,32,2019,2
Newcastle-Melbourne,Newcastle,Melbourne,All Airlines,Feb-19,112,112,0,88,85,24,27,2019,2
Newman-Perth,Newman,Perth,All Airlines,Feb-19,159,156,3,140,134,16,22,2019,2
Perth-Adelaide,Perth,Adelaide,All Airlines,Feb-19,200,199,1,183,166,16,33,2019,2
Perth-Brisbane,Perth,Brisbane,All Airlines,Feb-19,234,234,0,216,201,18,33,2019,2
Perth-Broome,Perth,Broome,All Airlines,Feb-19,126,126,0,111,112,15,14,2019,2
Perth-Darwin,Perth,Darwin,All Airlines,Feb-19,55,55,0,48,49,7,6,2019,2
Perth-Geraldton,Perth,Geraldton,All Airlines,Feb-19,72,72,0,59,59,13,13,2019,2
Perth-Kalgoorlie,Perth,Kalgoorlie,All Airlines,Feb-19,147,145,2,134,129,11,16,2019,2
Perth-Karratha,Perth,Karratha,All Airlines,Feb-19,236,236,0,213,210,23,26,2019,2
Perth-Melbourne,Perth,Melbourne,All Airlines,Feb-19,408,400,8,344,344,56,56,2019,2
Perth-Newman,Perth,Newman,All Airlines,Feb-19,159,156,3,142,139,14,17,2019,2
Perth-Port Hedland,Perth,Port Hedland,All Airlines,Feb-19,172,170,2,160,159,10,11,2019,2
Perth-Sydney,Perth,Sydney,All Airlines,Feb-19,350,349,1,305,286,44,63,2019,2
Port Hedland-Perth,Port Hedland,Perth,All Airlines,Feb-19,172,169,3,150,147,19,22,2019,2
Port Lincoln-Adelaide,Port Lincoln,Adelaide,All Airlines,Feb-19,295,294,1,279,279,15,15,2019,2
Port Macquarie-Sydney,Port Macquarie,Sydney,All Airlines,Feb-19,152,149,3,119,116,30,33,2019,2
Proserpine-Brisbane,Proserpine,Brisbane,All Airlines,Feb-19,68,64,4,51,55,13,9,2019,2
Proserpine-Sydney,Proserpine,Sydney,All Airlines,Feb-19,28,26,2,19,20,7,6,2019,2
Rockhampton-Brisbane,Rockhampton,Brisbane,All Airlines,Feb-19,300,296,4,251,249,45,47,2019,2
Sunshine Coast-Melbourne,Sunshine Coast,Melbourne,All Airlines,Feb-19,113,113,0,89,91,24,22,2019,2
Sunshine Coast-Sydney,Sunshine Coast,Sydney,All Airlines,Feb-19,164,161,3,115,114,46,47,2019,2
Sydney-Adelaide,Sydney,Adelaide,All Airlines,Feb-19,522,511,11,435,442,76,69,2019,2
Sydney-Albury,Sydney,Albury,All Airlines,Feb-19,227,225,2,192,193,33,32,2019,2
Sydney-Armidale,Sydney,Armidale,All Airlines,Feb-19,174,172,2,135,143,37,29,2019,2
Sydney-Ayers Rock,Sydney,Ayers Rock,All Airlines,Feb-19,52,52,0,46,46,6,6,2019,2
Sydney-Ballina,Sydney,Ballina,All Airlines,Feb-19,122,119,3,91,80,28,39,2019,2
Sydney-Brisbane,Sydney,Brisbane,All Airlines,Feb-19,1305,1259,46,1041,1017,218,242,2019,2
Sydney-Cairns,Sydney,Cairns,All Airlines,Feb-19,258,258,0,208,212,50,46,2019,2
Sydney-Canberra,Sydney,Canberra,All Airlines,Feb-19,685,672,13,571,566,101,106,2019,2
Sydney-Coffs Harbour,Sydney,Coffs Harbour,All Airlines,Feb-19,169,169,0,152,152,17,17,2019,2
Sydney-Darwin,Sydney,Darwin,All Airlines,Feb-19,67,67,0,49,56,18,11,2019,2
Sydney-Dubbo,Sydney,Dubbo,All Airlines,Feb-19,223,223,0,195,189,28,34,2019,2
Sydney-Gold Coast,Sydney,Gold Coast,All Airlines,Feb-19,639,626,13,530,527,96,99,2019,2
Sydney-Hamilton Island,Sydney,Hamilton Island,All Airlines,Feb-19,60,59,1,54,46,5,13,2019,2
Sydney-Hobart,Sydney,Hobart,All Airlines,Feb-19,210,210,0,176,180,34,30,2019,2
Sydney-Launceston,Sydney,Launceston,All Airlines,Feb-19,80,80,0,70,70,10,10,2019,2
Sydney-Melbourne,Sydney,Melbourne,All Airlines,Feb-19,2311,2187,124,1752,1676,435,511,2019,2
Sydney-Perth,Sydney,Perth,All Airlines,Feb-19,352,349,3,253,289,96,60,2019,2
Sydney-Port Macquarie,Sydney,Port Macquarie,All Airlines,Feb-19,152,150,2,128,129,22,21,2019,2
Sydney-Proserpine,Sydney,Proserpine,All Airlines,Feb-19,28,26,2,22,22,4,4,2019,2
Sydney-Sunshine Coast,Sydney,Sunshine Coast,All Airlines,Feb-19,164,161,3,111,122,50,39,2019,2
Sydney-Tamworth,Sydney,Tamworth,All Airlines,Feb-19,163,159,4,130,128,29,31,2019,2
Sydney-Townsville,Sydney,Townsville,All Airlines,Feb-19,39,37,2,30,34,7,3,2019,2
Sydney-Wagga Wagga,Sydney,Wagga Wagga,All Airlines,Feb-19,196,195,1,164,168,31,27,2019,2
Tamworth-Sydney,Tamworth,Sydney,All Airlines,Feb-19,164,160,4,136,135,24,25,2019,2
Townsville-Brisbane,Townsville,Brisbane,All Airlines,Feb-19,309,288,21,270,268,18,20,2019,2
Townsville-Cairns,Townsville,Cairns,All Airlines,Feb-19,136,129,7,102,107,27,22,2019,2
Townsville-Sydney,Townsville,Sydney,All Airlines,Feb-19,39,37,2,34,35,3,2,2019,2
Wagga Wagga-Sydney,Wagga Wagga,Sydney,All Airlines,Feb-19,196,195,1,172,160,23,35,2019,2
Adelaide-Alice Springs,Adelaide,Alice Springs,All Airlines,Mar-19,53,52,1,39,40,13,12,2019,3
Adelaide-Brisbane,Adelaide,Brisbane,All Airlines,Mar-19,277,273,4,219,223,54,50,2019,3
Adelaide-Canberra,Adelaide,Canberra,All Airlines,Mar-19,75,75,0,64,61,11,14,2019,3
Adelaide-Gold Coast,Adelaide,Gold Coast,All Airlines,Mar-19,59,59,0,58,58,1,1,2019,3
Adelaide-Melbourne,Adelaide,Melbourne,All Airlines,Mar-19,789,775,14,637,626,138,149,2019,3
Adelaide-Perth,Adelaide,Perth,All Airlines,Mar-19,224,222,2,174,175,48,47,2019,3
Adelaide-Port Lincoln,Adelaide,Port Lincoln,All Airlines,Mar-19,330,328,2,304,299,24,29,2019,3
Adelaide-Sydney,Adelaide,Sydney,All Airlines,Mar-19,580,573,7,445,449,128,124,2019,3
Albury-Sydney,Albury,Sydney,All Airlines,Mar-19,269,268,1,214,208,54,60,2019,3
Alice Springs-Adelaide,Alice Springs,Adelaide,All Airlines,Mar-19,52,50,2,39,39,11,11,2019,3
Alice Springs-Darwin,Alice Springs,Darwin,All Airlines,Mar-19,68,65,3,58,58,7,7,2019,3
Armidale-Sydney,Armidale,Sydney,All Airlines,Mar-19,189,186,3,133,115,53,71,2019,3
Ayers Rock-Sydney,Ayers Rock,Sydney,All Airlines,Mar-19,58,57,1,39,41,18,16,2019,3
Ballina-Sydney,Ballina,Sydney,All Airlines,Mar-19,135,134,1,89,94,45,40,2019,3
Brisbane-Adelaide,Brisbane,Adelaide,All Airlines,Mar-19,269,265,4,214,208,51,57,2019,3
Brisbane-Bundaberg,Brisbane,Bundaberg,All Airlines,Mar-19,154,152,2,127,126,25,26,2019,3
Brisbane-Cairns,Brisbane,Cairns,All Airlines,Mar-19,372,367,5,288,287,79,80,2019,3
Brisbane-Canberra,Brisbane,Canberra,All Airlines,Mar-19,264,262,2,224,218,38,44,2019,3
Brisbane-Darwin,Brisbane,Darwin,All Airlines,Mar-19,94,93,1,81,77,12,16,2019,3
Brisbane-Emerald,Brisbane,Emerald,All Airlines,Mar-19,172,172,0,152,144,20,28,2019,3
Brisbane-Gladstone,Brisbane,Gladstone,All Airlines,Mar-19,214,208,6,184,180,24,28,2019,3
Brisbane-Hamilton Island,Brisbane,Hamilton Island,All Airlines,Mar-19,62,61,1,50,48,11,13,2019,3
Brisbane-Hobart,Brisbane,Hobart,All Airlines,Mar-19,71,71,0,62,66,9,5,2019,3
Brisbane-Mackay,Brisbane,Mackay,All Airlines,Mar-19,295,289,6,241,231,48,58,2019,3
Brisbane-Melbourne,Brisbane,Melbourne,All Airlines,Mar-19,1065,1031,34,822,770,209,261,2019,3
Brisbane-Mount Isa,Brisbane,Mount Isa,All Airlines,Mar-19,57,56,1,50,53,6,3,2019,3
Brisbane-Newcastle,Brisbane,Newcastle,All Airlines,Mar-19,250,245,5,196,192,49,53,2019,3
Brisbane-Perth,Brisbane,Perth,All Airlines,Mar-19,262,261,1,215,207,46,54,2019,3
Brisbane-Proserpine,Brisbane,Proserpine,All Airlines,Mar-19,72,71,1,61,58,10,13,2019,3
Brisbane-Rockhampton,Brisbane,Rockhampton,All Airlines,Mar-19,323,321,2,249,228,72,93,2019,3
Brisbane-Sydney,Brisbane,Sydney,All Airlines,Mar-19,1468,1406,62,1176,1134,230,272,2019,3
Brisbane-Townsville,Brisbane,Townsville,All Airlines,Mar-19,334,324,10,267,259,57,65,2019,3
Broome-Perth,Broome,Perth,All Airlines,Mar-19,143,141,2,113,118,28,23,2019,3
Bundaberg-Brisbane,Bundaberg,Brisbane,All Airlines,Mar-19,154,152,2,128,129,24,23,2019,3
Cairns-Brisbane,Cairns,Brisbane,All Airlines,Mar-19,372,368,4,298,311,70,57,2019,3
Cairns-Melbourne,Cairns,Melbourne,All Airlines,Mar-19,161,160,1,125,129,35,31,2019,3
Cairns-Sydney,Cairns,Sydney,All Airlines,Mar-19,259,255,4,201,212,54,43,2019,3
Cairns-Townsville,Cairns,Townsville,All Airlines,Mar-19,149,149,0,140,137,9,12,2019,3
Canberra-Adelaide,Canberra,Adelaide,All Airlines,Mar-19,75,75,0,60,60,15,15,2019,3
Canberra-Brisbane,Canberra,Brisbane,All Airlines,Mar-19,261,258,3,227,220,31,38,2019,3
Canberra-Melbourne,Canberra,Melbourne,All Airlines,Mar-19,487,477,10,399,388,78,89,2019,3
Canberra-Sydney,Canberra,Sydney,All Airlines,Mar-19,751,722,29,595,565,127,157,2019,3
Coffs Harbour-Sydney,Coffs Harbour,Sydney,All Airlines,Mar-19,184,183,1,141,137,42,46,2019,3
Darwin-Alice Springs,Darwin,Alice Springs,All Airlines,Mar-19,71,67,4,59,59,8,8,2019,3
Darwin-Brisbane,Darwin,Brisbane,All Airlines,Mar-19,93,92,1,75,75,17,17,2019,3
Darwin-Melbourne,Darwin,Melbourne,All Airlines,Mar-19,82,82,0,76,71,6,11,2019,3
Darwin-Perth,Darwin,Perth,All Airlines,Mar-19,62,62,0,54,54,8,8,2019,3
Darwin-Sydney,Darwin,Sydney,All Airlines,Mar-19,87,86,1,66,68,20,18,2019,3
Dubbo-Sydney,Dubbo,Sydney,All Airlines,Mar-19,248,246,2,186,170,60,76,2019,3
Emerald-Brisbane,Emerald,Brisbane,All Airlines,Mar-19,172,171,1,142,142,29,29,2019,3
Geraldton-Perth,Geraldton,Perth,All Airlines,Mar-19,79,79,0,66,61,13,18,2019,3
Gladstone-Brisbane,Gladstone,Brisbane,All Airlines,Mar-19,214,207,7,176,173,31,34,2019,3
Gold Coast-Adelaide,Gold Coast,Adelaide,All Airlines,Mar-19,60,60,0,56,56,4,4,2019,3
Gold Coast-Melbourne,Gold Coast,Melbourne,All Airlines,Mar-19,445,438,7,281,311,157,127,2019,3
Gold Coast-Sydney,Gold Coast,Sydney,All Airlines,Mar-19,720,695,25,516,529,179,166,2019,3
Hamilton Island-Brisbane,Hamilton Island,Brisbane,All Airlines,Mar-19,62,61,1,49,51,12,10,2019,3
Hamilton Island-Sydney,Hamilton Island,Sydney,All Airlines,Mar-19,67,67,0,49,50,18,17,2019,3
Hobart-Brisbane,Hobart,Brisbane,All Airlines,Mar-19,70,70,0,63,63,7,7,2019,3
Hobart-Melbourne,Hobart,Melbourne,All Airlines,Mar-19,515,510,5,343,327,167,183,2019,3
Hobart-Sydney,Hobart,Sydney,All Airlines,Mar-19,226,224,2,165,152,59,72,2019,3
Kalgoorlie-Perth,Kalgoorlie,Perth,All Airlines,Mar-19,161,159,2,150,147,9,12,2019,3
Karratha-Perth,Karratha,Perth,All Airlines,Mar-19,259,232,27,199,189,33,43,2019,3
Launceston-Melbourne,Launceston,Melbourne,All Airlines,Mar-19,378,377,1,292,294,85,83,2019,3
Launceston-Sydney,Launceston,Sydney,All Airlines,Mar-19,90,88,2,64,65,24,23,2019,3
Mackay-Brisbane,Mackay,Brisbane,All Airlines,Mar-19,297,286,11,236,241,50,45,2019,3
Melbourne-Adelaide,Melbourne,Adelaide,All Airlines,Mar-19,780,770,10,627,618,143,152,2019,3
Melbourne-Brisbane,Melbourne,Brisbane,All Airlines,Mar-19,1060,1032,28,802,784,230,248,2019,3
Melbourne-Cairns,Melbourne,Cairns,All Airlines,Mar-19,161,160,1,125,131,35,29,2019,3
Melbourne-Canberra,Melbourne,Canberra,All Airlines,Mar-19,488,475,13,379,372,96,103,2019,3
Melbourne-Darwin,Melbourne,Darwin,All Airlines,Mar-19,81,81,0,63,66,18,15,2019,3
Melbourne-Gold Coast,Melbourne,Gold Coast,All Airlines,Mar-19,446,440,6,327,307,113,133,2019,3
Melbourne-Hobart,Melbourne,Hobart,All Airlines,Mar-19,515,510,5,394,387,116,123,2019,3
Melbourne-Launceston,Melbourne,Launceston,All Airlines,Mar-19,378,378,0,296,300,82,78,2019,3
Melbourne-Mildura,Melbourne,Mildura,All Airlines,Mar-19,212,208,4,169,172,39,36,2019,3
Melbourne-Newcastle,Melbourne,Newcastle,All Airlines,Mar-19,129,129,0,92,86,37,43,2019,3
Melbourne-Perth,Melbourne,Perth,All Airlines,Mar-19,463,460,3,351,349,109,111,2019,3
Melbourne-Sunshine Coast,Melbourne,Sunshine Coast,All Airlines,Mar-19,135,135,0,119,113,16,22,2019,3
Melbourne-Sydney,Melbourne,Sydney,All Airlines,Mar-19,2558,2404,154,1918,1718,486,686,2019,3
Mildura-Melbourne,Mildura,Melbourne,All Airlines,Mar-19,212,208,4,162,151,46,57,2019,3
Mount Isa-Brisbane,Mount Isa,Brisbane,All Airlines,Mar-19,57,55,2,51,48,4,7,2019,3
Newcastle-Brisbane,Newcastle,Brisbane,All Airlines,Mar-19,251,246,5,201,195,45,51,2019,3
Newcastle-Melbourne,Newcastle,Melbourne,All Airlines,Mar-19,129,129,0,91,91,38,38,2019,3
Newman-Perth,Newman,Perth,All Airlines,Mar-19,170,168,2,148,145,20,23,2019,3
Perth-Adelaide,Perth,Adelaide,All Airlines,Mar-19,232,232,0,204,197,28,35,2019,3
Perth-Brisbane,Perth,Brisbane,All Airlines,Mar-19,260,259,1,206,222,53,37,2019,3
Perth-Broome,Perth,Broome,All Airlines,Mar-19,142,142,0,118,123,24,19,2019,3
Perth-Darwin,Perth,Darwin,All Airlines,Mar-19,62,62,0,55,55,7,7,2019,3
Perth-Geraldton,Perth,Geraldton,All Airlines,Mar-19,79,79,0,66,67,13,12,2019,3
Perth-Kalgoorlie,Perth,Kalgoorlie,All Airlines,Mar-19,162,161,1,154,150,7,11,2019,3
Perth-Karratha,Perth,Karratha,All Airlines,Mar-19,260,235,25,213,207,22,28,2019,3
Perth-Melbourne,Perth,Melbourne,All Airlines,Mar-19,456,449,7,363,362,86,87,2019,3
Perth-Newman,Perth,Newman,All Airlines,Mar-19,171,169,2,153,152,16,17,2019,3
Perth-Port Hedland,Perth,Port Hedland,All Airlines,Mar-19,185,171,14,147,142,24,29,2019,3
Perth-Sydney,Perth,Sydney,All Airlines,Mar-19,393,391,2,332,328,59,63,2019,3
Port Hedland-Perth,Port Hedland,Perth,All Airlines,Mar-19,186,171,15,146,137,25,34,2019,3
Port Lincoln-Adelaide,Port Lincoln,Adelaide,All Airlines,Mar-19,331,328,3,303,303,25,25,2019,3
Port Macquarie-Sydney,Port Macquarie,Sydney,All Airlines,Mar-19,167,166,1,119,120,47,46,2019,3
Proserpine-Brisbane,Proserpine,Brisbane,All Airlines,Mar-19,72,71,1,50,54,21,17,2019,3
Proserpine-Sydney,Proserpine,Sydney,All Airlines,Mar-19,31,30,1,22,24,8,6,2019,3
Rockhampton-Brisbane,Rockhampton,Brisbane,All Airlines,Mar-19,327,325,2,245,246,80,79,2019,3
Sunshine Coast-Melbourne,Sunshine Coast,Melbourne,All Airlines,Mar-19,136,135,1,103,102,32,33,2019,3
Sunshine Coast-Sydney,Sunshine Coast,Sydney,All Airlines,Mar-19,186,183,3,118,110,65,73,2019,3
Sydney-Adelaide,Sydney,Adelaide,All Airlines,Mar-19,586,577,9,448,452,129,125,2019,3
Sydney-Albury,Sydney,Albury,All Airlines,Mar-19,271,270,1,203,208,67,62,2019,3
Sydney-Armidale,Sydney,Armidale,All Airlines,Mar-19,188,187,1,136,136,51,51,2019,3
Sydney-Ayers Rock,Sydney,Ayers Rock,All Airlines,Mar-19,57,57,0,47,52,10,5,2019,3
Sydney-Ballina,Sydney,Ballina,All Airlines,Mar-19,136,135,1,108,110,27,25,2019,3
Sydney-Brisbane,Sydney,Brisbane,All Airlines,Mar-19,1473,1411,62,1107,1055,304,356,2019,3
Sydney-Cairns,Sydney,Cairns,All Airlines,Mar-19,258,255,3,190,188,65,67,2019,3
Sydney-Canberra,Sydney,Canberra,All Airlines,Mar-19,751,728,23,580,575,148,153,2019,3
Sydney-Coffs Harbour,Sydney,Coffs Harbour,All Airlines,Mar-19,184,184,0,140,141,44,43,2019,3
Sydney-Darwin,Sydney,Darwin,All Airlines,Mar-19,89,88,1,67,69,21,19,2019,3
Sydney-Dubbo,Sydney,Dubbo,All Airlines,Mar-19,252,251,1,190,190,61,61,2019,3
Sydney-Gold Coast,Sydney,Gold Coast,All Airlines,Mar-19,719,699,20,550,538,149,161,2019,3
Sydney-Hamilton Island,Sydney,Hamilton Island,All Airlines,Mar-19,67,67,0,57,51,10,16,2019,3
Sydney-Hobart,Sydney,Hobart,All Airlines,Mar-19,225,223,2,180,188,43,35,2019,3
Sydney-Launceston,Sydney,Launceston,All Airlines,Mar-19,88,88,0,72,70,16,18,2019,3
Sydney-Melbourne,Sydney,Melbourne,All Airlines,Mar-19,2552,2399,153,1714,1726,685,673,2019,3
Sydney-Perth,Sydney,Perth,All Airlines,Mar-19,393,391,2,267,287,124,104,2019,3
Sydney-Port Macquarie,Sydney,Port Macquarie,All Airlines,Mar-19,167,166,1,116,123,50,43,2019,3
Sydney-Proserpine,Sydney,Proserpine,All Airlines,Mar-19,31,30,1,26,25,4,5,2019,3
Sydney-Sunshine Coast,Sydney,Sunshine Coast,All Airlines,Mar-19,186,184,2,129,131,55,53,2019,3
Sydney-Tamworth,Sydney,Tamworth,All Airlines,Mar-19,178,177,1,134,136,43,41,2019,3
Sydney-Townsville,Sydney,Townsville,All Airlines,Mar-19,42,41,1,31,31,10,10,2019,3
Sydney-Wagga Wagga,Sydney,Wagga Wagga,All Airlines,Mar-19,238,234,4,188,190,46,44,2019,3
Tamworth-Sydney,Tamworth,Sydney,All Airlines,Mar-19,178,177,1,143,141,34,36,2019,3
Townsville-Brisbane,Townsville,Brisbane,All Airlines,Mar-19,338,328,10,275,272,53,56,2019,3
Townsville-Cairns,Townsville,Cairns,All Airlines,Mar-19,148,147,1,129,129,18,18,2019,3
Townsville-Sydney,Townsville,Sydney,All Airlines,Mar-19,42,41,1,27,29,14,12,2019,3
Wagga Wagga-Sydney,Wagga Wagga,Sydney,All Airlines,Mar-19,240,235,5,187,172,48,63,2019,3
Adelaide-Alice Springs,Adelaide,Alice Springs,All Airlines,Apr-19,54,54,0,48,50,6,4,2019,4
Adelaide-Brisbane,Adelaide,Brisbane,All Airlines,Apr-19,268,268,0,236,227,32,41,2019,4
Adelaide-Canberra,Adelaide,Canberra,All Airlines,Apr-19,75,75,0,64,65,11,10,2019,4
Adelaide-Gold Coast,Adelaide,Gold Coast,All Airlines,Apr-19,61,61,0,57,57,4,4,2019,4
Adelaide-Melbourne,Adelaide,Melbourne,All Airlines,Apr-19,741,730,11,614,616,116,114,2019,4
Adelaide-Perth,Adelaide,Perth,All Airlines,Apr-19,227,227,0,188,188,39,39,2019,4
Adelaide-Port Lincoln,Adelaide,Port Lincoln,All Airlines,Apr-19,304,304,0,289,283,15,21,2019,4
Adelaide-Sydney,Adelaide,Sydney,All Airlines,Apr-19,547,543,4,459,402,84,141,2019,4
Albury-Sydney,Albury,Sydney,All Airlines,Apr-19,250,249,1,202,199,47,50,2019,4
Alice Springs-Adelaide,Alice Springs,Adelaide,All Airlines,Apr-19,54,54,0,48,47,6,7,2019,4
Alice Springs-Darwin,Alice Springs,Darwin,All Airlines,Apr-19,78,77,1,72,71,5,6,2019,4
Armidale-Sydney,Armidale,Sydney,All Airlines,Apr-19,181,179,2,138,136,41,43,2019,4
Ayers Rock-Sydney,Ayers Rock,Sydney,All Airlines,Apr-19,60,60,0,44,40,16,20,2019,4
Ballina-Sydney,Ballina,Sydney,All Airlines,Apr-19,152,151,1,114,119,37,32,2019,4
Brisbane-Adelaide,Brisbane,Adelaide,All Airlines,Apr-19,263,263,0,224,244,39,19,2019,4
Brisbane-Bundaberg,Brisbane,Bundaberg,All Airlines,Apr-19,150,148,2,127,125,21,23,2019,4
Brisbane-Cairns,Brisbane,Cairns,All Airlines,Apr-19,433,422,11,350,367,72,55,2019,4
Brisbane-Canberra,Brisbane,Canberra,All Airlines,Apr-19,268,268,0,228,231,40,37,2019,4
Brisbane-Darwin,Brisbane,Darwin,All Airlines,Apr-19,100,98,2,80,90,18,8,2019,4
Brisbane-Emerald,Brisbane,Emerald,All Airlines,Apr-19,162,157,5,142,142,15,15,2019,4
Brisbane-Gladstone,Brisbane,Gladstone,All Airlines,Apr-19,206,203,3,186,180,17,23,2019,4
Brisbane-Hamilton Island,Brisbane,Hamilton Island,All Airlines,Apr-19,58,57,1,46,44,11,13,2019,4
Brisbane-Hobart,Brisbane,Hobart,All Airlines,Apr-19,69,69,0,63,61,6,8,2019,4
Brisbane-Mackay,Brisbane,Mackay,All Airlines,Apr-19,305,303,2,247,253,56,50,2019,4
Brisbane-Melbourne,Brisbane,Melbourne,All Airlines,Apr-19,1064,1044,20,839,865,205,179,2019,4
Brisbane-Mount Isa,Brisbane,Mount Isa,All Airlines,Apr-19,72,72,0,64,63,8,9,2019,4
Brisbane-Newcastle,Brisbane,Newcastle,All Airlines,Apr-19,238,234,4,193,194,41,40,2019,4
Brisbane-Perth,Brisbane,Perth,All Airlines,Apr-19,252,252,0,209,233,43,19,2019,4
Brisbane-Proserpine,Brisbane,Proserpine,All Airlines,Apr-19,85,85,0,75,74,10,11,2019,4
Brisbane-Rockhampton,Brisbane,Rockhampton,All Airlines,Apr-19,312,311,1,264,263,47,48,2019,4
Brisbane-Sydney,Brisbane,Sydney,All Airlines,Apr-19,1436,1394,42,1140,1119,254,275,2019,4
Brisbane-Townsville,Brisbane,Townsville,All Airlines,Apr-19,353,350,3,300,304,50,46,2019,4
Broome-Perth,Broome,Perth,All Airlines,Apr-19,159,159,0,122,138,37,21,2019,4
Bundaberg-Brisbane,Bundaberg,Brisbane,All Airlines,Apr-19,150,148,2,131,128,17,20,2019,4
Cairns-Brisbane,Cairns,Brisbane,All Airlines,Apr-19,433,420,13,358,360,62,60,2019,4
Cairns-Melbourne,Cairns,Melbourne,All Airlines,Apr-19,234,228,6,182,176,46,52,2019,4
Cairns-Sydney,Cairns,Sydney,All Airlines,Apr-19,292,292,0,252,244,40,48,2019,4
Cairns-Townsville,Cairns,Townsville,All Airlines,Apr-19,142,140,2,125,124,15,16,2019,4
Canberra-Adelaide,Canberra,Adelaide,All Airlines,Apr-19,75,75,0,67,70,8,5,2019,4
Canberra-Brisbane,Canberra,Brisbane,All Airlines,Apr-19,267,266,1,234,231,32,35,2019,4
Canberra-Melbourne,Canberra,Melbourne,All Airlines,Apr-19,462,453,9,386,370,67,83,2019,4
Canberra-Sydney,Canberra,Sydney,All Airlines,Apr-19,681,664,17,567,541,97,123,2019,4
Coffs Harbour-Sydney,Coffs Harbour,Sydney,All Airlines,Apr-19,181,180,1,153,154,27,26,2019,4
Darwin-Alice Springs,Darwin,Alice Springs,All Airlines,Apr-19,77,76,1,72,71,4,5,2019,4
Darwin-Brisbane,Darwin,Brisbane,All Airlines,Apr-19,100,98,2,78,79,20,19,2019,4
Darwin-Melbourne,Darwin,Melbourne,All Airlines,Apr-19,87,87,0,64,67,23,20,2019,4
Darwin-Perth,Darwin,Perth,All Airlines,Apr-19,60,60,0,50,52,10,8,2019,4
Darwin-Sydney,Darwin,Sydney,All Airlines,Apr-19,95,94,1,71,67,23,27,2019,4
Dubbo-Sydney,Dubbo,Sydney,All Airlines,Apr-19,223,220,3,182,174,38,46,2019,4
Emerald-Brisbane,Emerald,Brisbane,All Airlines,Apr-19,161,156,5,144,141,12,15,2019,4
Geraldton-Perth,Geraldton,Perth,All Airlines,Apr-19,78,78,0,67,68,11,10,2019,4
Gladstone-Brisbane,Gladstone,Brisbane,All Airlines,Apr-19,207,204,3,175,174,29,30,2019,4
Gold Coast-Adelaide,Gold Coast,Adelaide,All Airlines,Apr-19,62,62,0,56,57,6,5,2019,4
Gold Coast-Melbourne,Gold Coast,Melbourne,All Airlines,Apr-19,537,532,5,397,444,135,88,2019,4
Gold Coast-Sydney,Gold Coast,Sydney,All Airlines,Apr-19,798,787,11,639,650,148,137,2019,4
Hamilton Island-Brisbane,Hamilton Island,Brisbane,All Airlines,Apr-19,58,57,1,45,46,12,11,2019,4
Hamilton Island-Sydney,Hamilton Island,Sydney,All Airlines,Apr-19,77,77,0,61,60,16,17,2019,4
Hobart-Brisbane,Hobart,Brisbane,All Airlines,Apr-19,70,70,0,58,54,12,16,2019,4
Hobart-Melbourne,Hobart,Melbourne,All Airlines,Apr-19,469,463,6,314,314,149,149,2019,4
Hobart-Sydney,Hobart,Sydney,All Airlines,Apr-19,233,232,1,177,192,55,40,2019,4
Kalgoorlie-Perth,Kalgoorlie,Perth,All Airlines,Apr-19,166,161,5,146,149,15,12,2019,4
Karratha-Perth,Karratha,Perth,All Airlines,Apr-19,244,234,10,196,203,38,31,2019,4
Launceston-Melbourne,Launceston,Melbourne,All Airlines,Apr-19,369,369,0,293,290,76,79,2019,4
Launceston-Sydney,Launceston,Sydney,All Airlines,Apr-19,89,89,0,68,68,21,21,2019,4
Mackay-Brisbane,Mackay,Brisbane,All Airlines,Apr-19,301,297,4,256,260,41,37,2019,4
Melbourne-Adelaide,Melbourne,Adelaide,All Airlines,Apr-19,742,732,10,625,616,107,116,2019,4
Melbourne-Brisbane,Melbourne,Brisbane,All Airlines,Apr-19,1064,1039,25,844,847,195,192,2019,4
Melbourne-Cairns,Melbourne,Cairns,All Airlines,Apr-19,234,230,4,190,184,40,46,2019,4
Melbourne-Canberra,Melbourne,Canberra,All Airlines,Apr-19,463,457,6,383,381,74,76,2019,4
Melbourne-Darwin,Melbourne,Darwin,All Airlines,Apr-19,87,87,0,65,66,22,21,2019,4
Melbourne-Gold Coast,Melbourne,Gold Coast,All Airlines,Apr-19,538,533,5,439,436,94,97,2019,4
Melbourne-Hobart,Melbourne,Hobart,All Airlines,Apr-19,469,464,5,378,362,86,102,2019,4
Melbourne-Launceston,Melbourne,Launceston,All Airlines,Apr-19,368,368,0,301,291,67,77,2019,4
Melbourne-Mildura,Melbourne,Mildura,All Airlines,Apr-19,196,196,0,175,173,21,23,2019,4
Melbourne-Newcastle,Melbourne,Newcastle,All Airlines,Apr-19,148,147,1,104,110,43,37,2019,4
Melbourne-Perth,Melbourne,Perth,All Airlines,Apr-19,451,450,1,329,342,121,108,2019,4
Melbourne-Sunshine Coast,Melbourne,Sunshine Coast,All Airlines,Apr-19,168,168,0,141,144,27,24,2019,4
Melbourne-Sydney,Melbourne,Sydney,All Airlines,Apr-19,2351,2231,120,1829,1702,402,529,2019,4
Mildura-Melbourne,Mildura,Melbourne,All Airlines,Apr-19,196,196,0,170,163,26,33,2019,4
Mount Isa-Brisbane,Mount Isa,Brisbane,All Airlines,Apr-19,69,69,0,62,62,7,7,2019,4
Newcastle-Brisbane,Newcastle,Brisbane,All Airlines,Apr-19,238,233,5,195,196,38,37,2019,4
Newcastle-Melbourne,Newcastle,Melbourne,All Airlines,Apr-19,148,147,1,110,105,37,42,2019,4
Newman-Perth,Newman,Perth,All Airlines,Apr-19,183,181,2,161,163,20,18,2019,4
Perth-Adelaide,Perth,Adelaide,All Airlines,Apr-19,225,225,0,197,188,28,37,2019,4
Perth-Brisbane,Perth,Brisbane,All Airlines,Apr-19,252,252,0,216,168,36,84,2019,4
Perth-Broome,Perth,Broome,All Airlines,Apr-19,159,158,1,141,127,17,31,2019,4
Perth-Darwin,Perth,Darwin,All Airlines,Apr-19,60,60,0,54,53,6,7,2019,4
Perth-Geraldton,Perth,Geraldton,All Airlines,Apr-19,78,78,0,67,66,11,12,2019,4
Perth-Kalgoorlie,Perth,Kalgoorlie,All Airlines,Apr-19,166,161,5,148,149,13,12,2019,4
Perth-Karratha,Perth,Karratha,All Airlines,Apr-19,246,240,6,215,198,25,42,2019,4
Perth-Melbourne,Perth,Melbourne,All Airlines,Apr-19,451,450,1,335,339,115,111,2019,4
Perth-Newman,Perth,Newman,All Airlines,Apr-19,183,181,2,167,166,14,15,2019,4
Perth-Port Hedland,Perth,Port Hedland,All Airlines,Apr-19,198,194,4,178,163,16,31,2019,4
Perth-Sydney,Perth,Sydney,All Airlines,Apr-19,373,373,0,295,291,78,82,2019,4
Port Hedland-Perth,Port Hedland,Perth,All Airlines,Apr-19,198,194,4,168,169,26,25,2019,4
Port Lincoln-Adelaide,Port Lincoln,Adelaide,All Airlines,Apr-19,303,302,1,282,283,20,19,2019,4
Port Macquarie-Sydney,Port Macquarie,Sydney,All Airlines,Apr-19,162,159,3,132,128,27,31,2019,4
Proserpine-Brisbane,Proserpine,Brisbane,All Airlines,Apr-19,85,83,2,73,74,10,9,2019,4
Proserpine-Sydney,Proserpine,Sydney,All Airlines,Apr-19,32,32,0,30,30,2,2,2019,4
Rockhampton-Brisbane,Rockhampton,Brisbane,All Airlines,Apr-19,317,315,2,281,272,34,43,2019,4
Sunshine Coast-Melbourne,Sunshine Coast,Melbourne,All Airlines,Apr-19,169,168,1,119,124,49,44,2019,4
Sunshine Coast-Sydney,Sunshine Coast,Sydney,All Airlines,Apr-19,239,238,1,175,179,63,59,2019,4
Sydney-Adelaide,Sydney,Adelaide,All Airlines,Apr-19,550,548,2,441,473,107,75,2019,4
Sydney-Albury,Sydney,Albury,All Airlines,Apr-19,248,248,0,206,211,42,37,2019,4
Sydney-Armidale,Sydney,Armidale,All Airlines,Apr-19,181,179,2,143,145,36,34,2019,4
Sydney-Ayers Rock,Sydney,Ayers Rock,All Airlines,Apr-19,59,59,0,51,51,8,8,2019,4
Sydney-Ballina,Sydney,Ballina,All Airlines,Apr-19,153,152,1,129,128,23,24,2019,4
Sydney-Brisbane,Sydney,Brisbane,All Airlines,Apr-19,1433,1396,37,1111,1100,285,296,2019,4
Sydney-Cairns,Sydney,Cairns,All Airlines,Apr-19,294,294,0,240,263,54,31,2019,4
Sydney-Canberra,Sydney,Canberra,All Airlines,Apr-19,677,665,12,548,542,117,123,2019,4
Sydney-Coffs Harbour,Sydney,Coffs Harbour,All Airlines,Apr-19,181,180,1,147,150,33,30,2019,4
Sydney-Darwin,Sydney,Darwin,All Airlines,Apr-19,94,94,0,67,80,27,14,2019,4
Sydney-Dubbo,Sydney,Dubbo,All Airlines,Apr-19,224,224,0,181,186,43,38,2019,4
Sydney-Gold Coast,Sydney,Gold Coast,All Airlines,Apr-19,797,790,7,638,648,152,142,2019,4
Sydney-Hamilton Island,Sydney,Hamilton Island,All Airlines,Apr-19,77,77,0,60,60,17,17,2019,4
Sydney-Hobart,Sydney,Hobart,All Airlines,Apr-19,233,232,1,185,194,47,38,2019,4
Sydney-Launceston,Sydney,Launceston,All Airlines,Apr-19,90,90,0,74,78,16,12,2019,4
Sydney-Melbourne,Sydney,Melbourne,All Airlines,Apr-19,2356,2230,126,1742,1714,488,516,2019,4
Sydney-Perth,Sydney,Perth,All Airlines,Apr-19,373,373,0,251,296,122,77,2019,4
Sydney-Port Macquarie,Sydney,Port Macquarie,All Airlines,Apr-19,162,159,3,124,125,35,34,2019,4
Sydney-Proserpine,Sydney,Proserpine,All Airlines,Apr-19,32,32,0,31,31,1,1,2019,4
Sydney-Sunshine Coast,Sydney,Sunshine Coast,All Airlines,Apr-19,238,237,1,167,176,70,61,2019,4
Sydney-Tamworth,Sydney,Tamworth,All Airlines,Apr-19,173,169,4,132,138,37,31,2019,4
Sydney-Townsville,Sydney,Townsville,All Airlines,Apr-19,54,53,1,36,40,17,13,2019,4
Sydney-Wagga Wagga,Sydney,Wagga Wagga,All Airlines,Apr-19,213,213,0,185,183,28,30,2019,4
Tamworth-Sydney,Tamworth,Sydney,All Airlines,Apr-19,173,169,4,140,135,29,34,2019,4
Townsville-Brisbane,Townsville,Brisbane,All Airlines,Apr-19,353,349,4,302,301,47,48,2019,4
Townsville-Cairns,Townsville,Cairns,All Airlines,Apr-19,142,141,1,131,129,10,12,2019,4
Townsville-Sydney,Townsville,Sydney,All Airlines,Apr-19,54,53,1,34,39,19,14,2019,4
Wagga Wagga-Sydney,Wagga Wagga,Sydney,All Airlines,Apr-19,210,210,0,178,167,32,43,2019,4
Adelaide-Alice Springs,Adelaide,Alice Springs,All Airlines,May-19,54,54,0,43,39,11,15,2019,5
Adelaide-Brisbane,Adelaide,Brisbane,All Airlines,May-19,272,272,0,242,245,30,27,2019,5
Adelaide-Canberra,Adelaide,Canberra,All Airlines,May-19,81,81,0,68,68,13,13,2019,5
Adelaide-Gold Coast,Adelaide,Gold Coast,All Airlines,May-19,58,58,0,55,56,3,2,2019,5
Adelaide-Melbourne,Adelaide,Melbourne,All Airlines,May-19,743,720,23,611,593,109,127,2019,5
Adelaide-Perth,Adelaide,Perth,All Airlines,May-19,227,227,0,188,200,39,27,2019,5
Adelaide-Port Lincoln,Adelaide,Port Lincoln,All Airlines,May-19,321,319,2,294,289,25,30,2019,5
Adelaide-Sydney,Adelaide,Sydney,All Airlines,May-19,524,518,6,422,419,96,99,2019,5
Albury-Sydney,Albury,Sydney,All Airlines,May-19,276,270,6,197,196,73,74,2019,5
Alice Springs-Adelaide,Alice Springs,Adelaide,All Airlines,May-19,53,53,0,40,46,13,7,2019,5
Alice Springs-Darwin,Alice Springs,Darwin,All Airlines,May-19,84,81,3,75,71,6,10,2019,5
Armidale-Sydney,Armidale,Sydney,All Airlines,May-19,196,194,2,140,136,54,58,2019,5
Ayers Rock-Sydney,Ayers Rock,Sydney,All Airlines,May-19,62,62,0,38,46,24,16,2019,5
Ballina-Sydney,Ballina,Sydney,All Airlines,May-19,127,127,0,103,104,24,23,2019,5
Brisbane-Adelaide,Brisbane,Adelaide,All Airlines,May-19,267,267,0,237,247,30,20,2019,5
Brisbane-Bundaberg,Brisbane,Bundaberg,All Airlines,May-19,155,153,2,137,132,16,21,2019,5
Brisbane-Cairns,Brisbane,Cairns,All Airlines,May-19,418,417,1,366,354,51,63,2019,5
Brisbane-Canberra,Brisbane,Canberra,All Airlines,May-19,282,279,3,231,228,48,51,2019,5
Brisbane-Darwin,Brisbane,Darwin,All Airlines,May-19,99,99,0,87,82,12,17,2019,5
Brisbane-Emerald,Brisbane,Emerald,All Airlines,May-19,178,177,1,161,160,16,17,2019,5
Brisbane-Gladstone,Brisbane,Gladstone,All Airlines,May-19,221,219,2,204,194,15,25,2019,5
Brisbane-Hamilton Island,Brisbane,Hamilton Island,All Airlines,May-19,61,58,3,48,47,10,11,2019,5
Brisbane-Hobart,Brisbane,Hobart,All Airlines,May-19,54,54,0,46,47,8,7,2019,5
Brisbane-Mackay,Brisbane,Mackay,All Airlines,May-19,325,318,7,284,279,34,39,2019,5
Brisbane-Melbourne,Brisbane,Melbourne,All Airlines,May-19,984,971,13,840,830,131,141,2019,5
Brisbane-Mount Isa,Brisbane,Mount Isa,All Airlines,May-19,74,74,0,71,62,3,12,2019,5
Brisbane-Newcastle,Brisbane,Newcastle,All Airlines,May-19,250,246,4,212,214,34,32,2019,5
Brisbane-Perth,Brisbane,Perth,All Airlines,May-19,264,262,2,230,244,32,18,2019,5
Brisbane-Proserpine,Brisbane,Proserpine,All Airlines,May-19,69,69,0,66,62,3,7,2019,5
Brisbane-Rockhampton,Brisbane,Rockhampton,All Airlines,May-19,330,328,2,292,285,36,43,2019,5
Brisbane-Sydney,Brisbane,Sydney,All Airlines,May-19,1472,1429,43,1217,1225,212,204,2019,5
Brisbane-Townsville,Brisbane,Townsville,All Airlines,May-19,376,373,3,325,312,48,61,2019,5
Broome-Perth,Broome,Perth,All Airlines,May-19,165,165,0,132,135,33,30,2019,5
Bundaberg-Brisbane,Bundaberg,Brisbane,All Airlines,May-19,155,153,2,141,139,12,14,2019,5
Cairns-Brisbane,Cairns,Brisbane,All Airlines,May-19,417,414,3,355,365,59,49,2019,5
Cairns-Melbourne,Cairns,Melbourne,All Airlines,May-19,184,183,1,140,155,43,28,2019,5
Cairns-Sydney,Cairns,Sydney,All Airlines,May-19,241,240,1,202,215,38,25,2019,5
Cairns-Townsville,Cairns,Townsville,All Airlines,May-19,152,150,2,136,137,14,13,2019,5
Canberra-Adelaide,Canberra,Adelaide,All Airlines,May-19,81,81,0,71,76,10,5,2019,5
Canberra-Brisbane,Canberra,Brisbane,All Airlines,May-19,280,275,5,229,226,46,49,2019,5
Canberra-Melbourne,Canberra,Melbourne,All Airlines,May-19,495,487,8,420,407,67,80,2019,5
Canberra-Sydney,Canberra,Sydney,All Airlines,May-19,739,707,32,577,579,130,128,2019,5
Coffs Harbour-Sydney,Coffs Harbour,Sydney,All Airlines,May-19,191,189,2,157,159,32,30,2019,5
Darwin-Alice Springs,Darwin,Alice Springs,All Airlines,May-19,84,82,2,73,71,9,11,2019,5
Darwin-Brisbane,Darwin,Brisbane,All Airlines,May-19,100,100,0,77,86,23,14,2019,5
Darwin-Melbourne,Darwin,Melbourne,All Airlines,May-19,83,83,0,55,64,28,19,2019,5
Darwin-Perth,Darwin,Perth,All Airlines,May-19,62,62,0,44,45,18,17,2019,5
Darwin-Sydney,Darwin,Sydney,All Airlines,May-19,90,89,1,50,56,39,33,2019,5
Dubbo-Sydney,Dubbo,Sydney,All Airlines,May-19,253,250,3,198,196,52,54,2019,5
Emerald-Brisbane,Emerald,Brisbane,All Airlines,May-19,179,177,2,150,156,27,21,2019,5
Geraldton-Perth,Geraldton,Perth,All Airlines,May-19,85,84,1,75,78,9,6,2019,5
Gladstone-Brisbane,Gladstone,Brisbane,All Airlines,May-19,220,218,2,186,190,32,28,2019,5
Gold Coast-Adelaide,Gold Coast,Adelaide,All Airlines,May-19,57,57,0,52,52,5,5,2019,5
Gold Coast-Melbourne,Gold Coast,Melbourne,All Airlines,May-19,453,448,5,349,371,99,77,2019,5
Gold Coast-Sydney,Gold Coast,Sydney,All Airlines,May-19,750,738,12,597,627,141,111,2019,5
Hamilton Island-Brisbane,Hamilton Island,Brisbane,All Airlines,May-19,61,58,3,50,50,8,8,2019,5
Hamilton Island-Sydney,Hamilton Island,Sydney,All Airlines,May-19,61,61,0,49,50,12,11,2019,5
Hobart-Brisbane,Hobart,Brisbane,All Airlines,May-19,55,55,0,43,40,12,15,2019,5
Hobart-Melbourne,Hobart,Melbourne,All Airlines,May-19,425,423,2,309,310,114,113,2019,5
Hobart-Sydney,Hobart,Sydney,All Airlines,May-19,203,202,1,163,164,39,38,2019,5
Kalgoorlie-Perth,Kalgoorlie,Perth,All Airlines,May-19,179,174,5,161,162,13,12,2019,5
Karratha-Perth,Karratha,Perth,All Airlines,May-19,263,262,1,236,232,26,30,2019,5
Launceston-Melbourne,Launceston,Melbourne,All Airlines,May-19,311,305,6,259,246,46,59,2019,5
Launceston-Sydney,Launceston,Sydney,All Airlines,May-19,58,58,0,51,48,7,10,2019,5
Mackay-Brisbane,Mackay,Brisbane,All Airlines,May-19,322,314,8,285,289,29,25,2019,5
Melbourne-Adelaide,Melbourne,Adelaide,All Airlines,May-19,746,730,16,622,592,108,138,2019,5
Melbourne-Brisbane,Melbourne,Brisbane,All Airlines,May-19,987,973,14,843,826,130,147,2019,5
Melbourne-Cairns,Melbourne,Cairns,All Airlines,May-19,184,183,1,156,142,27,41,2019,5
Melbourne-Canberra,Melbourne,Canberra,All Airlines,May-19,495,487,8,424,409,63,78,2019,5
Melbourne-Darwin,Melbourne,Darwin,All Airlines,May-19,83,83,0,64,48,19,35,2019,5
Melbourne-Gold Coast,Melbourne,Gold Coast,All Airlines,May-19,452,447,5,387,367,60,80,2019,5
Melbourne-Hobart,Melbourne,Hobart,All Airlines,May-19,427,427,0,345,327,82,100,2019,5
Melbourne-Launceston,Melbourne,Launceston,All Airlines,May-19,308,305,3,265,259,40,46,2019,5
Melbourne-Mildura,Melbourne,Mildura,All Airlines,May-19,218,214,4,196,178,18,36,2019,5
Melbourne-Newcastle,Melbourne,Newcastle,All Airlines,May-19,129,129,0,96,101,33,28,2019,5
Melbourne-Perth,Melbourne,Perth,All Airlines,May-19,432,425,7,332,367,93,58,2019,5
Melbourne-Sunshine Coast,Melbourne,Sunshine Coast,All Airlines,May-19,124,124,0,110,112,14,12,2019,5
Melbourne-Sydney,Melbourne,Sydney,All Airlines,May-19,2506,2349,157,1968,1890,381,459,2019,5
Mildura-Melbourne,Mildura,Melbourne,All Airlines,May-19,219,215,4,194,183,21,32,2019,5
Mount Isa-Brisbane,Mount Isa,Brisbane,All Airlines,May-19,71,70,1,63,65,7,5,2019,5
Newcastle-Brisbane,Newcastle,Brisbane,All Airlines,May-19,248,245,3,210,220,35,25,2019,5
Newcastle-Melbourne,Newcastle,Melbourne,All Airlines,May-19,129,129,0,108,115,21,14,2019,5
Newman-Perth,Newman,Perth,All Airlines,May-19,191,188,3,174,171,14,17,2019,5
Perth-Adelaide,Perth,Adelaide,All Airlines,May-19,229,229,0,202,168,27,61,2019,5
Perth-Brisbane,Perth,Brisbane,All Airlines,May-19,264,262,2,232,208,30,54,2019,5
Perth-Broome,Perth,Broome,All Airlines,May-19,165,165,0,136,129,29,36,2019,5
Perth-Darwin,Perth,Darwin,All Airlines,May-19,62,62,0,49,46,13,16,2019,5
Perth-Geraldton,Perth,Geraldton,All Airlines,May-19,85,84,1,70,74,14,10,2019,5
Perth-Kalgoorlie,Perth,Kalgoorlie,All Airlines,May-19,180,177,3,161,153,16,24,2019,5
Perth-Karratha,Perth,Karratha,All Airlines,May-19,263,262,1,250,231,12,31,2019,5
Perth-Melbourne,Perth,Melbourne,All Airlines,May-19,436,430,6,361,309,69,121,2019,5
Perth-Newman,Perth,Newman,All Airlines,May-19,191,190,1,179,177,11,13,2019,5
Perth-Port Hedland,Perth,Port Hedland,All Airlines,May-19,213,213,0,191,175,22,38,2019,5
Perth-Sydney,Perth,Sydney,All Airlines,May-19,373,371,2,304,284,67,87,2019,5
Port Hedland-Perth,Port Hedland,Perth,All Airlines,May-19,213,212,1,187,185,25,27,2019,5
Port Lincoln-Adelaide,Port Lincoln,Adelaide,All Airlines,May-19,322,320,2,294,283,26,37,2019,5
Port Macquarie-Sydney,Port Macquarie,Sydney,All Airlines,May-19,179,175,4,130,132,45,43,2019,5
Proserpine-Brisbane,Proserpine,Brisbane,All Airlines,May-19,69,69,0,58,59,11,10,2019,5
Proserpine-Sydney,Proserpine,Sydney,All Airlines,May-19,35,35,0,28,28,7,7,2019,5
Rockhampton-Brisbane,Rockhampton,Brisbane,All Airlines,May-19,334,332,2,295,298,37,34,2019,5
Sunshine Coast-Melbourne,Sunshine Coast,Melbourne,All Airlines,May-19,124,123,1,97,96,26,27,2019,5
Sunshine Coast-Sydney,Sunshine Coast,Sydney,All Airlines,May-19,201,199,2,156,158,43,41,2019,5
Sydney-Adelaide,Sydney,Adelaide,All Airlines,May-19,526,519,7,437,431,82,88,2019,5
Sydney-Albury,Sydney,Albury,All Airlines,May-19,271,269,2,201,198,68,71,2019,5
Sydney-Armidale,Sydney,Armidale,All Airlines,May-19,195,194,1,138,141,56,53,2019,5
Sydney-Ayers Rock,Sydney,Ayers Rock,All Airlines,May-19,62,62,0,57,53,5,9,2019,5
Sydney-Ballina,Sydney,Ballina,All Airlines,May-19,127,127,0,118,112,9,15,2019,5
Sydney-Brisbane,Sydney,Brisbane,All Airlines,May-19,1461,1420,41,1215,1176,205,244,2019,5
Sydney-Cairns,Sydney,Cairns,All Airlines,May-19,241,241,0,216,206,25,35,2019,5
Sydney-Canberra,Sydney,Canberra,All Airlines,May-19,739,715,24,578,559,137,156,2019,5
Sydney-Coffs Harbour,Sydney,Coffs Harbour,All Airlines,May-19,191,189,2,151,161,38,28,2019,5
Sydney-Darwin,Sydney,Darwin,All Airlines,May-19,91,91,0,70,63,21,28,2019,5
Sydney-Dubbo,Sydney,Dubbo,All Airlines,May-19,257,254,3,201,200,53,54,2019,5
Sydney-Gold Coast,Sydney,Gold Coast,All Airlines,May-19,750,738,12,630,629,108,109,2019,5
Sydney-Hamilton Island,Sydney,Hamilton Island,All Airlines,May-19,61,61,0,52,47,9,14,2019,5
Sydney-Hobart,Sydney,Hobart,All Airlines,May-19,204,203,1,171,172,32,31,2019,5
Sydney-Launceston,Sydney,Launceston,All Airlines,May-19,58,57,1,53,54,4,3,2019,5
Sydney-Melbourne,Sydney,Melbourne,All Airlines,May-19,2511,2356,155,1967,1828,389,528,2019,5
Sydney-Perth,Sydney,Perth,All Airlines,May-19,374,371,3,253,311,118,60,2019,5
Sydney-Port Macquarie,Sydney,Port Macquarie,All Airlines,May-19,179,176,3,137,139,39,37,2019,5
Sydney-Proserpine,Sydney,Proserpine,All Airlines,May-19,36,36,0,31,31,5,5,2019,5
Sydney-Sunshine Coast,Sydney,Sunshine Coast,All Airlines,May-19,202,201,1,160,158,41,43,2019,5
Sydney-Tamworth,Sydney,Tamworth,All Airlines,May-19,184,183,1,130,133,53,50,2019,5
Sydney-Townsville,Sydney,Townsville,All Airlines,May-19,47,47,0,41,34,6,13,2019,5
Sydney-Wagga Wagga,Sydney,Wagga Wagga,All Airlines,May-19,248,247,1,218,218,29,29,2019,5
Tamworth-Sydney,Tamworth,Sydney,All Airlines,May-19,184,182,2,140,143,42,39,2019,5
Townsville-Brisbane,Townsville,Brisbane,All Airlines,May-19,376,373,3,332,340,41,33,2019,5
Townsville-Cairns,Townsville,Cairns,All Airlines,May-19,154,150,4,131,130,19,20,2019,5
Townsville-Sydney,Townsville,Sydney,All Airlines,May-19,47,47,0,28,31,19,16,2019,5
Wagga Wagga-Sydney,Wagga Wagga,Sydney,All Airlines,May-19,245,244,1,215,216,29,28,2019,5
Adelaide-Alice Springs,Adelaide,Alice Springs,All Airlines,Jun-19,50,50,0,41,36,9,14,2019,6
Adelaide-Brisbane,Adelaide,Brisbane,All Airlines,Jun-19,260,258,2,224,216,34,42,2019,6
Adelaide-Canberra,Adelaide,Canberra,All Airlines,Jun-19,71,70,1,64,63,6,7,2019,6
Adelaide-Gold Coast,Adelaide,Gold Coast,All Airlines,Jun-19,51,51,0,47,43,4,8,2019,6
Adelaide-Melbourne,Adelaide,Melbourne,All Airlines,Jun-19,707,689,18,593,574,96,115,2019,6
Adelaide-Perth,Adelaide,Perth,All Airlines,Jun-19,217,212,5,181,164,31,48,2019,6
Adelaide-Port Lincoln,Adelaide,Port Lincoln,All Airlines,Jun-19,303,301,2,272,272,29,29,2019,6
Adelaide-Sydney,Adelaide,Sydney,All Airlines,Jun-19,499,497,2,406,353,91,144,2019,6
Albury-Sydney,Albury,Sydney,All Airlines,Jun-19,247,242,5,179,161,63,81,2019,6
Alice Springs-Adelaide,Alice Springs,Adelaide,All Airlines,Jun-19,51,51,0,37,38,14,13,2019,6
Alice Springs-Darwin,Alice Springs,Darwin,All Airlines,Jun-19,78,77,1,68,70,9,7,2019,6
Armidale-Sydney,Armidale,Sydney,All Airlines,Jun-19,179,179,0,130,129,49,50,2019,6
Ayers Rock-Sydney,Ayers Rock,Sydney,All Airlines,Jun-19,60,60,0,30,40,30,20,2019,6
Ballina-Sydney,Ballina,Sydney,All Airlines,Jun-19,124,123,1,93,96,30,27,2019,6
Brisbane-Adelaide,Brisbane,Adelaide,All Airlines,Jun-19,253,252,1,216,225,36,27,2019,6
Brisbane-Bundaberg,Brisbane,Bundaberg,All Airlines,Jun-19,148,146,2,132,132,14,14,2019,6
Brisbane-Cairns,Brisbane,Cairns,All Airlines,Jun-19,413,407,6,315,303,92,104,2019,6
Brisbane-Canberra,Brisbane,Canberra,All Airlines,Jun-19,263,263,0,208,209,55,54,2019,6
Brisbane-Darwin,Brisbane,Darwin,All Airlines,Jun-19,113,113,0,86,84,27,29,2019,6
Brisbane-Emerald,Brisbane,Emerald,All Airlines,Jun-19,165,165,0,150,150,15,15,2019,6
Brisbane-Gladstone,Brisbane,Gladstone,All Airlines,Jun-19,205,204,1,187,179,17,25,2019,6
Brisbane-Hamilton Island,Brisbane,Hamilton Island,All Airlines,Jun-19,60,60,0,46,47,14,13,2019,6
Brisbane-Hobart,Brisbane,Hobart,All Airlines,Jun-19,57,57,0,50,49,7,8,2019,6
Brisbane-Mackay,Brisbane,Mackay,All Airlines,Jun-19,307,304,3,265,260,39,44,2019,6
Brisbane-Melbourne,Brisbane,Melbourne,All Airlines,Jun-19,975,958,17,778,761,180,197,2019,6
Brisbane-Mount Isa,Brisbane,Mount Isa,All Airlines,Jun-19,71,71,0,63,50,8,21,2019,6
Brisbane-Newcastle,Brisbane,Newcastle,All Airlines,Jun-19,232,230,2,197,192,33,38,2019,6
Brisbane-Perth,Brisbane,Perth,All Airlines,Jun-19,244,243,1,182,183,61,60,2019,6
Brisbane-Proserpine,Brisbane,Proserpine,All Airlines,Jun-19,62,61,1,55,47,6,14,2019,6
Brisbane-Rockhampton,Brisbane,Rockhampton,All Airlines,Jun-19,312,310,2,271,259,39,51,2019,6
Brisbane-Sydney,Brisbane,Sydney,All Airlines,Jun-19,1380,1340,40,1078,1054,262,286,2019,6
Brisbane-Townsville,Brisbane,Townsville,All Airlines,Jun-19,354,351,3,284,256,67,95,2019,6
Broome-Perth,Broome,Perth,All Airlines,Jun-19,161,160,1,118,118,42,42,2019,6
Bundaberg-Brisbane,Bundaberg,Brisbane,All Airlines,Jun-19,148,146,2,134,130,12,16,2019,6
Cairns-Brisbane,Cairns,Brisbane,All Airlines,Jun-19,414,407,7,330,346,77,61,2019,6
Cairns-Melbourne,Cairns,Melbourne,All Airlines,Jun-19,194,192,2,132,145,60,47,2019,6
Cairns-Sydney,Cairns,Sydney,All Airlines,Jun-19,238,238,0,179,195,59,43,2019,6
Cairns-Townsville,Cairns,Townsville,All Airlines,Jun-19,144,143,1,134,134,9,9,2019,6
Canberra-Adelaide,Canberra,Adelaide,All Airlines,Jun-19,71,71,0,65,65,6,6,2019,6
Canberra-Brisbane,Canberra,Brisbane,All Airlines,Jun-19,265,261,4,217,195,44,66,2019,6
Canberra-Melbourne,Canberra,Melbourne,All Airlines,Jun-19,457,449,8,361,357,88,92,2019,6
Canberra-Sydney,Canberra,Sydney,All Airlines,Jun-19,687,667,20,516,492,151,175,2019,6
Coffs Harbour-Sydney,Coffs Harbour,Sydney,All Airlines,Jun-19,183,181,2,131,133,50,48,2019,6
Darwin-Alice Springs,Darwin,Alice Springs,All Airlines,Jun-19,79,79,0,74,70,5,9,2019,6
Darwin-Brisbane,Darwin,Brisbane,All Airlines,Jun-19,111,111,0,74,89,37,22,2019,6
Darwin-Melbourne,Darwin,Melbourne,All Airlines,Jun-19,94,93,1,60,73,33,20,2019,6
Darwin-Perth,Darwin,Perth,All Airlines,Jun-19,60,60,0,50,46,10,14,2019,6
Darwin-Sydney,Darwin,Sydney,All Airlines,Jun-19,110,110,0,58,73,52,37,2019,6
Dubbo-Sydney,Dubbo,Sydney,All Airlines,Jun-19,235,230,5,183,168,47,62,2019,6
Emerald-Brisbane,Emerald,Brisbane,All Airlines,Jun-19,165,165,0,144,149,21,16,2019,6
Geraldton-Perth,Geraldton,Perth,All Airlines,Jun-19,80,79,1,67,67,12,12,2019,6
Gladstone-Brisbane,Gladstone,Brisbane,All Airlines,Jun-19,205,204,1,174,175,30,29,2019,6
Gold Coast-Adelaide,Gold Coast,Adelaide,All Airlines,Jun-19,51,51,0,45,44,6,7,2019,6
Gold Coast-Melbourne,Gold Coast,Melbourne,All Airlines,Jun-19,454,451,3,311,340,140,111,2019,6
Gold Coast-Sydney,Gold Coast,Sydney,All Airlines,Jun-19,733,715,18,547,559,168,156,2019,6
Hamilton Island-Brisbane,Hamilton Island,Brisbane,All Airlines,Jun-19,59,59,0,42,45,17,14,2019,6
Hamilton Island-Sydney,Hamilton Island,Sydney,All Airlines,Jun-19,61,61,0,44,51,17,10,2019,6
Hobart-Brisbane,Hobart,Brisbane,All Airlines,Jun-19,56,56,0,46,39,10,17,2019,6
Hobart-Melbourne,Hobart,Melbourne,All Airlines,Jun-19,431,430,1,304,303,126,127,2019,6
Hobart-Sydney,Hobart,Sydney,All Airlines,Jun-19,215,211,4,164,154,47,57,2019,6
Kalgoorlie-Perth,Kalgoorlie,Perth,All Airlines,Jun-19,162,159,3,130,131,29,28,2019,6
Karratha-Perth,Karratha,Perth,All Airlines,Jun-19,237,227,10,204,200,23,27,2019,6
Launceston-Melbourne,Launceston,Melbourne,All Airlines,Jun-19,307,303,4,240,239,63,64,2019,6
Launceston-Sydney,Launceston,Sydney,All Airlines,Jun-19,57,57,0,40,40,17,17,2019,6
Mackay-Brisbane,Mackay,Brisbane,All Airlines,Jun-19,305,299,6,260,263,39,36,2019,6
Melbourne-Adelaide,Melbourne,Adelaide,All Airlines,Jun-19,710,695,15,589,568,106,127,2019,6
Melbourne-Brisbane,Melbourne,Brisbane,All Airlines,Jun-19,979,968,11,814,739,154,229,2019,6
Melbourne-Cairns,Melbourne,Cairns,All Airlines,Jun-19,194,193,1,158,138,35,55,2019,6
Melbourne-Canberra,Melbourne,Canberra,All Airlines,Jun-19,456,449,7,379,365,70,84,2019,6
Melbourne-Darwin,Melbourne,Darwin,All Airlines,Jun-19,93,93,0,73,61,20,32,2019,6
Melbourne-Gold Coast,Melbourne,Gold Coast,All Airlines,Jun-19,454,451,3,379,349,72,102,2019,6
Melbourne-Hobart,Melbourne,Hobart,All Airlines,Jun-19,430,430,0,351,319,79,111,2019,6
Melbourne-Launceston,Melbourne,Launceston,All Airlines,Jun-19,308,305,3,248,234,57,71,2019,6
Melbourne-Mildura,Melbourne,Mildura,All Airlines,Jun-19,197,195,2,167,162,28,33,2019,6
Melbourne-Newcastle,Melbourne,Newcastle,All Airlines,Jun-19,136,136,0,108,110,28,26,2019,6
Melbourne-Perth,Melbourne,Perth,All Airlines,Jun-19,421,420,1,316,292,104,128,2019,6
Melbourne-Sunshine Coast,Melbourne,Sunshine Coast,All Airlines,Jun-19,125,125,0,100,91,25,34,2019,6
Melbourne-Sydney,Melbourne,Sydney,All Airlines,Jun-19,2304,2162,142,1788,1573,374,589,2019,6
Mildura-Melbourne,Mildura,Melbourne,All Airlines,Jun-19,196,194,2,159,146,35,48,2019,6
Mount Isa-Brisbane,Mount Isa,Brisbane,All Airlines,Jun-19,67,67,0,52,54,15,13,2019,6
Newcastle-Brisbane,Newcastle,Brisbane,All Airlines,Jun-19,233,231,2,204,205,27,26,2019,6
Newcastle-Melbourne,Newcastle,Melbourne,All Airlines,Jun-19,136,136,0,112,110,24,26,2019,6
Newman-Perth,Newman,Perth,All Airlines,Jun-19,172,167,5,147,140,20,27,2019,6
Perth-Adelaide,Perth,Adelaide,All Airlines,Jun-19,216,214,2,182,170,32,44,2019,6
Perth-Brisbane,Perth,Brisbane,All Airlines,Jun-19,245,245,0,211,191,34,54,2019,6
Perth-Broome,Perth,Broome,All Airlines,Jun-19,161,161,0,132,124,29,37,2019,6
Perth-Darwin,Perth,Darwin,All Airlines,Jun-19,60,60,0,53,54,7,6,2019,6
Perth-Geraldton,Perth,Geraldton,All Airlines,Jun-19,80,79,1,67,67,12,12,2019,6
Perth-Kalgoorlie,Perth,Kalgoorlie,All Airlines,Jun-19,160,159,1,138,126,21,33,2019,6
Perth-Karratha,Perth,Karratha,All Airlines,Jun-19,237,231,6,217,197,14,34,2019,6
Perth-Melbourne,Perth,Melbourne,All Airlines,Jun-19,417,413,4,314,285,99,128,2019,6
Perth-Newman,Perth,Newman,All Airlines,Jun-19,172,169,3,153,146,16,23,2019,6
Perth-Port Hedland,Perth,Port Hedland,All Airlines,Jun-19,191,188,3,172,160,16,28,2019,6
Perth-Sydney,Perth,Sydney,All Airlines,Jun-19,355,353,2,257,251,96,102,2019,6
Port Hedland-Perth,Port Hedland,Perth,All Airlines,Jun-19,190,186,4,160,157,26,29,2019,6
Port Lincoln-Adelaide,Port Lincoln,Adelaide,All Airlines,Jun-19,303,301,2,270,268,31,33,2019,6
Port Macquarie-Sydney,Port Macquarie,Sydney,All Airlines,Jun-19,163,160,3,116,113,44,47,2019,6
Proserpine-Brisbane,Proserpine,Brisbane,All Airlines,Jun-19,62,61,1,46,47,15,14,2019,6
Proserpine-Sydney,Proserpine,Sydney,All Airlines,Jun-19,33,32,1,28,28,4,4,2019,6
Rockhampton-Brisbane,Rockhampton,Brisbane,All Airlines,Jun-19,316,314,2,281,279,33,35,2019,6
Sunshine Coast-Melbourne,Sunshine Coast,Melbourne,All Airlines,Jun-19,125,125,0,69,71,56,54,2019,6
Sunshine Coast-Sydney,Sunshine Coast,Sydney,All Airlines,Jun-19,196,194,2,136,136,58,58,2019,6
Sydney-Adelaide,Sydney,Adelaide,All Airlines,Jun-19,504,502,2,399,392,103,110,2019,6
Sydney-Albury,Sydney,Albury,All Airlines,Jun-19,243,241,2,170,177,71,64,2019,6
Sydney-Armidale,Sydney,Armidale,All Airlines,Jun-19,180,180,0,138,138,42,42,2019,6
Sydney-Ayers Rock,Sydney,Ayers Rock,All Airlines,Jun-19,60,60,0,48,44,12,16,2019,6
Sydney-Ballina,Sydney,Ballina,All Airlines,Jun-19,124,124,0,109,105,15,19,2019,6
Sydney-Brisbane,Sydney,Brisbane,All Airlines,Jun-19,1367,1327,40,1051,1013,276,314,2019,6
Sydney-Cairns,Sydney,Cairns,All Airlines,Jun-19,237,237,0,185,182,52,55,2019,6
Sydney-Canberra,Sydney,Canberra,All Airlines,Jun-19,693,674,19,493,503,181,171,2019,6
Sydney-Coffs Harbour,Sydney,Coffs Harbour,All Airlines,Jun-19,183,181,2,126,132,55,49,2019,6
Sydney-Darwin,Sydney,Darwin,All Airlines,Jun-19,111,111,0,68,71,43,40,2019,6
Sydney-Dubbo,Sydney,Dubbo,All Airlines,Jun-19,238,235,3,178,189,57,46,2019,6
Sydney-Gold Coast,Sydney,Gold Coast,All Airlines,Jun-19,733,720,13,560,559,160,161,2019,6
Sydney-Hamilton Island,Sydney,Hamilton Island,All Airlines,Jun-19,61,61,0,45,44,16,17,2019,6
Sydney-Hobart,Sydney,Hobart,All Airlines,Jun-19,214,212,2,163,168,49,44,2019,6
Sydney-Launceston,Sydney,Launceston,All Airlines,Jun-19,57,57,0,47,49,10,8,2019,6
Sydney-Melbourne,Sydney,Melbourne,All Airlines,Jun-19,2304,2163,141,1715,1673,448,490,2019,6
Sydney-Perth,Sydney,Perth,All Airlines,Jun-19,357,355,2,226,235,129,120,2019,6
Sydney-Port Macquarie,Sydney,Port Macquarie,All Airlines,Jun-19,163,160,3,110,110,50,50,2019,6
Sydney-Proserpine,Sydney,Proserpine,All Airlines,Jun-19,32,32,0,30,29,2,3,2019,6
Sydney-Sunshine Coast,Sydney,Sunshine Coast,All Airlines,Jun-19,196,194,2,136,139,58,55,2019,6
Sydney-Tamworth,Sydney,Tamworth,All Airlines,Jun-19,168,166,2,116,123,50,43,2019,6
Sydney-Townsville,Sydney,Townsville,All Airlines,Jun-19,41,41,0,30,26,11,15,2019,6
Sydney-Wagga Wagga,Sydney,Wagga Wagga,All Airlines,Jun-19,232,229,3,168,181,61,48,2019,6
Tamworth-Sydney,Tamworth,Sydney,All Airlines,Jun-19,168,166,2,129,128,37,38,2019,6
Townsville-Brisbane,Townsville,Brisbane,All Airlines,Jun-19,353,350,3,266,284,84,66,2019,6
Townsville-Cairns,Townsville,Cairns,All Airlines,Jun-19,141,140,1,129,130,11,10,2019,6
Townsville-Sydney,Townsville,Sydney,All Airlines,Jun-19,41,41,0,20,23,21,18,2019,6
Wagga Wagga-Sydney,Wagga Wagga,Sydney,All Airlines,Jun-19,230,227,3,176,164,51,63,2019,6
Adelaide-Alice Springs,Adelaide,Alice Springs,All Airlines,Jul-19,55,55,0,41,43,14,12,2019,7
Adelaide-Brisbane,Adelaide,Brisbane,All Airlines,Jul-19,276,276,0,211,230,65,46,2019,7
Adelaide-Canberra,Adelaide,Canberra,All Airlines,Jul-19,78,76,2,67,67,9,9,2019,7
Adelaide-Gold Coast,Adelaide,Gold Coast,All Airlines,Jul-19,63,63,0,53,57,10,6,2019,7
Adelaide-Melbourne,Adelaide,Melbourne,All Airlines,Jul-19,759,746,13,489,469,257,277,2019,7
Adelaide-Perth,Adelaide,Perth,All Airlines,Jul-19,236,234,2,185,189,49,45,2019,7
Adelaide-Port Lincoln,Adelaide,Port Lincoln,All Airlines,Jul-19,326,320,6,288,280,32,40,2019,7
Adelaide-Sydney,Adelaide,Sydney,All Airlines,Jul-19,550,539,11,410,404,129,135,2019,7
Albury-Sydney,Albury,Sydney,All Airlines,Jul-19,276,269,7,215,207,54,62,2019,7
Alice Springs-Adelaide,Alice Springs,Adelaide,All Airlines,Jul-19,55,55,0,43,44,12,11,2019,7
Alice Springs-Darwin,Alice Springs,Darwin,All Airlines,Jul-19,85,82,3,73,75,9,7,2019,7
Armidale-Sydney,Armidale,Sydney,All Airlines,Jul-19,195,191,4,137,135,54,56,2019,7
Ayers Rock-Sydney,Ayers Rock,Sydney,All Airlines,Jul-19,62,62,0,31,42,31,20,2019,7
Ballina-Sydney,Ballina,Sydney,All Airlines,Jul-19,152,150,2,102,96,48,54,2019,7
Brisbane-Adelaide,Brisbane,Adelaide,All Airlines,Jul-19,268,268,0,221,212,47,56,2019,7
Brisbane-Bundaberg,Brisbane,Bundaberg,All Airlines,Jul-19,156,156,0,132,130,24,26,2019,7
Brisbane-Cairns,Brisbane,Cairns,All Airlines,Jul-19,464,454,10,361,376,93,78,2019,7
Brisbane-Canberra,Brisbane,Canberra,All Airlines,Jul-19,288,283,5,211,203,72,80,2019,7
Brisbane-Darwin,Brisbane,Darwin,All Airlines,Jul-19,133,133,0,102,113,31,20,2019,7
Brisbane-Emerald,Brisbane,Emerald,All Airlines,Jul-19,180,179,1,154,149,25,30,2019,7
Brisbane-Gladstone,Brisbane,Gladstone,All Airlines,Jul-19,219,218,1,189,191,29,27,2019,7
Brisbane-Hamilton Island,Brisbane,Hamilton Island,All Airlines,Jul-19,60,55,5,38,42,17,13,2019,7
Brisbane-Hobart,Brisbane,Hobart,All Airlines,Jul-19,66,66,0,60,55,6,11,2019,7
Brisbane-Mackay,Brisbane,Mackay,All Airlines,Jul-19,335,332,3,266,270,66,62,2019,7
Brisbane-Melbourne,Brisbane,Melbourne,All Airlines,Jul-19,1115,1090,25,772,648,318,442,2019,7
Brisbane-Mount Isa,Brisbane,Mount Isa,All Airlines,Jul-19,75,75,0,64,55,11,20,2019,7
Brisbane-Newcastle,Brisbane,Newcastle,All Airlines,Jul-19,260,257,3,220,210,37,47,2019,7
Brisbane-Perth,Brisbane,Perth,All Airlines,Jul-19,262,262,0,194,208,68,54,2019,7
Brisbane-Proserpine,Brisbane,Proserpine,All Airlines,Jul-19,79,79,0,64,66,15,13,2019,7
Brisbane-Rockhampton,Brisbane,Rockhampton,All Airlines,Jul-19,331,330,1,266,256,64,74,2019,7
Brisbane-Sydney,Brisbane,Sydney,All Airlines,Jul-19,1524,1490,34,1151,1101,339,389,2019,7
Brisbane-Townsville,Brisbane,Townsville,All Airlines,Jul-19,383,377,6,298,297,79,80,2019,7
Broome-Perth,Broome,Perth,All Airlines,Jul-19,171,171,0,103,117,68,54,2019,7
Bundaberg-Brisbane,Bundaberg,Brisbane,All Airlines,Jul-19,156,155,1,137,131,18,24,2019,7
Cairns-Brisbane,Cairns,Brisbane,All Airlines,Jul-19,463,454,9,368,378,86,76,2019,7
Cairns-Melbourne,Cairns,Melbourne,All Airlines,Jul-19,263,256,7,155,156,101,100,2019,7
Cairns-Sydney,Cairns,Sydney,All Airlines,Jul-19,319,318,1,239,248,79,70,2019,7
Cairns-Townsville,Cairns,Townsville,All Airlines,Jul-19,150,149,1,138,137,11,12,2019,7
Canberra-Adelaide,Canberra,Adelaide,All Airlines,Jul-19,78,78,0,60,62,18,16,2019,7
Canberra-Brisbane,Canberra,Brisbane,All Airlines,Jul-19,290,283,7,216,220,67,63,2019,7
Canberra-Melbourne,Canberra,Melbourne,All Airlines,Jul-19,501,479,22,373,325,106,154,2019,7
Canberra-Sydney,Canberra,Sydney,All Airlines,Jul-19,754,725,29,584,588,141,137,2019,7
Coffs Harbour-Sydney,Coffs Harbour,Sydney,All Airlines,Jul-19,197,196,1,156,157,40,39,2019,7
Darwin-Alice Springs,Darwin,Alice Springs,All Airlines,Jul-19,85,82,3,70,72,12,10,2019,7
Darwin-Brisbane,Darwin,Brisbane,All Airlines,Jul-19,133,133,0,93,103,40,30,2019,7
Darwin-Melbourne,Darwin,Melbourne,All Airlines,Jul-19,105,102,3,46,61,56,41,2019,7
Darwin-Perth,Darwin,Perth,All Airlines,Jul-19,62,62,0,44,52,18,10,2019,7
Darwin-Sydney,Darwin,Sydney,All Airlines,Jul-19,124,123,1,61,68,62,55,2019,7
Dubbo-Sydney,Dubbo,Sydney,All Airlines,Jul-19,264,256,8,211,205,45,51,2019,7
Emerald-Brisbane,Emerald,Brisbane,All Airlines,Jul-19,180,179,1,146,150,33,29,2019,7
Geraldton-Perth,Geraldton,Perth,All Airlines,Jul-19,75,74,1,64,61,10,13,2019,7
Gladstone-Brisbane,Gladstone,Brisbane,All Airlines,Jul-19,219,217,2,182,182,35,35,2019,7
Gold Coast-Adelaide,Gold Coast,Adelaide,All Airlines,Jul-19,63,63,0,55,49,8,14,2019,7
Gold Coast-Melbourne,Gold Coast,Melbourne,All Airlines,Jul-19,539,529,10,297,285,232,244,2019,7
Gold Coast-Sydney,Gold Coast,Sydney,All Airlines,Jul-19,810,789,21,554,553,235,236,2019,7
Hamilton Island-Brisbane,Hamilton Island,Brisbane,All Airlines,Jul-19,61,55,6,33,35,22,20,2019,7
Hamilton Island-Sydney,Hamilton Island,Sydney,All Airlines,Jul-19,83,80,3,54,53,26,27,2019,7
Hobart-Brisbane,Hobart,Brisbane,All Airlines,Jul-19,66,66,0,49,50,17,16,2019,7
Hobart-Melbourne,Hobart,Melbourne,All Airlines,Jul-19,466,458,8,276,241,182,217,2019,7
Hobart-Sydney,Hobart,Sydney,All Airlines,Jul-19,232,227,5,156,161,71,66,2019,7
Kalgoorlie-Perth,Kalgoorlie,Perth,All Airlines,Jul-19,173,168,5,150,149,18,19,2019,7
Karratha-Perth,Karratha,Perth,All Airlines,Jul-19,261,250,11,214,211,36,39,2019,7
Launceston-Melbourne,Launceston,Melbourne,All Airlines,Jul-19,343,327,16,211,196,116,131,2019,7
Launceston-Sydney,Launceston,Sydney,All Airlines,Jul-19,81,76,5,44,48,32,28,2019,7
Mackay-Brisbane,Mackay,Brisbane,All Airlines,Jul-19,328,324,4,266,275,58,49,2019,7
Melbourne-Adelaide,Melbourne,Adelaide,All Airlines,Jul-19,764,747,17,552,495,195,252,2019,7
Melbourne-Brisbane,Melbourne,Brisbane,All Airlines,Jul-19,1113,1089,24,758,744,331,345,2019,7
Melbourne-Cairns,Melbourne,Cairns,All Airlines,Jul-19,263,259,4,183,176,76,83,2019,7
Melbourne-Canberra,Melbourne,Canberra,All Airlines,Jul-19,502,484,18,360,344,124,140,2019,7
Melbourne-Darwin,Melbourne,Darwin,All Airlines,Jul-19,104,103,1,61,51,42,52,2019,7
Melbourne-Gold Coast,Melbourne,Gold Coast,All Airlines,Jul-19,539,531,8,361,346,170,185,2019,7
Melbourne-Hobart,Melbourne,Hobart,All Airlines,Jul-19,466,459,7,339,305,120,154,2019,7
Melbourne-Launceston,Melbourne,Launceston,All Airlines,Jul-19,342,329,13,219,194,110,135,2019,7
Melbourne-Mildura,Melbourne,Mildura,All Airlines,Jul-19,216,213,3,161,147,52,66,2019,7
Melbourne-Newcastle,Melbourne,Newcastle,All Airlines,Jul-19,144,141,3,82,94,59,47,2019,7
Melbourne-Perth,Melbourne,Perth,All Airlines,Jul-19,463,460,3,289,290,171,170,2019,7
Melbourne-Sunshine Coast,Melbourne,Sunshine Coast,All Airlines,Jul-19,164,162,2,113,117,49,45,2019,7
Melbourne-Sydney,Melbourne,Sydney,All Airlines,Jul-19,2548,2298,250,1660,1542,638,756,2019,7
Mildura-Melbourne,Mildura,Melbourne,All Airlines,Jul-19,216,212,4,144,125,68,87,2019,7
Mount Isa-Brisbane,Mount Isa,Brisbane,All Airlines,Jul-19,69,69,0,55,60,14,9,2019,7
Newcastle-Brisbane,Newcastle,Brisbane,All Airlines,Jul-19,260,257,3,224,221,33,36,2019,7
Newcastle-Melbourne,Newcastle,Melbourne,All Airlines,Jul-19,144,142,2,98,86,44,56,2019,7
Newman-Perth,Newman,Perth,All Airlines,Jul-19,191,185,6,167,158,18,27,2019,7
Perth-Adelaide,Perth,Adelaide,All Airlines,Jul-19,236,234,2,195,188,39,46,2019,7
Perth-Brisbane,Perth,Brisbane,All Airlines,Jul-19,263,263,0,230,228,33,35,2019,7
Perth-Broome,Perth,Broome,All Airlines,Jul-19,170,170,0,120,113,50,57,2019,7
Perth-Darwin,Perth,Darwin,All Airlines,Jul-19,62,62,0,55,53,7,9,2019,7
Perth-Geraldton,Perth,Geraldton,All Airlines,Jul-19,75,74,1,62,62,12,12,2019,7
Perth-Kalgoorlie,Perth,Kalgoorlie,All Airlines,Jul-19,173,168,5,152,145,16,23,2019,7
Perth-Karratha,Perth,Karratha,All Airlines,Jul-19,261,252,9,222,203,30,49,2019,7
Perth-Melbourne,Perth,Melbourne,All Airlines,Jul-19,462,458,4,313,304,145,154,2019,7
Perth-Newman,Perth,Newman,All Airlines,Jul-19,191,188,3,175,171,13,17,2019,7
Perth-Port Hedland,Perth,Port Hedland,All Airlines,Jul-19,211,210,1,191,176,19,34,2019,7
Perth-Sydney,Perth,Sydney,All Airlines,Jul-19,391,388,3,254,294,134,94,2019,7
Port Hedland-Perth,Port Hedland,Perth,All Airlines,Jul-19,209,209,0,181,174,28,35,2019,7
Port Lincoln-Adelaide,Port Lincoln,Adelaide,All Airlines,Jul-19,327,320,7,281,273,39,47,2019,7
Port Macquarie-Sydney,Port Macquarie,Sydney,All Airlines,Jul-19,180,177,3,143,142,34,35,2019,7
Proserpine-Brisbane,Proserpine,Brisbane,All Airlines,Jul-19,79,79,0,62,62,17,17,2019,7
Proserpine-Sydney,Proserpine,Sydney,All Airlines,Jul-19,33,33,0,30,30,3,3,2019,7
Rockhampton-Brisbane,Rockhampton,Brisbane,All Airlines,Jul-19,335,334,1,255,258,79,76,2019,7
Sunshine Coast-Melbourne,Sunshine Coast,Melbourne,All Airlines,Jul-19,164,162,2,84,73,78,89,2019,7
Sunshine Coast-Sydney,Sunshine Coast,Sydney,All Airlines,Jul-19,225,216,9,128,124,88,92,2019,7
Sydney-Adelaide,Sydney,Adelaide,All Airlines,Jul-19,555,544,11,405,395,139,149,2019,7
Sydney-Albury,Sydney,Albury,All Airlines,Jul-19,274,267,7,201,206,66,61,2019,7
Sydney-Armidale,Sydney,Armidale,All Airlines,Jul-19,192,189,3,139,145,50,44,2019,7
Sydney-Ayers Rock,Sydney,Ayers Rock,All Airlines,Jul-19,62,62,0,50,42,12,20,2019,7
Sydney-Ballina,Sydney,Ballina,All Airlines,Jul-19,151,149,2,111,108,38,41,2019,7
Sydney-Brisbane,Sydney,Brisbane,All Airlines,Jul-19,1516,1482,34,1079,1083,403,399,2019,7
Sydney-Cairns,Sydney,Cairns,All Airlines,Jul-19,318,317,1,235,253,82,64,2019,7
Sydney-Canberra,Sydney,Canberra,All Airlines,Jul-19,751,724,27,564,552,160,172,2019,7
Sydney-Coffs Harbour,Sydney,Coffs Harbour,All Airlines,Jul-19,199,198,1,151,161,47,37,2019,7
Sydney-Darwin,Sydney,Darwin,All Airlines,Jul-19,124,124,0,78,82,46,42,2019,7
Sydney-Dubbo,Sydney,Dubbo,All Airlines,Jul-19,266,259,7,209,220,50,39,2019,7
Sydney-Gold Coast,Sydney,Gold Coast,All Airlines,Jul-19,812,792,20,561,569,231,223,2019,7
Sydney-Hamilton Island,Sydney,Hamilton Island,All Airlines,Jul-19,81,79,2,56,60,23,19,2019,7
Sydney-Hobart,Sydney,Hobart,All Airlines,Jul-19,232,227,5,162,160,65,67,2019,7
Sydney-Launceston,Sydney,Launceston,All Airlines,Jul-19,79,78,1,57,58,21,20,2019,7
Sydney-Melbourne,Sydney,Melbourne,All Airlines,Jul-19,2555,2315,240,1682,1396,633,919,2019,7
Sydney-Perth,Sydney,Perth,All Airlines,Jul-19,390,387,3,226,257,161,130,2019,7
Sydney-Port Macquarie,Sydney,Port Macquarie,All Airlines,Jul-19,178,177,1,145,148,32,29,2019,7
Sydney-Proserpine,Sydney,Proserpine,All Airlines,Jul-19,34,34,0,31,33,3,1,2019,7
Sydney-Sunshine Coast,Sydney,Sunshine Coast,All Airlines,Jul-19,223,216,7,126,132,90,84,2019,7
Sydney-Tamworth,Sydney,Tamworth,All Airlines,Jul-19,185,184,1,146,154,38,30,2019,7
Sydney-Townsville,Sydney,Townsville,All Airlines,Jul-19,62,62,0,41,42,21,20,2019,7
Sydney-Wagga Wagga,Sydney,Wagga Wagga,All Airlines,Jul-19,251,248,3,210,211,38,37,2019,7
Tamworth-Sydney,Tamworth,Sydney,All Airlines,Jul-19,184,182,2,151,147,31,35,2019,7
Townsville-Brisbane,Townsville,Brisbane,All Airlines,Jul-19,383,377,6,304,317,73,60,2019,7
Townsville-Cairns,Townsville,Cairns,All Airlines,Jul-19,152,151,1,133,130,18,21,2019,7
Townsville-Sydney,Townsville,Sydney,All Airlines,Jul-19,62,62,0,35,35,27,27,2019,7
Wagga Wagga-Sydney,Wagga Wagga,Sydney,All Airlines,Jul-19,250,246,4,202,201,44,45,2019,7
Adelaide-Alice Springs,Adelaide,Alice Springs,All Airlines,Aug-19,53,53,0,40,39,13,14,2019,8
Adelaide-Brisbane,Adelaide,Brisbane,All Airlines,Aug-19,269,268,1,218,229,50,39,2019,8
Adelaide-Canberra,Adelaide,Canberra,All Airlines,Aug-19,79,79,0,63,65,16,14,2019,8
Adelaide-Gold Coast,Adelaide,Gold Coast,All Airlines,Aug-19,57,57,0,51,53,6,4,2019,8
Adelaide-Melbourne,Adelaide,Melbourne,All Airlines,Aug-19,730,714,16,514,515,200,199,2019,8
Adelaide-Perth,Adelaide,Perth,All Airlines,Aug-19,222,222,0,185,179,37,43,2019,8
Adelaide-Port Lincoln,Adelaide,Port Lincoln,All Airlines,Aug-19,326,317,9,285,276,32,41,2019,8
Adelaide-Sydney,Adelaide,Sydney,All Airlines,Aug-19,503,491,12,369,343,122,148,2019,8
Albury-Sydney,Albury,Sydney,All Airlines,Aug-19,267,261,6,187,173,74,88,2019,8
Alice Springs-Adelaide,Alice Springs,Adelaide,All Airlines,Aug-19,53,53,0,43,42,10,11,2019,8
Alice Springs-Darwin,Alice Springs,Darwin,All Airlines,Aug-19,84,80,4,73,73,7,7,2019,8
Armidale-Sydney,Armidale,Sydney,All Airlines,Aug-19,195,188,7,123,121,65,67,2019,8
Ayers Rock-Sydney,Ayers Rock,Sydney,All Airlines,Aug-19,62,62,0,27,30,35,32,2019,8
Ballina-Sydney,Ballina,Sydney,All Airlines,Aug-19,135,132,3,98,93,34,39,2019,8
Brisbane-Adelaide,Brisbane,Adelaide,All Airlines,Aug-19,260,260,0,221,210,39,50,2019,8
Brisbane-Bundaberg,Brisbane,Bundaberg,All Airlines,Aug-19,154,154,0,139,138,15,16,2019,8
Brisbane-Cairns,Brisbane,Cairns,All Airlines,Aug-19,435,432,3,362,367,70,65,2019,8
Brisbane-Canberra,Brisbane,Canberra,All Airlines,Aug-19,284,284,0,240,237,44,47,2019,8
Brisbane-Darwin,Brisbane,Darwin,All Airlines,Aug-19,118,118,0,95,89,23,29,2019,8
Brisbane-Emerald,Brisbane,Emerald,All Airlines,Aug-19,174,174,0,159,160,15,14,2019,8
Brisbane-Gladstone,Brisbane,Gladstone,All Airlines,Aug-19,217,216,1,199,192,17,24,2019,8
Brisbane-Hamilton Island,Brisbane,Hamilton Island,All Airlines,Aug-19,61,60,1,43,45,17,15,2019,8
Brisbane-Hobart,Brisbane,Hobart,All Airlines,Aug-19,63,63,0,58,53,5,10,2019,8
Brisbane-Mackay,Brisbane,Mackay,All Airlines,Aug-19,328,324,4,278,281,46,43,2019,8
Brisbane-Melbourne,Brisbane,Melbourne,All Airlines,Aug-19,1032,1015,17,792,706,223,309,2019,8
Brisbane-Mount Isa,Brisbane,Mount Isa,All Airlines,Aug-19,74,74,0,66,57,8,17,2019,8
Brisbane-Newcastle,Brisbane,Newcastle,All Airlines,Aug-19,251,251,0,213,206,38,45,2019,8
Brisbane-Perth,Brisbane,Perth,All Airlines,Aug-19,259,256,3,190,201,66,55,2019,8
Brisbane-Proserpine,Brisbane,Proserpine,All Airlines,Aug-19,72,72,0,62,60,10,12,2019,8
Brisbane-Rockhampton,Brisbane,Rockhampton,All Airlines,Aug-19,317,316,1,279,269,37,47,2019,8
Brisbane-Sydney,Brisbane,Sydney,All Airlines,Aug-19,1487,1404,83,1102,1027,302,377,2019,8
Brisbane-Townsville,Brisbane,Townsville,All Airlines,Aug-19,362,361,1,305,302,56,59,2019,8
Broome-Perth,Broome,Perth,All Airlines,Aug-19,169,167,2,127,128,40,39,2019,8
Bundaberg-Brisbane,Bundaberg,Brisbane,All Airlines,Aug-19,154,154,0,138,137,16,17,2019,8
Cairns-Brisbane,Cairns,Brisbane,All Airlines,Aug-19,435,431,4,364,381,67,50,2019,8
Cairns-Melbourne,Cairns,Melbourne,All Airlines,Aug-19,231,231,0,164,172,67,59,2019,8
Cairns-Sydney,Cairns,Sydney,All Airlines,Aug-19,286,284,2,199,218,85,66,2019,8
Cairns-Townsville,Cairns,Townsville,All Airlines,Aug-19,150,149,1,145,144,4,5,2019,8
Canberra-Adelaide,Canberra,Adelaide,All Airlines,Aug-19,79,79,0,67,68,12,11,2019,8
Canberra-Brisbane,Canberra,Brisbane,All Airlines,Aug-19,282,281,1,232,229,49,52,2019,8
Canberra-Melbourne,Canberra,Melbourne,All Airlines,Aug-19,490,485,5,381,362,104,123,2019,8
Canberra-Sydney,Canberra,Sydney,All Airlines,Aug-19,743,704,39,552,535,152,169,2019,8
Coffs Harbour-Sydney,Coffs Harbour,Sydney,All Airlines,Aug-19,188,183,5,147,138,36,45,2019,8
Darwin-Alice Springs,Darwin,Alice Springs,All Airlines,Aug-19,84,81,3,73,71,8,10,2019,8
Darwin-Brisbane,Darwin,Brisbane,All Airlines,Aug-19,119,119,0,87,98,32,21,2019,8
Darwin-Melbourne,Darwin,Melbourne,All Airlines,Aug-19,93,93,0,62,74,31,19,2019,8
Darwin-Perth,Darwin,Perth,All Airlines,Aug-19,62,62,0,48,45,14,17,2019,8
Darwin-Sydney,Darwin,Sydney,All Airlines,Aug-19,103,103,0,52,55,51,48,2019,8
Dubbo-Sydney,Dubbo,Sydney,All Airlines,Aug-19,257,253,4,184,167,69,86,2019,8
Emerald-Brisbane,Emerald,Brisbane,All Airlines,Aug-19,174,174,0,152,158,22,16,2019,8
Gladstone-Brisbane,Gladstone,Brisbane,All Airlines,Aug-19,216,215,1,190,194,25,21,2019,8
Gold Coast-Adelaide,Gold Coast,Adelaide,All Airlines,Aug-19,57,57,0,52,44,5,13,2019,8
Gold Coast-Melbourne,Gold Coast,Melbourne,All Airlines,Aug-19,479,479,0,342,335,137,144,2019,8
Gold Coast-Sydney,Gold Coast,Sydney,All Airlines,Aug-19,763,731,32,537,525,194,206,2019,8
Hamilton Island-Brisbane,Hamilton Island,Brisbane,All Airlines,Aug-19,62,61,1,44,45,17,16,2019,8
Hamilton Island-Sydney,Hamilton Island,Sydney,All Airlines,Aug-19,68,68,0,47,51,21,17,2019,8
Hobart-Brisbane,Hobart,Brisbane,All Airlines,Aug-19,63,63,0,46,42,17,21,2019,8
Hobart-Melbourne,Hobart,Melbourne,All Airlines,Aug-19,427,423,4,291,246,132,177,2019,8
Hobart-Sydney,Hobart,Sydney,All Airlines,Aug-19,203,196,7,144,133,52,63,2019,8
Kalgoorlie-Perth,Kalgoorlie,Perth,All Airlines,Aug-19,180,175,5,137,138,38,37,2019,8
Karratha-Perth,Karratha,Perth,All Airlines,Aug-19,253,247,6,215,213,32,34,2019,8
Launceston-Melbourne,Launceston,Melbourne,All Airlines,Aug-19,293,292,1,237,238,55,54,2019,8
Launceston-Sydney,Launceston,Sydney,All Airlines,Aug-19,58,57,1,42,42,15,15,2019,8
Mackay-Brisbane,Mackay,Brisbane,All Airlines,Aug-19,326,321,5,276,293,45,28,2019,8
Melbourne-Adelaide,Melbourne,Adelaide,All Airlines,Aug-19,734,719,15,542,507,177,212,2019,8
Melbourne-Brisbane,Melbourne,Brisbane,All Airlines,Aug-19,1034,1020,14,808,804,212,216,2019,8
Melbourne-Cairns,Melbourne,Cairns,All Airlines,Aug-19,231,230,1,181,176,49,54,2019,8
Melbourne-Canberra,Melbourne,Canberra,All Airlines,Aug-19,491,486,5,379,376,107,110,2019,8
Melbourne-Darwin,Melbourne,Darwin,All Airlines,Aug-19,93,93,0,66,61,27,32,2019,8
Melbourne-Gold Coast,Melbourne,Gold Coast,All Airlines,Aug-19,479,478,1,373,381,105,97,2019,8
Melbourne-Hobart,Melbourne,Hobart,All Airlines,Aug-19,428,427,1,312,278,115,149,2019,8
Melbourne-Launceston,Melbourne,Launceston,All Airlines,Aug-19,293,292,1,232,224,60,68,2019,8
Melbourne-Mildura,Melbourne,Mildura,All Airlines,Aug-19,214,213,1,183,178,30,35,2019,8
Melbourne-Newcastle,Melbourne,Newcastle,All Airlines,Aug-19,115,114,1,79,84,35,30,2019,8
Melbourne-Perth,Melbourne,Perth,All Airlines,Aug-19,424,419,5,303,309,116,110,2019,8
Melbourne-Sunshine Coast,Melbourne,Sunshine Coast,All Airlines,Aug-19,150,150,0,116,119,34,31,2019,8
Melbourne-Sydney,Melbourne,Sydney,All Airlines,Aug-19,2484,2259,225,1616,1486,643,773,2019,8
Mildura-Melbourne,Mildura,Melbourne,All Airlines,Aug-19,214,211,3,170,157,41,54,2019,8
Mount Isa-Brisbane,Mount Isa,Brisbane,All Airlines,Aug-19,71,71,0,53,60,18,11,2019,8
Newcastle-Brisbane,Newcastle,Brisbane,All Airlines,Aug-19,253,253,0,223,227,30,26,2019,8
Newcastle-Melbourne,Newcastle,Melbourne,All Airlines,Aug-19,115,114,1,92,83,22,31,2019,8
Newman-Perth,Newman,Perth,All Airlines,Aug-19,184,179,5,162,160,17,19,2019,8
Perth-Adelaide,Perth,Adelaide,All Airlines,Aug-19,224,223,1,190,182,33,41,2019,8
Perth-Brisbane,Perth,Brisbane,All Airlines,Aug-19,259,257,2,217,218,40,39,2019,8
Perth-Broome,Perth,Broome,All Airlines,Aug-19,169,168,1,139,140,29,28,2019,8
Perth-Darwin,Perth,Darwin,All Airlines,Aug-19,62,62,0,52,52,10,10,2019,8
Perth-Kalgoorlie,Perth,Kalgoorlie,All Airlines,Aug-19,180,177,3,157,150,20,27,2019,8
Perth-Karratha,Perth,Karratha,All Airlines,Aug-19,255,249,6,219,210,30,39,2019,8
Perth-Melbourne,Perth,Melbourne,All Airlines,Aug-19,428,422,6,318,330,104,92,2019,8
Perth-Newman,Perth,Newman,All Airlines,Aug-19,184,180,4,166,167,14,13,2019,8
Perth-Port Hedland,Perth,Port Hedland,All Airlines,Aug-19,205,197,8,174,168,23,29,2019,8
Perth-Sydney,Perth,Sydney,All Airlines,Aug-19,373,366,7,255,286,111,80,2019,8
Port Hedland-Perth,Port Hedland,Perth,All Airlines,Aug-19,205,193,12,161,158,32,35,2019,8
Port Lincoln-Adelaide,Port Lincoln,Adelaide,All Airlines,Aug-19,325,316,9,272,267,44,49,2019,8
Port Macquarie-Sydney,Port Macquarie,Sydney,All Airlines,Aug-19,179,174,5,129,124,45,50,2019,8
Proserpine-Brisbane,Proserpine,Brisbane,All Airlines,Aug-19,72,72,0,52,61,20,11,2019,8
Proserpine-Sydney,Proserpine,Sydney,All Airlines,Aug-19,31,31,0,16,19,15,12,2019,8
Rockhampton-Brisbane,Rockhampton,Brisbane,All Airlines,Aug-19,324,322,2,274,281,48,41,2019,8
Sunshine Coast-Melbourne,Sunshine Coast,Melbourne,All Airlines,Aug-19,150,150,0,73,75,77,75,2019,8
Sunshine Coast-Sydney,Sunshine Coast,Sydney,All Airlines,Aug-19,196,189,7,115,115,74,74,2019,8
Sydney-Adelaide,Sydney,Adelaide,All Airlines,Aug-19,508,494,14,345,337,149,157,2019,8
Sydney-Albury,Sydney,Albury,All Airlines,Aug-19,269,262,7,189,188,73,74,2019,8
Sydney-Armidale,Sydney,Armidale,All Airlines,Aug-19,190,185,5,130,131,55,54,2019,8
Sydney-Ayers Rock,Sydney,Ayers Rock,All Airlines,Aug-19,62,62,0,47,40,15,22,2019,8
Sydney-Ballina,Sydney,Ballina,All Airlines,Aug-19,136,133,3,106,109,27,24,2019,8
Sydney-Brisbane,Sydney,Brisbane,All Airlines,Aug-19,1477,1395,82,1025,1020,370,375,2019,8
Sydney-Cairns,Sydney,Cairns,All Airlines,Aug-19,285,283,2,211,205,72,78,2019,8
Sydney-Canberra,Sydney,Canberra,All Airlines,Aug-19,745,708,37,538,529,170,179,2019,8
Sydney-Coffs Harbour,Sydney,Coffs Harbour,All Airlines,Aug-19,187,182,5,145,144,37,38,2019,8
Sydney-Darwin,Sydney,Darwin,All Airlines,Aug-19,102,102,0,61,64,41,38,2019,8
Sydney-Dubbo,Sydney,Dubbo,All Airlines,Aug-19,258,255,3,183,185,72,70,2019,8
Sydney-Gold Coast,Sydney,Gold Coast,All Airlines,Aug-19,763,730,33,532,541,198,189,2019,8
Sydney-Hamilton Island,Sydney,Hamilton Island,All Airlines,Aug-19,69,69,0,53,54,16,15,2019,8
Sydney-Hobart,Sydney,Hobart,All Airlines,Aug-19,202,196,6,147,148,49,48,2019,8
Sydney-Launceston,Sydney,Launceston,All Airlines,Aug-19,58,57,1,47,49,10,8,2019,8
Sydney-Melbourne,Sydney,Melbourne,All Airlines,Aug-19,2487,2273,214,1632,1475,641,798,2019,8
Sydney-Perth,Sydney,Perth,All Airlines,Aug-19,368,363,5,214,233,149,130,2019,8
Sydney-Port Macquarie,Sydney,Port Macquarie,All Airlines,Aug-19,179,174,5,132,125,42,49,2019,8
Sydney-Proserpine,Sydney,Proserpine,All Airlines,Aug-19,30,30,0,21,22,9,8,2019,8
Sydney-Sunshine Coast,Sydney,Sunshine Coast,All Airlines,Aug-19,196,190,6,115,115,75,75,2019,8
Sydney-Tamworth,Sydney,Tamworth,All Airlines,Aug-19,178,171,7,122,128,49,43,2019,8
Sydney-Townsville,Sydney,Townsville,All Airlines,Aug-19,57,57,0,43,29,14,28,2019,8
Sydney-Wagga Wagga,Sydney,Wagga Wagga,All Airlines,Aug-19,243,236,7,185,182,51,54,2019,8
Tamworth-Sydney,Tamworth,Sydney,All Airlines,Aug-19,180,172,8,134,119,38,53,2019,8
Townsville-Brisbane,Townsville,Brisbane,All Airlines,Aug-19,362,361,1,311,315,50,46,2019,8
Townsville-Cairns,Townsville,Cairns,All Airlines,Aug-19,152,151,1,139,142,12,9,2019,8
Townsville-Sydney,Townsville,Sydney,All Airlines,Aug-19,57,57,0,25,32,32,25,2019,8
Wagga Wagga-Sydney,Wagga Wagga,Sydney,All Airlines,Aug-19,245,238,7,181,164,57,74,2019,8
Adelaide-Alice Springs,Adelaide,Alice Springs,All Airlines,Sep-19,51,51,0,45,37,6,14,2019,9
Adelaide-Brisbane,Adelaide,Brisbane,All Airlines,Sep-19,273,273,0,213,234,60,39,2019,9
Adelaide-Canberra,Adelaide,Canberra,All Airlines,Sep-19,77,77,0,61,65,16,12,2019,9
Adelaide-Gold Coast,Adelaide,Gold Coast,All Airlines,Sep-19,61,59,2,53,55,6,4,2019,9
Adelaide-Melbourne,Adelaide,Melbourne,All Airlines,Sep-19,746,722,24,530,521,192,201,2019,9
Adelaide-Perth,Adelaide,Perth,All Airlines,Sep-19,216,209,7,167,170,42,39,2019,9
Adelaide-Port Lincoln,Adelaide,Port Lincoln,All Airlines,Sep-19,315,309,6,287,278,22,31,2019,9
Adelaide-Sydney,Adelaide,Sydney,All Airlines,Sep-19,522,513,9,370,347,143,166,2019,9
Albury-Sydney,Albury,Sydney,All Airlines,Sep-19,264,262,2,196,190,66,72,2019,9
Alice Springs-Adelaide,Alice Springs,Adelaide,All Airlines,Sep-19,51,51,0,43,42,8,9,2019,9
Alice Springs-Darwin,Alice Springs,Darwin,All Airlines,Sep-19,81,81,0,75,78,6,3,2019,9
Armidale-Sydney,Armidale,Sydney,All Airlines,Sep-19,188,186,2,134,125,52,61,2019,9
Ayers Rock-Sydney,Ayers Rock,Sydney,All Airlines,Sep-19,60,60,0,21,27,39,33,2019,9
Ballina-Sydney,Ballina,Sydney,All Airlines,Sep-19,141,137,4,97,86,40,51,2019,9
Brisbane-Adelaide,Brisbane,Adelaide,All Airlines,Sep-19,266,266,0,215,200,51,66,2019,9
Brisbane-Bundaberg,Brisbane,Bundaberg,All Airlines,Sep-19,150,150,0,138,134,12,16,2019,9
Brisbane-Cairns,Brisbane,Cairns,All Airlines,Sep-19,426,424,2,349,369,75,55,2019,9
Brisbane-Canberra,Brisbane,Canberra,All Airlines,Sep-19,280,280,0,244,239,36,41,2019,9
Brisbane-Darwin,Brisbane,Darwin,All Airlines,Sep-19,114,114,0,92,101,22,13,2019,9
Brisbane-Emerald,Brisbane,Emerald,All Airlines,Sep-19,174,173,1,157,157,16,16,2019,9
Brisbane-Gladstone,Brisbane,Gladstone,All Airlines,Sep-19,209,209,0,188,189,21,20,2019,9
Brisbane-Hamilton Island,Brisbane,Hamilton Island,All Airlines,Sep-19,62,62,0,48,53,14,9,2019,9
Brisbane-Hobart,Brisbane,Hobart,All Airlines,Sep-19,63,63,0,56,52,7,11,2019,9
Brisbane-Mackay,Brisbane,Mackay,All Airlines,Sep-19,318,314,4,257,265,57,49,2019,9
Brisbane-Melbourne,Brisbane,Melbourne,All Airlines,Sep-19,1044,1020,24,799,693,221,327,2019,9
Brisbane-Mount Isa,Brisbane,Mount Isa,All Airlines,Sep-19,72,71,1,63,58,8,13,2019,9
Brisbane-Newcastle,Brisbane,Newcastle,All Airlines,Sep-19,252,246,6,212,209,34,37,2019,9
Brisbane-Perth,Brisbane,Perth,All Airlines,Sep-19,255,255,0,187,189,68,66,2019,9
Brisbane-Proserpine,Brisbane,Proserpine,All Airlines,Sep-19,77,77,0,67,68,10,9,2019,9
Brisbane-Rockhampton,Brisbane,Rockhampton,All Airlines,Sep-19,313,311,2,258,260,53,51,2019,9
Brisbane-Sydney,Brisbane,Sydney,All Airlines,Sep-19,1460,1393,67,1104,988,289,405,2019,9
Brisbane-Townsville,Brisbane,Townsville,All Airlines,Sep-19,357,356,1,297,301,59,55,2019,9
Broome-Perth,Broome,Perth,All Airlines,Sep-19,165,162,3,123,131,39,31,2019,9
Bundaberg-Brisbane,Bundaberg,Brisbane,All Airlines,Sep-19,150,150,0,139,137,11,13,2019,9
Cairns-Brisbane,Cairns,Brisbane,All Airlines,Sep-19,425,422,3,363,368,59,54,2019,9
Cairns-Melbourne,Cairns,Melbourne,All Airlines,Sep-19,232,230,2,164,157,66,73,2019,9
Cairns-Sydney,Cairns,Sydney,All Airlines,Sep-19,264,263,1,211,209,52,54,2019,9
Cairns-Townsville,Cairns,Townsville,All Airlines,Sep-19,146,143,3,132,134,11,9,2019,9
Canberra-Adelaide,Canberra,Adelaide,All Airlines,Sep-19,76,76,0,60,63,16,13,2019,9
Canberra-Brisbane,Canberra,Brisbane,All Airlines,Sep-19,280,278,2,246,247,32,31,2019,9
Canberra-Melbourne,Canberra,Melbourne,All Airlines,Sep-19,489,476,13,383,352,93,124,2019,9
Canberra-Sydney,Canberra,Sydney,All Airlines,Sep-19,735,708,27,564,547,144,161,2019,9
Coffs Harbour-Sydney,Coffs Harbour,Sydney,All Airlines,Sep-19,196,193,3,150,140,43,53,2019,9
Darwin-Alice Springs,Darwin,Alice Springs,All Airlines,Sep-19,81,81,0,77,77,4,4,2019,9
Darwin-Brisbane,Darwin,Brisbane,All Airlines,Sep-19,112,112,0,94,92,18,20,2019,9
Darwin-Melbourne,Darwin,Melbourne,All Airlines,Sep-19,89,87,2,63,67,24,20,2019,9
Darwin-Perth,Darwin,Perth,All Airlines,Sep-19,60,60,0,50,50,10,10,2019,9
Darwin-Sydney,Darwin,Sydney,All Airlines,Sep-19,104,104,0,62,56,42,48,2019,9
Dubbo-Sydney,Dubbo,Sydney,All Airlines,Sep-19,242,240,2,188,172,52,68,2019,9
Emerald-Brisbane,Emerald,Brisbane,All Airlines,Sep-19,175,173,2,142,147,31,26,2019,9
Gladstone-Brisbane,Gladstone,Brisbane,All Airlines,Sep-19,208,208,0,183,187,25,21,2019,9
Gold Coast-Adelaide,Gold Coast,Adelaide,All Airlines,Sep-19,61,59,2,55,46,4,13,2019,9
Gold Coast-Melbourne,Gold Coast,Melbourne,All Airlines,Sep-19,498,495,3,318,311,177,184,2019,9
Gold Coast-Sydney,Gold Coast,Sydney,All Airlines,Sep-19,776,760,16,530,527,230,233,2019,9
Hamilton Island-Brisbane,Hamilton Island,Brisbane,All Airlines,Sep-19,62,62,0,48,45,14,17,2019,9
Hamilton Island-Sydney,Hamilton Island,Sydney,All Airlines,Sep-19,81,80,1,56,55,24,25,2019,9
Hobart-Brisbane,Hobart,Brisbane,All Airlines,Sep-19,63,63,0,50,46,13,17,2019,9
Hobart-Melbourne,Hobart,Melbourne,All Airlines,Sep-19,440,437,3,306,266,131,171,2019,9
Hobart-Sydney,Hobart,Sydney,All Airlines,Sep-19,219,217,2,155,141,62,76,2019,9
Kalgoorlie-Perth,Kalgoorlie,Perth,All Airlines,Sep-19,166,162,4,139,140,23,22,2019,9
Karratha-Perth,Karratha,Perth,All Airlines,Sep-19,246,242,4,205,214,37,28,2019,9
Launceston-Melbourne,Launceston,Melbourne,All Airlines,Sep-19,312,306,6,249,235,57,71,2019,9
Launceston-Sydney,Launceston,Sydney,All Airlines,Sep-19,67,67,0,48,50,19,17,2019,9
Mackay-Brisbane,Mackay,Brisbane,All Airlines,Sep-19,313,310,3,267,270,43,40,2019,9
Melbourne-Adelaide,Melbourne,Adelaide,All Airlines,Sep-19,751,728,23,547,505,181,223,2019,9
Melbourne-Brisbane,Melbourne,Brisbane,All Airlines,Sep-19,1046,1022,24,771,799,251,223,2019,9
Melbourne-Cairns,Melbourne,Cairns,All Airlines,Sep-19,233,231,2,183,173,48,58,2019,9
Melbourne-Canberra,Melbourne,Canberra,All Airlines,Sep-19,487,473,14,380,373,93,100,2019,9
Melbourne-Darwin,Melbourne,Darwin,All Airlines,Sep-19,89,88,1,57,57,31,31,2019,9
Melbourne-Gold Coast,Melbourne,Gold Coast,All Airlines,Sep-19,499,497,2,376,377,121,120,2019,9
Melbourne-Hobart,Melbourne,Hobart,All Airlines,Sep-19,438,435,3,320,300,115,135,2019,9
Melbourne-Launceston,Melbourne,Launceston,All Airlines,Sep-19,313,309,4,239,235,70,74,2019,9
Melbourne-Mildura,Melbourne,Mildura,All Airlines,Sep-19,208,204,4,167,155,37,49,2019,9
Melbourne-Newcastle,Melbourne,Newcastle,All Airlines,Sep-19,132,130,2,84,95,46,35,2019,9
Melbourne-Perth,Melbourne,Perth,All Airlines,Sep-19,453,443,10,298,296,145,147,2019,9
Melbourne-Sunshine Coast,Melbourne,Sunshine Coast,All Airlines,Sep-19,165,165,0,135,137,30,28,2019,9
Melbourne-Sydney,Melbourne,Sydney,All Airlines,Sep-19,2457,2254,203,1672,1506,582,748,2019,9
Mildura-Melbourne,Mildura,Melbourne,All Airlines,Sep-19,208,203,5,160,142,43,61,2019,9
Mount Isa-Brisbane,Mount Isa,Brisbane,All Airlines,Sep-19,68,65,3,59,59,6,6,2019,9
Newcastle-Brisbane,Newcastle,Brisbane,All Airlines,Sep-19,251,245,6,211,212,34,33,2019,9
Newcastle-Melbourne,Newcastle,Melbourne,All Airlines,Sep-19,131,130,1,96,88,34,42,2019,9
Newman-Perth,Newman,Perth,All Airlines,Sep-19,177,171,6,147,145,24,26,2019,9
Perth-Adelaide,Perth,Adelaide,All Airlines,Sep-19,215,211,4,182,171,29,40,2019,9
Perth-Brisbane,Perth,Brisbane,All Airlines,Sep-19,256,256,0,221,230,35,26,2019,9
Perth-Broome,Perth,Broome,All Airlines,Sep-19,165,163,2,145,130,18,33,2019,9
Perth-Darwin,Perth,Darwin,All Airlines,Sep-19,60,60,0,54,53,6,7,2019,9
Perth-Kalgoorlie,Perth,Kalgoorlie,All Airlines,Sep-19,165,164,1,146,140,18,24,2019,9
Perth-Karratha,Perth,Karratha,All Airlines,Sep-19,245,242,3,220,203,22,39,2019,9
Perth-Melbourne,Perth,Melbourne,All Airlines,Sep-19,453,442,11,325,337,117,105,2019,9
Perth-Newman,Perth,Newman,All Airlines,Sep-19,177,174,3,154,151,20,23,2019,9
Perth-Port Hedland,Perth,Port Hedland,All Airlines,Sep-19,196,196,0,170,160,26,36,2019,9
Perth-Sydney,Perth,Sydney,All Airlines,Sep-19,370,366,4,270,298,96,68,2019,9
Port Hedland-Perth,Port Hedland,Perth,All Airlines,Sep-19,194,194,0,161,166,33,28,2019,9
Port Lincoln-Adelaide,Port Lincoln,Adelaide,All Airlines,Sep-19,316,309,7,279,279,30,30,2019,9
Port Macquarie-Sydney,Port Macquarie,Sydney,All Airlines,Sep-19,180,178,2,134,122,44,56,2019,9
Proserpine-Brisbane,Proserpine,Brisbane,All Airlines,Sep-19,77,77,0,62,62,15,15,2019,9
Proserpine-Sydney,Proserpine,Sydney,All Airlines,Sep-19,32,32,0,21,20,11,12,2019,9
Rockhampton-Brisbane,Rockhampton,Brisbane,All Airlines,Sep-19,315,312,3,271,268,41,44,2019,9
Sunshine Coast-Melbourne,Sunshine Coast,Melbourne,All Airlines,Sep-19,164,163,1,95,78,68,85,2019,9
Sunshine Coast-Sydney,Sunshine Coast,Sydney,All Airlines,Sep-19,214,210,4,144,138,66,72,2019,9
Sydney-Adelaide,Sydney,Adelaide,All Airlines,Sep-19,528,519,9,372,352,147,167,2019,9
Sydney-Albury,Sydney,Albury,All Airlines,Sep-19,261,259,2,189,184,70,75,2019,9
Sydney-Armidale,Sydney,Armidale,All Airlines,Sep-19,192,190,2,141,141,49,49,2019,9
Sydney-Ayers Rock,Sydney,Ayers Rock,All Airlines,Sep-19,60,60,0,46,28,14,32,2019,9
Sydney-Ballina,Sydney,Ballina,All Airlines,Sep-19,141,141,0,111,109,30,32,2019,9
Sydney-Brisbane,Sydney,Brisbane,All Airlines,Sep-19,1446,1388,58,1009,1024,379,364,2019,9
Sydney-Cairns,Sydney,Cairns,All Airlines,Sep-19,265,264,1,200,215,64,49,2019,9
Sydney-Canberra,Sydney,Canberra,All Airlines,Sep-19,735,713,22,547,548,166,165,2019,9
Sydney-Coffs Harbour,Sydney,Coffs Harbour,All Airlines,Sep-19,199,197,2,143,152,54,45,2019,9
Sydney-Darwin,Sydney,Darwin,All Airlines,Sep-19,105,105,0,65,68,40,37,2019,9
Sydney-Dubbo,Sydney,Dubbo,All Airlines,Sep-19,249,247,2,190,194,57,53,2019,9
Sydney-Gold Coast,Sydney,Gold Coast,All Airlines,Sep-19,776,761,15,542,544,219,217,2019,9
Sydney-Hamilton Island,Sydney,Hamilton Island,All Airlines,Sep-19,81,81,0,63,63,18,18,2019,9
Sydney-Hobart,Sydney,Hobart,All Airlines,Sep-19,220,219,1,158,162,61,57,2019,9
Sydney-Launceston,Sydney,Launceston,All Airlines,Sep-19,67,67,0,55,58,12,9,2019,9
Sydney-Melbourne,Sydney,Melbourne,All Airlines,Sep-19,2455,2254,201,1671,1465,583,789,2019,9
Sydney-Perth,Sydney,Perth,All Airlines,Sep-19,378,375,3,215,238,160,137,2019,9
Sydney-Port Macquarie,Sydney,Port Macquarie,All Airlines,Sep-19,180,178,2,137,138,41,40,2019,9
Sydney-Proserpine,Sydney,Proserpine,All Airlines,Sep-19,32,32,0,25,25,7,7,2019,9
Sydney-Sunshine Coast,Sydney,Sunshine Coast,All Airlines,Sep-19,214,211,3,152,154,59,57,2019,9
Sydney-Tamworth,Sydney,Tamworth,All Airlines,Sep-19,173,171,2,116,119,55,52,2019,9
Sydney-Townsville,Sydney,Townsville,All Airlines,Sep-19,56,56,0,33,35,23,21,2019,9
Sydney-Wagga Wagga,Sydney,Wagga Wagga,All Airlines,Sep-19,250,248,2,207,204,41,44,2019,9
Tamworth-Sydney,Tamworth,Sydney,All Airlines,Sep-19,170,168,2,131,118,37,50,2019,9
Townsville-Brisbane,Townsville,Brisbane,All Airlines,Sep-19,357,355,2,311,316,44,39,2019,9
Townsville-Cairns,Townsville,Cairns,All Airlines,Sep-19,143,143,0,132,133,11,10,2019,9
Townsville-Sydney,Townsville,Sydney,All Airlines,Sep-19,56,56,0,29,34,27,22,2019,9
Wagga Wagga-Sydney,Wagga Wagga,Sydney,All Airlines,Sep-19,247,243,4,202,186,41,57,2019,9
Adelaide-Alice Springs,Adelaide,Alice Springs,All Airlines,Oct-19,55,54,1,48,45,6,9,2019,10
Adelaide-Brisbane,Adelaide,Brisbane,All Airlines,Oct-19,286,286,0,244,245,42,41,2019,10
Adelaide-Canberra,Adelaide,Canberra,All Airlines,Oct-19,80,80,0,68,72,12,8,2019,10
Adelaide-Gold Coast,Adelaide,Gold Coast,All Airlines,Oct-19,63,63,0,53,57,10,6,2019,10
Adelaide-Melbourne,Adelaide,Melbourne,All Airlines,Oct-19,768,754,14,545,539,209,215,2019,10
Adelaide-Perth,Adelaide,Perth,All Airlines,Oct-19,231,229,2,207,193,22,36,2019,10
Adelaide-Port Lincoln,Adelaide,Port Lincoln,All Airlines,Oct-19,319,318,1,293,289,25,29,2019,10
Adelaide-Sydney,Adelaide,Sydney,All Airlines,Oct-19,561,559,2,430,379,129,180,2019,10
Albury-Sydney,Albury,Sydney,All Airlines,Oct-19,270,267,3,225,213,42,54,2019,10
Alice Springs-Adelaide,Alice Springs,Adelaide,All Airlines,Oct-19,53,53,0,42,37,11,16,2019,10
Alice Springs-Darwin,Alice Springs,Darwin,All Airlines,Oct-19,85,84,1,71,70,13,14,2019,10
Armidale-Sydney,Armidale,Sydney,All Airlines,Oct-19,197,197,0,144,127,53,70,2019,10
Ayers Rock-Sydney,Ayers Rock,Sydney,All Airlines,Oct-19,62,61,1,41,41,20,20,2019,10
Ballina-Sydney,Ballina,Sydney,All Airlines,Oct-19,145,144,1,94,87,50,57,2019,10
Brisbane-Adelaide,Brisbane,Adelaide,All Airlines,Oct-19,285,285,0,238,242,47,43,2019,10
Brisbane-Bundaberg,Brisbane,Bundaberg,All Airlines,Oct-19,155,154,1,134,130,20,24,2019,10
Brisbane-Cairns,Brisbane,Cairns,All Airlines,Oct-19,437,432,5,348,341,84,91,2019,10
Brisbane-Canberra,Brisbane,Canberra,All Airlines,Oct-19,293,287,6,226,238,61,49,2019,10
Brisbane-Darwin,Brisbane,Darwin,All Airlines,Oct-19,107,107,0,90,88,17,19,2019,10
Brisbane-Emerald,Brisbane,Emerald,All Airlines,Oct-19,179,177,2,157,151,20,26,2019,10
Brisbane-Gladstone,Brisbane,Gladstone,All Airlines,Oct-19,219,219,0,195,195,24,24,2019,10
Brisbane-Hamilton Island,Brisbane,Hamilton Island,All Airlines,Oct-19,62,61,1,50,53,11,8,2019,10
Brisbane-Hobart,Brisbane,Hobart,All Airlines,Oct-19,66,66,0,60,57,6,9,2019,10
Brisbane-Mackay,Brisbane,Mackay,All Airlines,Oct-19,325,322,3,269,265,53,57,2019,10
Brisbane-Melbourne,Brisbane,Melbourne,All Airlines,Oct-19,1090,1065,25,764,742,301,323,2019,10
Brisbane-Mount Isa,Brisbane,Mount Isa,All Airlines,Oct-19,76,76,0,69,72,7,4,2019,10
Brisbane-Newcastle,Brisbane,Newcastle,All Airlines,Oct-19,254,253,1,213,210,40,43,2019,10
Brisbane-Perth,Brisbane,Perth,All Airlines,Oct-19,263,263,0,209,219,54,44,2019,10
Brisbane-Proserpine,Brisbane,Proserpine,All Airlines,Oct-19,76,76,0,64,66,12,10,2019,10
Brisbane-Rockhampton,Brisbane,Rockhampton,All Airlines,Oct-19,329,329,0,274,277,55,52,2019,10
Brisbane-Sydney,Brisbane,Sydney,All Airlines,Oct-19,1491,1464,27,1173,1090,291,374,2019,10
Brisbane-Townsville,Brisbane,Townsville,All Airlines,Oct-19,359,356,3,285,281,71,75,2019,10
Broome-Perth,Broome,Perth,All Airlines,Oct-19,168,167,1,137,145,30,22,2019,10
Bundaberg-Brisbane,Bundaberg,Brisbane,All Airlines,Oct-19,155,154,1,134,127,20,27,2019,10
Cairns-Brisbane,Cairns,Brisbane,All Airlines,Oct-19,437,429,8,337,348,92,81,2019,10
Cairns-Melbourne,Cairns,Melbourne,All Airlines,Oct-19,235,231,4,170,160,61,71,2019,10
Cairns-Sydney,Cairns,Sydney,All Airlines,Oct-19,300,296,4,232,232,64,64,2019,10
Cairns-Townsville,Cairns,Townsville,All Airlines,Oct-19,151,150,1,144,145,6,5,2019,10
Canberra-Adelaide,Canberra,Adelaide,All Airlines,Oct-19,80,80,0,69,71,11,9,2019,10
Canberra-Brisbane,Canberra,Brisbane,All Airlines,Oct-19,293,286,7,227,232,59,54,2019,10
Canberra-Melbourne,Canberra,Melbourne,All Airlines,Oct-19,497,488,9,404,383,84,105,2019,10
Canberra-Sydney,Canberra,Sydney,All Airlines,Oct-19,762,741,21,634,593,107,148,2019,10
Coffs Harbour-Sydney,Coffs Harbour,Sydney,All Airlines,Oct-19,202,200,2,155,155,45,45,2019,10
Darwin-Alice Springs,Darwin,Alice Springs,All Airlines,Oct-19,84,84,0,79,74,5,10,2019,10
Darwin-Brisbane,Darwin,Brisbane,All Airlines,Oct-19,109,109,0,90,93,19,16,2019,10
Darwin-Melbourne,Darwin,Melbourne,All Airlines,Oct-19,91,91,0,70,67,21,24,2019,10
Darwin-Perth,Darwin,Perth,All Airlines,Oct-19,62,62,0,56,55,6,7,2019,10
Darwin-Sydney,Darwin,Sydney,All Airlines,Oct-19,108,108,0,79,68,29,40,2019,10
Dubbo-Sydney,Dubbo,Sydney,All Airlines,Oct-19,256,255,1,207,194,48,61,2019,10
Emerald-Brisbane,Emerald,Brisbane,All Airlines,Oct-19,179,177,2,139,143,38,34,2019,10
Gladstone-Brisbane,Gladstone,Brisbane,All Airlines,Oct-19,219,219,0,193,191,26,28,2019,10
Gold Coast-Adelaide,Gold Coast,Adelaide,All Airlines,Oct-19,64,64,0,50,48,14,16,2019,10
Gold Coast-Melbourne,Gold Coast,Melbourne,All Airlines,Oct-19,536,532,4,311,332,221,200,2019,10
Gold Coast-Sydney,Gold Coast,Sydney,All Airlines,Oct-19,803,794,9,515,515,279,279,2019,10
Hamilton Island-Brisbane,Hamilton Island,Brisbane,All Airlines,Oct-19,62,61,1,47,44,14,17,2019,10
Hamilton Island-Sydney,Hamilton Island,Sydney,All Airlines,Oct-19,88,85,3,73,71,12,14,2019,10
Hobart-Brisbane,Hobart,Brisbane,All Airlines,Oct-19,67,67,0,51,46,16,21,2019,10
Hobart-Melbourne,Hobart,Melbourne,All Airlines,Oct-19,468,466,2,315,257,151,209,2019,10
Hobart-Sydney,Hobart,Sydney,All Airlines,Oct-19,239,238,1,166,150,72,88,2019,10
Kalgoorlie-Perth,Kalgoorlie,Perth,All Airlines,Oct-19,165,163,2,151,152,12,11,2019,10
Karratha-Perth,Karratha,Perth,All Airlines,Oct-19,260,254,6,223,224,31,30,2019,10
Launceston-Melbourne,Launceston,Melbourne,All Airlines,Oct-19,340,339,1,266,248,73,91,2019,10
Launceston-Sydney,Launceston,Sydney,All Airlines,Oct-19,76,75,1,51,51,24,24,2019,10
Mackay-Brisbane,Mackay,Brisbane,All Airlines,Oct-19,317,314,3,255,265,59,49,2019,10
Melbourne-Adelaide,Melbourne,Adelaide,All Airlines,Oct-19,766,756,10,574,558,182,198,2019,10
Melbourne-Brisbane,Melbourne,Brisbane,All Airlines,Oct-19,1083,1068,15,826,825,242,243,2019,10
Melbourne-Cairns,Melbourne,Cairns,All Airlines,Oct-19,235,231,4,181,186,50,45,2019,10
Melbourne-Canberra,Melbourne,Canberra,All Airlines,Oct-19,497,489,8,395,391,94,98,2019,10
Melbourne-Darwin,Melbourne,Darwin,All Airlines,Oct-19,91,91,0,64,65,27,26,2019,10
Melbourne-Gold Coast,Melbourne,Gold Coast,All Airlines,Oct-19,537,534,3,389,394,145,140,2019,10
Melbourne-Hobart,Melbourne,Hobart,All Airlines,Oct-19,468,466,2,350,338,116,128,2019,10
Melbourne-Launceston,Melbourne,Launceston,All Airlines,Oct-19,341,340,1,262,260,78,80,2019,10
Melbourne-Mildura,Melbourne,Mildura,All Airlines,Oct-19,217,215,2,181,174,34,41,2019,10
Melbourne-Newcastle,Melbourne,Newcastle,All Airlines,Oct-19,143,142,1,92,98,50,44,2019,10
Melbourne-Perth,Melbourne,Perth,All Airlines,Oct-19,450,450,0,309,324,141,126,2019,10
Melbourne-Sunshine Coast,Melbourne,Sunshine Coast,All Airlines,Oct-19,163,162,1,126,130,36,32,2019,10
Melbourne-Sydney,Melbourne,Sydney,All Airlines,Oct-19,2585,2430,155,1830,1613,600,817,2019,10
Mildura-Melbourne,Mildura,Melbourne,All Airlines,Oct-19,217,214,3,167,154,47,60,2019,10
Mount Isa-Brisbane,Mount Isa,Brisbane,All Airlines,Oct-19,72,71,1,63,60,8,11,2019,10
Newcastle-Brisbane,Newcastle,Brisbane,All Airlines,Oct-19,252,251,1,216,221,35,30,2019,10
Newcastle-Melbourne,Newcastle,Melbourne,All Airlines,Oct-19,142,141,1,98,87,43,54,2019,10
Newman-Perth,Newman,Perth,All Airlines,Oct-19,195,188,7,173,174,15,14,2019,10
Perth-Adelaide,Perth,Adelaide,All Airlines,Oct-19,234,233,1,207,206,26,27,2019,10
Perth-Brisbane,Perth,Brisbane,All Airlines,Oct-19,264,264,0,219,213,45,51,2019,10
Perth-Broome,Perth,Broome,All Airlines,Oct-19,168,168,0,146,139,22,29,2019,10
Perth-Darwin,Perth,Darwin,All Airlines,Oct-19,61,61,0,58,59,3,2,2019,10
Perth-Kalgoorlie,Perth,Kalgoorlie,All Airlines,Oct-19,166,164,2,156,155,8,9,2019,10
Perth-Karratha,Perth,Karratha,All Airlines,Oct-19,260,255,5,232,225,23,30,2019,10
Perth-Melbourne,Perth,Melbourne,All Airlines,Oct-19,451,450,1,334,340,116,110,2019,10
Perth-Newman,Perth,Newman,All Airlines,Oct-19,197,192,5,183,178,9,14,2019,10
Perth-Port Hedland,Perth,Port Hedland,All Airlines,Oct-19,212,207,5,193,187,14,20,2019,10
Perth-Sydney,Perth,Sydney,All Airlines,Oct-19,387,385,2,302,314,83,71,2019,10
Port Hedland-Perth,Port Hedland,Perth,All Airlines,Oct-19,212,205,7,186,187,19,18,2019,10
Port Lincoln-Adelaide,Port Lincoln,Adelaide,All Airlines,Oct-19,319,317,2,284,286,33,31,2019,10
Port Macquarie-Sydney,Port Macquarie,Sydney,All Airlines,Oct-19,183,182,1,131,124,51,58,2019,10
Proserpine-Brisbane,Proserpine,Brisbane,All Airlines,Oct-19,76,76,0,55,60,21,16,2019,10
Proserpine-Sydney,Proserpine,Sydney,All Airlines,Oct-19,35,35,0,23,22,12,13,2019,10
Rockhampton-Brisbane,Rockhampton,Brisbane,All Airlines,Oct-19,334,334,0,289,280,45,54,2019,10
Sunshine Coast-Melbourne,Sunshine Coast,Melbourne,All Airlines,Oct-19,162,161,1,89,89,72,72,2019,10
Sunshine Coast-Sydney,Sunshine Coast,Sydney,All Airlines,Oct-19,224,223,1,122,123,101,100,2019,10
Sydney-Adelaide,Sydney,Adelaide,All Airlines,Oct-19,563,561,2,387,409,174,152,2019,10
Sydney-Albury,Sydney,Albury,All Airlines,Oct-19,268,265,3,211,213,54,52,2019,10
Sydney-Armidale,Sydney,Armidale,All Airlines,Oct-19,196,196,0,151,150,45,46,2019,10
Sydney-Ayers Rock,Sydney,Ayers Rock,All Airlines,Oct-19,63,63,0,51,50,12,13,2019,10
Sydney-Ballina,Sydney,Ballina,All Airlines,Oct-19,146,146,0,112,108,34,38,2019,10
Sydney-Brisbane,Sydney,Brisbane,All Airlines,Oct-19,1490,1461,29,1076,1073,385,388,2019,10
Sydney-Cairns,Sydney,Cairns,All Airlines,Oct-19,298,295,3,214,229,81,66,2019,10
Sydney-Canberra,Sydney,Canberra,All Airlines,Oct-19,758,744,14,603,599,141,145,2019,10
Sydney-Coffs Harbour,Sydney,Coffs Harbour,All Airlines,Oct-19,202,200,2,146,158,54,42,2019,10
Sydney-Darwin,Sydney,Darwin,All Airlines,Oct-19,107,107,0,67,82,40,25,2019,10
Sydney-Dubbo,Sydney,Dubbo,All Airlines,Oct-19,259,259,0,211,215,48,44,2019,10
Sydney-Gold Coast,Sydney,Gold Coast,All Airlines,Oct-19,802,790,12,561,560,229,230,2019,10
Sydney-Hamilton Island,Sydney,Hamilton Island,All Airlines,Oct-19,88,85,3,74,76,11,9,2019,10
Sydney-Hobart,Sydney,Hobart,All Airlines,Oct-19,240,240,0,158,168,82,72,2019,10
Sydney-Launceston,Sydney,Launceston,All Airlines,Oct-19,76,75,1,54,60,21,15,2019,10
Sydney-Melbourne,Sydney,Melbourne,All Airlines,Oct-19,2587,2441,146,1665,1555,776,886,2019,10
Sydney-Perth,Sydney,Perth,All Airlines,Oct-19,386,384,2,213,251,171,133,2019,10
Sydney-Port Macquarie,Sydney,Port Macquarie,All Airlines,Oct-19,183,183,0,142,146,41,37,2019,10
Sydney-Proserpine,Sydney,Proserpine,All Airlines,Oct-19,34,34,0,20,23,14,11,2019,10
Sydney-Sunshine Coast,Sydney,Sunshine Coast,All Airlines,Oct-19,224,223,1,143,141,80,82,2019,10
Sydney-Tamworth,Sydney,Tamworth,All Airlines,Oct-19,187,186,1,151,151,35,35,2019,10
Sydney-Townsville,Sydney,Townsville,All Airlines,Oct-19,54,54,0,36,41,18,13,2019,10
Sydney-Wagga Wagga,Sydney,Wagga Wagga,All Airlines,Oct-19,253,253,0,219,213,34,40,2019,10
Tamworth-Sydney,Tamworth,Sydney,All Airlines,Oct-19,186,184,2,154,150,30,34,2019,10
Townsville-Brisbane,Townsville,Brisbane,All Airlines,Oct-19,359,356,3,291,304,65,52,2019,10
Townsville-Cairns,Townsville,Cairns,All Airlines,Oct-19,152,151,1,134,138,17,13,2019,10
Townsville-Sydney,Townsville,Sydney,All Airlines,Oct-19,54,54,0,38,41,16,13,2019,10
Wagga Wagga-Sydney,Wagga Wagga,Sydney,All Airlines,Oct-19,252,251,1,222,204,29,47,2019,10
Adelaide-Alice Springs,Adelaide,Alice Springs,All Airlines,Nov-19,51,51,0,42,37,9,14,2019,11
Adelaide-Brisbane,Adelaide,Brisbane,All Airlines,Nov-19,265,265,0,227,238,38,27,2019,11
Adelaide-Canberra,Adelaide,Canberra,All Airlines,Nov-19,72,71,1,62,62,9,9,2019,11
Adelaide-Gold Coast,Adelaide,Gold Coast,All Airlines,Nov-19,54,54,0,44,49,10,5,2019,11
Adelaide-Melbourne,Adelaide,Melbourne,All Airlines,Nov-19,732,719,13,532,538,187,181,2019,11
Adelaide-Perth,Adelaide,Perth,All Airlines,Nov-19,210,210,0,163,172,47,38,2019,11
Adelaide-Port Lincoln,Adelaide,Port Lincoln,All Airlines,Nov-19,309,309,0,295,288,14,21,2019,11
Adelaide-Sydney,Adelaide,Sydney,All Airlines,Nov-19,545,535,10,400,403,135,132,2019,11
Albury-Sydney,Albury,Sydney,All Airlines,Nov-19,264,261,3,197,192,64,69,2019,11
Alice Springs-Adelaide,Alice Springs,Adelaide,All Airlines,Nov-19,51,51,0,36,39,15,12,2019,11
Alice Springs-Darwin,Alice Springs,Darwin,All Airlines,Nov-19,70,68,2,59,47,9,21,2019,11
Armidale-Sydney,Armidale,Sydney,All Airlines,Nov-19,193,185,8,108,98,77,87,2019,11
Ayers Rock-Sydney,Ayers Rock,Sydney,All Airlines,Nov-19,55,55,0,39,38,16,17,2019,11
Ballina-Sydney,Ballina,Sydney,All Airlines,Nov-19,129,128,1,87,98,41,30,2019,11
Brisbane-Adelaide,Brisbane,Adelaide,All Airlines,Nov-19,265,264,1,213,203,51,61,2019,11
Brisbane-Bundaberg,Brisbane,Bundaberg,All Airlines,Nov-19,150,150,0,133,135,17,15,2019,11
Brisbane-Cairns,Brisbane,Cairns,All Airlines,Nov-19,397,395,2,323,318,72,77,2019,11
Brisbane-Canberra,Brisbane,Canberra,All Airlines,Nov-19,265,265,0,213,207,52,58,2019,11
Brisbane-Darwin,Brisbane,Darwin,All Airlines,Nov-19,91,91,0,74,58,17,33,2019,11
Brisbane-Emerald,Brisbane,Emerald,All Airlines,Nov-19,169,169,0,147,140,22,29,2019,11
Brisbane-Gladstone,Brisbane,Gladstone,All Airlines,Nov-19,209,209,0,179,176,30,33,2019,11
Brisbane-Hamilton Island,Brisbane,Hamilton Island,All Airlines,Nov-19,60,60,0,47,52,13,8,2019,11
Brisbane-Hobart,Brisbane,Hobart,All Airlines,Nov-19,70,70,0,64,67,6,3,2019,11
Brisbane-Mackay,Brisbane,Mackay,All Airlines,Nov-19,303,302,1,262,254,40,48,2019,11
Brisbane-Melbourne,Brisbane,Melbourne,All Airlines,Nov-19,1031,1006,25,773,655,233,351,2019,11
Brisbane-Mount Isa,Brisbane,Mount Isa,All Airlines,Nov-19,71,71,0,60,61,11,10,2019,11
Brisbane-Newcastle,Brisbane,Newcastle,All Airlines,Nov-19,254,249,5,210,207,39,42,2019,11
Brisbane-Perth,Brisbane,Perth,All Airlines,Nov-19,251,251,0,184,174,67,77,2019,11
Brisbane-Proserpine,Brisbane,Proserpine,All Airlines,Nov-19,72,72,0,67,63,5,9,2019,11
Brisbane-Rockhampton,Brisbane,Rockhampton,All Airlines,Nov-19,306,304,2,238,243,66,61,2019,11
Brisbane-Sydney,Brisbane,Sydney,All Airlines,Nov-19,1424,1361,63,1075,990,286,371,2019,11
Brisbane-Townsville,Brisbane,Townsville,All Airlines,Nov-19,341,340,1,292,283,48,57,2019,11
Broome-Perth,Broome,Perth,All Airlines,Nov-19,139,137,2,107,114,30,23,2019,11
Bundaberg-Brisbane,Bundaberg,Brisbane,All Airlines,Nov-19,150,150,0,134,133,16,17,2019,11
Cairns-Brisbane,Cairns,Brisbane,All Airlines,Nov-19,396,394,2,322,339,72,55,2019,11
Cairns-Melbourne,Cairns,Melbourne,All Airlines,Nov-19,190,189,1,120,116,69,73,2019,11
Cairns-Sydney,Cairns,Sydney,All Airlines,Nov-19,253,250,3,179,186,71,64,2019,11
Cairns-Townsville,Cairns,Townsville,All Airlines,Nov-19,144,144,0,127,126,17,18,2019,11
Canberra-Adelaide,Canberra,Adelaide,All Airlines,Nov-19,72,72,0,60,57,12,15,2019,11
Canberra-Brisbane,Canberra,Brisbane,All Airlines,Nov-19,266,264,2,209,217,55,47,2019,11
Canberra-Melbourne,Canberra,Melbourne,All Airlines,Nov-19,484,468,16,373,347,95,121,2019,11
Canberra-Sydney,Canberra,Sydney,All Airlines,Nov-19,727,703,24,534,519,169,184,2019,11
Coffs Harbour-Sydney,Coffs Harbour,Sydney,All Airlines,Nov-19,196,175,21,126,119,49,56,2019,11
Darwin-Alice Springs,Darwin,Alice Springs,All Airlines,Nov-19,70,69,1,57,49,12,20,2019,11
Darwin-Brisbane,Darwin,Brisbane,All Airlines,Nov-19,92,92,0,56,75,36,17,2019,11
Darwin-Melbourne,Darwin,Melbourne,All Airlines,Nov-19,77,77,0,52,63,25,14,2019,11
Darwin-Perth,Darwin,Perth,All Airlines,Nov-19,60,60,0,54,50,6,10,2019,11
Darwin-Sydney,Darwin,Sydney,All Airlines,Nov-19,79,79,0,40,53,39,26,2019,11
Dubbo-Sydney,Dubbo,Sydney,All Airlines,Nov-19,247,244,3,176,173,68,71,2019,11
Emerald-Brisbane,Emerald,Brisbane,All Airlines,Nov-19,169,168,1,141,139,27,29,2019,11
Gladstone-Brisbane,Gladstone,Brisbane,All Airlines,Nov-19,209,209,0,175,177,34,32,2019,11
Gold Coast-Adelaide,Gold Coast,Adelaide,All Airlines,Nov-19,54,54,0,41,43,13,11,2019,11
Gold Coast-Melbourne,Gold Coast,Melbourne,All Airlines,Nov-19,474,471,3,271,289,200,182,2019,11
Gold Coast-Sydney,Gold Coast,Sydney,All Airlines,Nov-19,740,723,17,477,493,246,230,2019,11
Hamilton Island-Brisbane,Hamilton Island,Brisbane,All Airlines,Nov-19,60,60,0,51,52,9,8,2019,11
Hamilton Island-Sydney,Hamilton Island,Sydney,All Airlines,Nov-19,79,78,1,56,53,22,25,2019,11
Hobart-Brisbane,Hobart,Brisbane,All Airlines,Nov-19,69,69,0,62,60,7,9,2019,11
Hobart-Melbourne,Hobart,Melbourne,All Airlines,Nov-19,472,468,4,302,258,166,210,2019,11
Hobart-Sydney,Hobart,Sydney,All Airlines,Nov-19,248,245,3,180,156,65,89,2019,11
Kalgoorlie-Perth,Kalgoorlie,Perth,All Airlines,Nov-19,144,142,2,124,125,18,17,2019,11
Karratha-Perth,Karratha,Perth,All Airlines,Nov-19,248,240,8,212,211,28,29,2019,11
Launceston-Melbourne,Launceston,Melbourne,All Airlines,Nov-19,342,336,6,248,220,88,116,2019,11
Launceston-Sydney,Launceston,Sydney,All Airlines,Nov-19,78,77,1,53,56,24,21,2019,11
Mackay-Brisbane,Mackay,Brisbane,All Airlines,Nov-19,300,299,1,260,267,39,32,2019,11
Melbourne-Adelaide,Melbourne,Adelaide,All Airlines,Nov-19,733,720,13,559,498,161,222,2019,11
Melbourne-Brisbane,Melbourne,Brisbane,All Airlines,Nov-19,1028,1003,25,764,751,239,252,2019,11
Melbourne-Cairns,Melbourne,Cairns,All Airlines,Nov-19,190,189,1,149,137,40,52,2019,11
Melbourne-Canberra,Melbourne,Canberra,All Airlines,Nov-19,487,469,18,369,365,100,104,2019,11
Melbourne-Darwin,Melbourne,Darwin,All Airlines,Nov-19,77,77,0,57,48,20,29,2019,11
Melbourne-Gold Coast,Melbourne,Gold Coast,All Airlines,Nov-19,473,472,1,330,318,142,154,2019,11
Melbourne-Hobart,Melbourne,Hobart,All Airlines,Nov-19,471,469,2,339,334,130,135,2019,11
Melbourne-Launceston,Melbourne,Launceston,All Airlines,Nov-19,342,336,6,243,248,93,88,2019,11
Melbourne-Mildura,Melbourne,Mildura,All Airlines,Nov-19,208,202,6,164,149,38,53,2019,11
Melbourne-Newcastle,Melbourne,Newcastle,All Airlines,Nov-19,127,127,0,73,71,54,56,2019,11
Melbourne-Perth,Melbourne,Perth,All Airlines,Nov-19,448,442,6,310,314,132,128,2019,11
Melbourne-Sunshine Coast,Melbourne,Sunshine Coast,All Airlines,Nov-19,151,149,2,128,130,21,19,2019,11
Melbourne-Sydney,Melbourne,Sydney,All Airlines,Nov-19,2429,2262,167,1624,1486,638,776,2019,11
Mildura-Melbourne,Mildura,Melbourne,All Airlines,Nov-19,208,201,7,147,135,54,66,2019,11
Mount Isa-Brisbane,Mount Isa,Brisbane,All Airlines,Nov-19,68,68,0,57,54,11,14,2019,11
Newcastle-Brisbane,Newcastle,Brisbane,All Airlines,Nov-19,256,251,5,219,216,32,35,2019,11
Newcastle-Melbourne,Newcastle,Melbourne,All Airlines,Nov-19,127,126,1,93,81,33,45,2019,11
Newman-Perth,Newman,Perth,All Airlines,Nov-19,171,165,6,143,145,22,20,2019,11
Perth-Adelaide,Perth,Adelaide,All Airlines,Nov-19,209,208,1,173,165,35,43,2019,11
Perth-Brisbane,Perth,Brisbane,All Airlines,Nov-19,250,250,0,197,201,53,49,2019,11
Perth-Broome,Perth,Broome,All Airlines,Nov-19,139,139,0,121,122,18,17,2019,11
Perth-Darwin,Perth,Darwin,All Airlines,Nov-19,60,60,0,57,56,3,4,2019,11
Perth-Kalgoorlie,Perth,Kalgoorlie,All Airlines,Nov-19,145,144,1,134,131,10,13,2019,11
Perth-Karratha,Perth,Karratha,All Airlines,Nov-19,248,242,6,213,213,29,29,2019,11
Perth-Melbourne,Perth,Melbourne,All Airlines,Nov-19,454,448,6,349,341,99,107,2019,11
Perth-Newman,Perth,Newman,All Airlines,Nov-19,171,169,2,151,148,18,21,2019,11
Perth-Port Hedland,Perth,Port Hedland,All Airlines,Nov-19,192,187,5,169,171,18,16,2019,11
Perth-Sydney,Perth,Sydney,All Airlines,Nov-19,371,364,7,285,282,79,82,2019,11
Port Hedland-Perth,Port Hedland,Perth,All Airlines,Nov-19,193,185,8,156,154,29,31,2019,11
Port Lincoln-Adelaide,Port Lincoln,Adelaide,All Airlines,Nov-19,308,307,1,285,286,22,21,2019,11
Port Macquarie-Sydney,Port Macquarie,Sydney,All Airlines,Nov-19,170,150,20,97,97,53,53,2019,11
Proserpine-Brisbane,Proserpine,Brisbane,All Airlines,Nov-19,72,72,0,62,63,10,9,2019,11
Proserpine-Sydney,Proserpine,Sydney,All Airlines,Nov-19,32,30,2,21,19,9,11,2019,11
Rockhampton-Brisbane,Rockhampton,Brisbane,All Airlines,Nov-19,312,311,1,250,254,61,57,2019,11
Sunshine Coast-Melbourne,Sunshine Coast,Melbourne,All Airlines,Nov-19,152,150,2,105,91,45,59,2019,11
Sunshine Coast-Sydney,Sunshine Coast,Sydney,All Airlines,Nov-19,214,209,5,127,121,82,88,2019,11
Sydney-Adelaide,Sydney,Adelaide,All Airlines,Nov-19,543,535,8,367,344,168,191,2019,11
Sydney-Albury,Sydney,Albury,All Airlines,Nov-19,265,262,3,185,190,77,72,2019,11
Sydney-Armidale,Sydney,Armidale,All Airlines,Nov-19,186,182,4,116,107,66,75,2019,11
Sydney-Ayers Rock,Sydney,Ayers Rock,All Airlines,Nov-19,55,55,0,46,45,9,10,2019,11
Sydney-Ballina,Sydney,Ballina,All Airlines,Nov-19,128,127,1,103,97,24,30,2019,11
Sydney-Brisbane,Sydney,Brisbane,All Airlines,Nov-19,1423,1361,62,998,972,363,389,2019,11
Sydney-Cairns,Sydney,Cairns,All Airlines,Nov-19,251,249,2,189,174,60,75,2019,11
Sydney-Canberra,Sydney,Canberra,All Airlines,Nov-19,725,708,17,520,498,188,210,2019,11
Sydney-Coffs Harbour,Sydney,Coffs Harbour,All Airlines,Nov-19,192,174,18,122,125,52,49,2019,11
Sydney-Darwin,Sydney,Darwin,All Airlines,Nov-19,80,80,0,54,41,26,39,2019,11
Sydney-Dubbo,Sydney,Dubbo,All Airlines,Nov-19,250,247,3,175,170,72,77,2019,11
Sydney-Gold Coast,Sydney,Gold Coast,All Airlines,Nov-19,740,725,15,531,515,194,210,2019,11
Sydney-Hamilton Island,Sydney,Hamilton Island,All Airlines,Nov-19,78,77,1,61,61,16,16,2019,11
Sydney-Hobart,Sydney,Hobart,All Airlines,Nov-19,249,247,2,186,177,61,70,2019,11
Sydney-Launceston,Sydney,Launceston,All Airlines,Nov-19,77,77,0,57,56,20,21,2019,11
Sydney-Melbourne,Sydney,Melbourne,All Airlines,Nov-19,2425,2253,172,1545,1328,708,925,2019,11
Sydney-Perth,Sydney,Perth,All Airlines,Nov-19,371,368,3,236,250,132,118,2019,11
Sydney-Port Macquarie,Sydney,Port Macquarie,All Airlines,Nov-19,172,151,21,99,104,52,47,2019,11
Sydney-Proserpine,Sydney,Proserpine,All Airlines,Nov-19,30,30,0,24,27,6,3,2019,11
Sydney-Sunshine Coast,Sydney,Sunshine Coast,All Airlines,Nov-19,213,209,4,156,149,53,60,2019,11
Sydney-Tamworth,Sydney,Tamworth,All Airlines,Nov-19,196,195,1,144,134,51,61,2019,11
Sydney-Townsville,Sydney,Townsville,All Airlines,Nov-19,50,50,0,37,33,13,17,2019,11
Sydney-Wagga Wagga,Sydney,Wagga Wagga,All Airlines,Nov-19,233,233,0,190,181,43,52,2019,11
Tamworth-Sydney,Tamworth,Sydney,All Airlines,Nov-19,190,188,2,144,137,44,51,2019,11
Townsville-Brisbane,Townsville,Brisbane,All Airlines,Nov-19,343,341,2,283,298,58,43,2019,11
Townsville-Cairns,Townsville,Cairns,All Airlines,Nov-19,147,145,2,128,134,17,11,2019,11
Townsville-Sydney,Townsville,Sydney,All Airlines,Nov-19,50,50,0,27,33,23,17,2019,11
Wagga Wagga-Sydney,Wagga Wagga,Sydney,All Airlines,Nov-19,235,235,0,187,178,48,57,2019,11
Adelaide-Alice Springs,Adelaide,Alice Springs,All Airlines,Dec-19,53,52,1,44,45,8,7,2019,12
Adelaide-Brisbane,Adelaide,Brisbane,All Airlines,Dec-19,279,275,4,219,224,56,51,2019,12
Adelaide-Canberra,Adelaide,Canberra,All Airlines,Dec-19,68,67,1,52,56,15,11,2019,12
Adelaide-Gold Coast,Adelaide,Gold Coast,All Airlines,Dec-19,65,64,1,47,46,17,18,2019,12
Adelaide-Melbourne,Adelaide,Melbourne,All Airlines,Dec-19,723,700,23,533,545,167,155,2019,12
Adelaide-Perth,Adelaide,Perth,All Airlines,Dec-19,210,209,1,138,161,71,48,2019,12
Adelaide-Port Lincoln,Adelaide,Port Lincoln,All Airlines,Dec-19,297,296,1,272,263,24,33,2019,12
Adelaide-Sydney,Adelaide,Sydney,All Airlines,Dec-19,555,541,14,403,380,138,161,2019,12
Albury-Sydney,Albury,Sydney,All Airlines,Dec-19,234,230,4,166,154,64,76,2019,12
Alice Springs-Adelaide,Alice Springs,Adelaide,All Airlines,Dec-19,54,52,2,37,36,15,16,2019,12
Alice Springs-Darwin,Alice Springs,Darwin,All Airlines,Dec-19,52,51,1,44,44,7,7,2019,12
Armidale-Sydney,Armidale,Sydney,All Airlines,Dec-19,171,161,10,105,81,56,80,2019,12
Ayers Rock-Sydney,Ayers Rock,Sydney,All Airlines,Dec-19,58,56,2,47,39,9,17,2019,12
Ballina-Sydney,Ballina,Sydney,All Airlines,Dec-19,151,146,5,87,92,59,54,2019,12
Brisbane-Adelaide,Brisbane,Adelaide,All Airlines,Dec-19,281,277,4,222,229,55,48,2019,12
Brisbane-Bundaberg,Brisbane,Bundaberg,All Airlines,Dec-19,146,146,0,123,131,23,15,2019,12
Brisbane-Cairns,Brisbane,Cairns,All Airlines,Dec-19,417,408,9,306,310,102,98,2019,12
Brisbane-Canberra,Brisbane,Canberra,All Airlines,Dec-19,279,277,2,217,219,60,58,2019,12
Brisbane-Darwin,Brisbane,Darwin,All Airlines,Dec-19,110,106,4,82,75,24,31,2019,12
Brisbane-Emerald,Brisbane,Emerald,All Airlines,Dec-19,161,161,0,142,138,19,23,2019,12
Brisbane-Gladstone,Brisbane,Gladstone,All Airlines,Dec-19,199,198,1,165,165,33,33,2019,12
Brisbane-Hamilton Island,Brisbane,Hamilton Island,All Airlines,Dec-19,62,62,0,48,51,14,11,2019,12
Brisbane-Hobart,Brisbane,Hobart,All Airlines,Dec-19,86,83,3,66,66,17,17,2019,12
Brisbane-Mackay,Brisbane,Mackay,All Airlines,Dec-19,308,304,4,223,226,81,78,2019,12
Brisbane-Melbourne,Brisbane,Melbourne,All Airlines,Dec-19,1070,1044,26,748,698,296,346,2019,12
Brisbane-Mount Isa,Brisbane,Mount Isa,All Airlines,Dec-19,69,69,0,56,63,13,6,2019,12
Brisbane-Newcastle,Brisbane,Newcastle,All Airlines,Dec-19,247,241,6,179,181,62,60,2019,12
Brisbane-Perth,Brisbane,Perth,All Airlines,Dec-19,266,265,1,174,223,91,42,2019,12
Brisbane-Proserpine,Brisbane,Proserpine,All Airlines,Dec-19,84,83,1,70,69,13,14,2019,12
Brisbane-Rockhampton,Brisbane,Rockhampton,All Airlines,Dec-19,300,299,1,236,244,63,55,2019,12
Brisbane-Sydney,Brisbane,Sydney,All Airlines,Dec-19,1418,1351,67,997,860,354,491,2019,12
Brisbane-Townsville,Brisbane,Townsville,All Airlines,Dec-19,351,348,3,255,262,93,86,2019,12
Broome-Perth,Broome,Perth,All Airlines,Dec-19,146,145,1,120,125,25,20,2019,12
Bundaberg-Brisbane,Bundaberg,Brisbane,All Airlines,Dec-19,147,145,2,124,128,21,17,2019,12
Cairns-Brisbane,Cairns,Brisbane,All Airlines,Dec-19,417,407,10,317,325,90,82,2019,12
Cairns-Melbourne,Cairns,Melbourne,All Airlines,Dec-19,210,203,7,152,145,51,58,2019,12
Cairns-Sydney,Cairns,Sydney,All Airlines,Dec-19,295,283,12,207,201,76,82,2019,12
Cairns-Townsville,Cairns,Townsville,All Airlines,Dec-19,147,146,1,134,134,12,12,2019,12
Canberra-Adelaide,Canberra,Adelaide,All Airlines,Dec-19,68,68,0,56,54,12,14,2019,12
Canberra-Brisbane,Canberra,Brisbane,All Airlines,Dec-19,279,277,2,229,234,48,43,2019,12
Canberra-Melbourne,Canberra,Melbourne,All Airlines,Dec-19,429,425,4,349,332,76,93,2019,12
Canberra-Sydney,Canberra,Sydney,All Airlines,Dec-19,604,585,19,448,416,137,169,2019,12
Coffs Harbour-Sydney,Coffs Harbour,Sydney,All Airlines,Dec-19,193,191,2,138,124,53,67,2019,12
Darwin-Alice Springs,Darwin,Alice Springs,All Airlines,Dec-19,53,51,2,45,39,6,12,2019,12
Darwin-Brisbane,Darwin,Brisbane,All Airlines,Dec-19,110,106,4,65,74,41,32,2019,12
Darwin-Melbourne,Darwin,Melbourne,All Airlines,Dec-19,85,84,1,62,61,22,23,2019,12
Darwin-Perth,Darwin,Perth,All Airlines,Dec-19,63,62,1,49,50,13,12,2019,12
Darwin-Sydney,Darwin,Sydney,All Airlines,Dec-19,86,84,2,56,50,28,34,2019,12
Dubbo-Sydney,Dubbo,Sydney,All Airlines,Dec-19,208,203,5,146,131,57,72,2019,12
Emerald-Brisbane,Emerald,Brisbane,All Airlines,Dec-19,161,161,0,130,134,31,27,2019,12
Gladstone-Brisbane,Gladstone,Brisbane,All Airlines,Dec-19,200,199,1,158,165,41,34,2019,12
Gold Coast-Adelaide,Gold Coast,Adelaide,All Airlines,Dec-19,64,63,1,32,43,31,20,2019,12
Gold Coast-Melbourne,Gold Coast,Melbourne,All Airlines,Dec-19,571,560,11,334,382,226,178,2019,12
Gold Coast-Sydney,Gold Coast,Sydney,All Airlines,Dec-19,814,773,41,448,450,325,323,2019,12
Hamilton Island-Brisbane,Hamilton Island,Brisbane,All Airlines,Dec-19,62,62,0,50,48,12,14,2019,12
Hamilton Island-Sydney,Hamilton Island,Sydney,All Airlines,Dec-19,88,87,1,62,64,25,23,2019,12
Hobart-Brisbane,Hobart,Brisbane,All Airlines,Dec-19,85,82,3,60,60,22,22,2019,12
Hobart-Melbourne,Hobart,Melbourne,All Airlines,Dec-19,552,541,11,366,350,175,191,2019,12
Hobart-Sydney,Hobart,Sydney,All Airlines,Dec-19,292,279,13,194,163,85,116,2019,12
Kalgoorlie-Perth,Kalgoorlie,Perth,All Airlines,Dec-19,142,137,5,123,125,14,12,2019,12
Karratha-Perth,Karratha,Perth,All Airlines,Dec-19,243,238,5,187,186,51,52,2019,12
Launceston-Melbourne,Launceston,Melbourne,All Airlines,Dec-19,403,395,8,289,286,106,109,2019,12
Launceston-Sydney,Launceston,Sydney,All Airlines,Dec-19,109,108,1,61,67,47,41,2019,12
Mackay-Brisbane,Mackay,Brisbane,All Airlines,Dec-19,301,298,3,222,223,76,75,2019,12
Melbourne-Adelaide,Melbourne,Adelaide,All Airlines,Dec-19,724,705,19,527,524,178,181,2019,12
Melbourne-Brisbane,Melbourne,Brisbane,All Airlines,Dec-19,1073,1046,27,762,768,284,278,2019,12
Melbourne-Cairns,Melbourne,Cairns,All Airlines,Dec-19,209,202,7,160,160,42,42,2019,12
Melbourne-Canberra,Melbourne,Canberra,All Airlines,Dec-19,431,426,5,335,344,91,82,2019,12
Melbourne-Darwin,Melbourne,Darwin,All Airlines,Dec-19,85,84,1,65,69,19,15,2019,12
Melbourne-Gold Coast,Melbourne,Gold Coast,All Airlines,Dec-19,570,560,10,418,398,142,162,2019,12
Melbourne-Hobart,Melbourne,Hobart,All Airlines,Dec-19,552,545,7,395,380,150,165,2019,12
Melbourne-Launceston,Melbourne,Launceston,All Airlines,Dec-19,403,396,7,297,304,99,92,2019,12
Melbourne-Mildura,Melbourne,Mildura,All Airlines,Dec-19,186,185,1,160,161,25,24,2019,12
Melbourne-Newcastle,Melbourne,Newcastle,All Airlines,Dec-19,135,132,3,77,78,55,54,2019,12
Melbourne-Perth,Melbourne,Perth,All Airlines,Dec-19,479,474,5,320,372,154,102,2019,12
Melbourne-Sunshine Coast,Melbourne,Sunshine Coast,All Airlines,Dec-19,170,169,1,139,144,30,25,2019,12
Melbourne-Sydney,Melbourne,Sydney,All Airlines,Dec-19,2338,2183,155,1552,1397,631,786,2019,12
Mildura-Melbourne,Mildura,Melbourne,All Airlines,Dec-19,187,186,1,150,141,36,45,2019,12
Mount Isa-Brisbane,Mount Isa,Brisbane,All Airlines,Dec-19,62,61,1,54,48,7,13,2019,12
Newcastle-Brisbane,Newcastle,Brisbane,All Airlines,Dec-19,245,239,6,191,193,48,46,2019,12
Newcastle-Melbourne,Newcastle,Melbourne,All Airlines,Dec-19,134,132,2,83,76,49,56,2019,12
Newman-Perth,Newman,Perth,All Airlines,Dec-19,170,165,5,139,144,26,21,2019,12
Perth-Adelaide,Perth,Adelaide,All Airlines,Dec-19,209,208,1,170,145,38,63,2019,12
Perth-Brisbane,Perth,Brisbane,All Airlines,Dec-19,266,266,0,199,179,67,87,2019,12
Perth-Broome,Perth,Broome,All Airlines,Dec-19,146,145,1,120,124,25,21,2019,12
Perth-Darwin,Perth,Darwin,All Airlines,Dec-19,62,62,0,60,58,2,4,2019,12
Perth-Kalgoorlie,Perth,Kalgoorlie,All Airlines,Dec-19,141,139,2,127,125,12,14,2019,12
Perth-Karratha,Perth,Karratha,All Airlines,Dec-19,243,238,5,209,210,29,28,2019,12
Perth-Melbourne,Perth,Melbourne,All Airlines,Dec-19,474,466,8,374,360,92,106,2019,12
Perth-Newman,Perth,Newman,All Airlines,Dec-19,170,165,5,149,149,16,16,2019,12
Perth-Port Hedland,Perth,Port Hedland,All Airlines,Dec-19,192,186,6,163,163,23,23,2019,12
Perth-Sydney,Perth,Sydney,All Airlines,Dec-19,396,391,5,311,273,80,118,2019,12
Port Hedland-Perth,Port Hedland,Perth,All Airlines,Dec-19,193,186,7,148,148,38,38,2019,12
Port Lincoln-Adelaide,Port Lincoln,Adelaide,All Airlines,Dec-19,299,297,2,264,258,33,39,2019,12
Port Macquarie-Sydney,Port Macquarie,Sydney,All Airlines,Dec-19,167,163,4,110,101,53,62,2019,12
Proserpine-Brisbane,Proserpine,Brisbane,All Airlines,Dec-19,84,83,1,61,67,22,16,2019,12
Proserpine-Sydney,Proserpine,Sydney,All Airlines,Dec-19,31,31,0,20,19,11,12,2019,12
Rockhampton-Brisbane,Rockhampton,Brisbane,All Airlines,Dec-19,305,303,2,237,241,66,62,2019,12
Sunshine Coast-Melbourne,Sunshine Coast,Melbourne,All Airlines,Dec-19,169,168,1,115,115,53,53,2019,12
Sunshine Coast-Sydney,Sunshine Coast,Sydney,All Airlines,Dec-19,229,219,10,126,115,93,104,2019,12
Sydney-Adelaide,Sydney,Adelaide,All Airlines,Dec-19,554,542,12,361,383,181,159,2019,12
Sydney-Albury,Sydney,Albury,All Airlines,Dec-19,229,228,1,156,156,72,72,2019,12
Sydney-Armidale,Sydney,Armidale,All Airlines,Dec-19,167,160,7,101,101,59,59,2019,12
Sydney-Ayers Rock,Sydney,Ayers Rock,All Airlines,Dec-19,58,58,0,42,55,16,3,2019,12
Sydney-Ballina,Sydney,Ballina,All Airlines,Dec-19,151,147,4,100,99,47,48,2019,12
Sydney-Brisbane,Sydney,Brisbane,All Airlines,Dec-19,1418,1354,64,896,923,458,431,2019,12
Sydney-Cairns,Sydney,Cairns,All Airlines,Dec-19,295,283,12,182,203,101,80,2019,12
Sydney-Canberra,Sydney,Canberra,All Airlines,Dec-19,604,586,18,432,423,154,163,2019,12
Sydney-Coffs Harbour,Sydney,Coffs Harbour,All Airlines,Dec-19,194,190,4,126,142,64,48,2019,12
Sydney-Darwin,Sydney,Darwin,All Airlines,Dec-19,86,84,2,59,61,25,23,2019,12
Sydney-Dubbo,Sydney,Dubbo,All Airlines,Dec-19,214,209,5,145,142,64,67,2019,12
Sydney-Gold Coast,Sydney,Gold Coast,All Airlines,Dec-19,816,780,36,497,480,283,300,2019,12
Sydney-Hamilton Island,Sydney,Hamilton Island,All Airlines,Dec-19,88,88,0,65,71,23,17,2019,12
Sydney-Hobart,Sydney,Hobart,All Airlines,Dec-19,293,285,8,195,190,90,95,2019,12
Sydney-Launceston,Sydney,Launceston,All Airlines,Dec-19,109,107,2,52,55,55,52,2019,12
Sydney-Melbourne,Sydney,Melbourne,All Airlines,Dec-19,2339,2178,161,1436,1336,742,842,2019,12
Sydney-Perth,Sydney,Perth,All Airlines,Dec-19,397,393,4,214,296,179,97,2019,12
Sydney-Port Macquarie,Sydney,Port Macquarie,All Airlines,Dec-19,166,161,5,111,113,50,48,2019,12
Sydney-Proserpine,Sydney,Proserpine,All Airlines,Dec-19,31,31,0,21,24,10,7,2019,12
Sydney-Sunshine Coast,Sydney,Sunshine Coast,All Airlines,Dec-19,230,220,10,137,144,83,76,2019,12
Sydney-Tamworth,Sydney,Tamworth,All Airlines,Dec-19,175,173,2,109,114,64,59,2019,12
Sydney-Townsville,Sydney,Townsville,All Airlines,Dec-19,55,55,0,33,36,22,19,2019,12
Sydney-Wagga Wagga,Sydney,Wagga Wagga,All Airlines,Dec-19,200,198,2,165,156,33,42,2019,12
Tamworth-Sydney,Tamworth,Sydney,All Airlines,Dec-19,172,170,2,128,116,42,54,2019,12
Townsville-Brisbane,Townsville,Brisbane,All Airlines,Dec-19,351,346,5,269,278,77,68,2019,12
Townsville-Cairns,Townsville,Cairns,All Airlines,Dec-19,144,142,2,119,125,23,17,2019,12
Townsville-Sydney,Townsville,Sydney,All Airlines,Dec-19,55,55,0,28,34,27,21,2019,12
Wagga Wagga-Sydney,Wagga Wagga,Sydney,All Airlines,Dec-19,195,194,1,157,136,37,58,2019,12
Adelaide-Alice Springs,Adelaide,Alice Springs,All Airlines,Jan-20,47,47,0,40,41,7,6,2020,1
Adelaide-Brisbane,Adelaide,Brisbane,All Airlines,Jan-20,278,272,6,231,235,41,37,2020,1
Adelaide-Canberra,Adelaide,Canberra,All Airlines,Jan-20,62,60,2,53,54,7,6,2020,1
Adelaide-Gold Coast,Adelaide,Gold Coast,All Airlines,Jan-20,65,64,1,48,45,16,19,2020,1
Adelaide-Melbourne,Adelaide,Melbourne,All Airlines,Jan-20,711,673,38,471,465,202,208,2020,1
Adelaide-Perth,Adelaide,Perth,All Airlines,Jan-20,201,199,2,152,156,47,43,2020,1
Adelaide-Port Lincoln,Adelaide,Port Lincoln,All Airlines,Jan-20,279,279,0,261,260,18,19,2020,1
Adelaide-Sydney,Adelaide,Sydney,All Airlines,Jan-20,540,529,11,422,414,107,115,2020,1
Albury-Sydney,Albury,Sydney,All Airlines,Jan-20,178,151,27,108,100,43,51,2020,1
Alice Springs-Adelaide,Alice Springs,Adelaide,All Airlines,Jan-20,48,48,0,38,40,10,8,2020,1
Alice Springs-Darwin,Alice Springs,Darwin,All Airlines,Jan-20,45,44,1,42,42,2,2,2020,1
Armidale-Sydney,Armidale,Sydney,All Airlines,Jan-20,143,141,2,96,94,45,47,2020,1
Ayers Rock-Sydney,Ayers Rock,Sydney,All Airlines,Jan-20,58,57,1,41,40,16,17,2020,1
Ballina-Sydney,Ballina,Sydney,All Airlines,Jan-20,155,155,0,94,105,61,50,2020,1
Brisbane-Adelaide,Brisbane,Adelaide,All Airlines,Jan-20,278,272,6,205,234,67,38,2020,1
Brisbane-Bundaberg,Brisbane,Bundaberg,All Airlines,Jan-20,136,136,0,126,129,10,7,2020,1
Brisbane-Cairns,Brisbane,Cairns,All Airlines,Jan-20,433,431,2,340,369,91,62,2020,1
Brisbane-Canberra,Brisbane,Canberra,All Airlines,Jan-20,275,263,12,208,213,55,50,2020,1
Brisbane-Darwin,Brisbane,Darwin,All Airlines,Jan-20,106,106,0,81,83,25,23,2020,1
Brisbane-Emerald,Brisbane,Emerald,All Airlines,Jan-20,162,161,1,147,147,14,14,2020,1
Brisbane-Gladstone,Brisbane,Gladstone,All Airlines,Jan-20,201,201,0,178,177,23,24,2020,1
Brisbane-Hamilton Island,Brisbane,Hamilton Island,All Airlines,Jan-20,63,62,1,49,52,13,10,2020,1
Brisbane-Hobart,Brisbane,Hobart,All Airlines,Jan-20,85,85,0,75,78,10,7,2020,1
Brisbane-Mackay,Brisbane,Mackay,All Airlines,Jan-20,302,297,5,238,237,59,60,2020,1
Brisbane-Melbourne,Brisbane,Melbourne,All Airlines,Jan-20,1060,1018,42,707,684,311,334,2020,1
Brisbane-Mount Isa,Brisbane,Mount Isa,All Airlines,Jan-20,69,69,0,56,61,13,8,2020,1
Brisbane-Newcastle,Brisbane,Newcastle,All Airlines,Jan-20,245,239,6,189,186,50,53,2020,1
Brisbane-Perth,Brisbane,Perth,All Airlines,Jan-20,257,256,1,160,189,96,67,2020,1
Brisbane-Proserpine,Brisbane,Proserpine,All Airlines,Jan-20,88,87,1,69,74,18,13,2020,1
Brisbane-Rockhampton,Brisbane,Rockhampton,All Airlines,Jan-20,307,307,0,247,250,60,57,2020,1
Brisbane-Sydney,Brisbane,Sydney,All Airlines,Jan-20,1290,1260,30,952,908,308,352,2020,1
Brisbane-Townsville,Brisbane,Townsville,All Airlines,Jan-20,339,335,4,258,270,77,65,2020,1
Broome-Perth,Broome,Perth,All Airlines,Jan-20,146,138,8,109,112,29,26,2020,1
Bundaberg-Brisbane,Bundaberg,Brisbane,All Airlines,Jan-20,135,135,0,125,129,10,6,2020,1
Cairns-Brisbane,Cairns,Brisbane,All Airlines,Jan-20,433,430,3,358,356,72,74,2020,1
Cairns-Melbourne,Cairns,Melbourne,All Airlines,Jan-20,182,182,0,124,121,58,61,2020,1
Cairns-Sydney,Cairns,Sydney,All Airlines,Jan-20,293,292,1,230,223,62,69,2020,1
Cairns-Townsville,Cairns,Townsville,All Airlines,Jan-20,149,148,1,133,133,15,15,2020,1
Canberra-Adelaide,Canberra,Adelaide,All Airlines,Jan-20,62,59,3,49,49,10,10,2020,1
Canberra-Brisbane,Canberra,Brisbane,All Airlines,Jan-20,276,262,14,215,213,47,49,2020,1
Canberra-Melbourne,Canberra,Melbourne,All Airlines,Jan-20,372,348,24,249,237,99,111,2020,1
Canberra-Sydney,Canberra,Sydney,All Airlines,Jan-20,478,446,32,330,314,116,132,2020,1
Coffs Harbour-Sydney,Coffs Harbour,Sydney,All Airlines,Jan-20,187,186,1,135,132,51,54,2020,1
Darwin-Alice Springs,Darwin,Alice Springs,All Airlines,Jan-20,45,44,1,40,36,4,8,2020,1
Darwin-Brisbane,Darwin,Brisbane,All Airlines,Jan-20,106,106,0,89,82,17,24,2020,1
Darwin-Melbourne,Darwin,Melbourne,All Airlines,Jan-20,83,83,0,68,61,15,22,2020,1
Darwin-Perth,Darwin,Perth,All Airlines,Jan-20,62,62,0,56,58,6,4,2020,1
Darwin-Sydney,Darwin,Sydney,All Airlines,Jan-20,83,81,2,68,58,13,23,2020,1
Dubbo-Sydney,Dubbo,Sydney,All Airlines,Jan-20,181,178,3,130,127,48,51,2020,1
Emerald-Brisbane,Emerald,Brisbane,All Airlines,Jan-20,163,162,1,147,146,15,16,2020,1
Gladstone-Brisbane,Gladstone,Brisbane,All Airlines,Jan-20,200,200,0,173,170,27,30,2020,1
Gold Coast-Adelaide,Gold Coast,Adelaide,All Airlines,Jan-20,65,64,1,34,47,30,17,2020,1
Gold Coast-Melbourne,Gold Coast,Melbourne,All Airlines,Jan-20,535,526,9,245,298,281,228,2020,1
Gold Coast-Sydney,Gold Coast,Sydney,All Airlines,Jan-20,855,839,16,483,544,356,295,2020,1
Hamilton Island-Brisbane,Hamilton Island,Brisbane,All Airlines,Jan-20,62,61,1,45,45,16,16,2020,1
Hamilton Island-Sydney,Hamilton Island,Sydney,All Airlines,Jan-20,93,92,1,65,69,27,23,2020,1
Hobart-Brisbane,Hobart,Brisbane,All Airlines,Jan-20,84,84,0,67,65,17,19,2020,1
Hobart-Melbourne,Hobart,Melbourne,All Airlines,Jan-20,541,537,4,350,301,187,236,2020,1
Hobart-Sydney,Hobart,Sydney,All Airlines,Jan-20,271,268,3,191,175,77,93,2020,1
Kalgoorlie-Perth,Kalgoorlie,Perth,All Airlines,Jan-20,155,154,1,136,135,18,19,2020,1
Karratha-Perth,Karratha,Perth,All Airlines,Jan-20,257,253,4,228,226,25,27,2020,1
Launceston-Melbourne,Launceston,Melbourne,All Airlines,Jan-20,404,396,8,260,250,136,146,2020,1
Launceston-Sydney,Launceston,Sydney,All Airlines,Jan-20,94,93,1,67,62,26,31,2020,1
Mackay-Brisbane,Mackay,Brisbane,All Airlines,Jan-20,297,291,6,241,234,50,57,2020,1
Melbourne-Adelaide,Melbourne,Adelaide,All Airlines,Jan-20,710,676,34,501,457,175,219,2020,1
Melbourne-Brisbane,Melbourne,Brisbane,All Airlines,Jan-20,1058,1013,45,747,679,266,334,2020,1
Melbourne-Cairns,Melbourne,Cairns,All Airlines,Jan-20,184,184,0,136,134,48,50,2020,1
Melbourne-Canberra,Melbourne,Canberra,All Airlines,Jan-20,371,346,25,241,230,105,116,2020,1
Melbourne-Darwin,Melbourne,Darwin,All Airlines,Jan-20,83,83,0,57,63,26,20,2020,1
Melbourne-Gold Coast,Melbourne,Gold Coast,All Airlines,Jan-20,533,527,6,374,323,153,204,2020,1
Melbourne-Hobart,Melbourne,Hobart,All Airlines,Jan-20,538,537,1,403,387,134,150,2020,1
Melbourne-Launceston,Melbourne,Launceston,All Airlines,Jan-20,405,394,11,279,275,115,119,2020,1
Melbourne-Mildura,Melbourne,Mildura,All Airlines,Jan-20,158,149,9,98,86,51,63,2020,1
Melbourne-Newcastle,Melbourne,Newcastle,All Airlines,Jan-20,130,128,2,76,68,52,60,2020,1
Melbourne-Perth,Melbourne,Perth,All Airlines,Jan-20,481,471,10,325,327,146,144,2020,1
Melbourne-Sunshine Coast,Melbourne,Sunshine Coast,All Airlines,Jan-20,140,140,0,116,103,24,37,2020,1
Melbourne-Sydney,Melbourne,Sydney,All Airlines,Jan-20,2337,2185,152,1638,1402,547,783,2020,1
Mildura-Melbourne,Mildura,Melbourne,All Airlines,Jan-20,158,149,9,86,81,63,68,2020,1
Mount Isa-Brisbane,Mount Isa,Brisbane,All Airlines,Jan-20,67,67,0,54,52,13,15,2020,1
Newcastle-Brisbane,Newcastle,Brisbane,All Airlines,Jan-20,244,236,8,192,187,44,49,2020,1
Newcastle-Melbourne,Newcastle,Melbourne,All Airlines,Jan-20,129,127,2,77,78,50,49,2020,1
Newman-Perth,Newman,Perth,All Airlines,Jan-20,186,169,17,142,146,27,23,2020,1
Perth-Adelaide,Perth,Adelaide,All Airlines,Jan-20,202,201,1,164,161,37,40,2020,1
Perth-Brisbane,Perth,Brisbane,All Airlines,Jan-20,258,257,1,212,210,45,47,2020,1
Perth-Broome,Perth,Broome,All Airlines,Jan-20,145,138,7,112,112,26,26,2020,1
Perth-Darwin,Perth,Darwin,All Airlines,Jan-20,62,62,0,59,59,3,3,2020,1
Perth-Kalgoorlie,Perth,Kalgoorlie,All Airlines,Jan-20,155,155,0,141,139,14,16,2020,1
Perth-Karratha,Perth,Karratha,All Airlines,Jan-20,259,255,4,232,232,23,23,2020,1
Perth-Melbourne,Perth,Melbourne,All Airlines,Jan-20,483,473,10,348,375,125,98,2020,1
Perth-Newman,Perth,Newman,All Airlines,Jan-20,182,169,13,151,149,18,20,2020,1
Perth-Port Hedland,Perth,Port Hedland,All Airlines,Jan-20,194,190,4,176,172,14,18,2020,1
Perth-Sydney,Perth,Sydney,All Airlines,Jan-20,380,377,3,289,295,88,82,2020,1
Port Hedland-Perth,Port Hedland,Perth,All Airlines,Jan-20,190,184,6,162,166,22,18,2020,1
Port Lincoln-Adelaide,Port Lincoln,Adelaide,All Airlines,Jan-20,279,279,0,251,247,28,32,2020,1
Port Macquarie-Sydney,Port Macquarie,Sydney,All Airlines,Jan-20,149,148,1,94,96,54,52,2020,1
Proserpine-Brisbane,Proserpine,Brisbane,All Airlines,Jan-20,88,87,1,72,73,15,14,2020,1
Proserpine-Sydney,Proserpine,Sydney,All Airlines,Jan-20,32,32,0,18,17,14,15,2020,1
Rockhampton-Brisbane,Rockhampton,Brisbane,All Airlines,Jan-20,310,308,2,256,253,52,55,2020,1
Sunshine Coast-Melbourne,Sunshine Coast,Melbourne,All Airlines,Jan-20,141,141,0,77,85,64,56,2020,1
Sunshine Coast-Sydney,Sunshine Coast,Sydney,All Airlines,Jan-20,185,184,1,113,110,71,74,2020,1
Sydney-Adelaide,Sydney,Adelaide,All Airlines,Jan-20,541,531,10,395,414,136,117,2020,1
Sydney-Albury,Sydney,Albury,All Airlines,Jan-20,179,153,26,102,103,51,50,2020,1
Sydney-Armidale,Sydney,Armidale,All Airlines,Jan-20,145,144,1,111,111,33,33,2020,1
Sydney-Ayers Rock,Sydney,Ayers Rock,All Airlines,Jan-20,57,56,1,46,47,10,9,2020,1
Sydney-Ballina,Sydney,Ballina,All Airlines,Jan-20,155,155,0,117,117,38,38,2020,1
Sydney-Brisbane,Sydney,Brisbane,All Airlines,Jan-20,1286,1265,21,892,910,373,355,2020,1
Sydney-Cairns,Sydney,Cairns,All Airlines,Jan-20,293,292,1,215,235,77,57,2020,1
Sydney-Canberra,Sydney,Canberra,All Airlines,Jan-20,480,445,35,319,315,126,130,2020,1
Sydney-Coffs Harbour,Sydney,Coffs Harbour,All Airlines,Jan-20,188,187,1,135,141,52,46,2020,1
Sydney-Darwin,Sydney,Darwin,All Airlines,Jan-20,83,81,2,56,70,25,11,2020,1
Sydney-Dubbo,Sydney,Dubbo,All Airlines,Jan-20,178,176,2,129,129,47,47,2020,1
Sydney-Gold Coast,Sydney,Gold Coast,All Airlines,Jan-20,851,840,11,596,584,244,256,2020,1
Sydney-Hamilton Island,Sydney,Hamilton Island,All Airlines,Jan-20,92,92,0,76,77,16,15,2020,1
Sydney-Hobart,Sydney,Hobart,All Airlines,Jan-20,272,269,3,185,203,84,66,2020,1
Sydney-Launceston,Sydney,Launceston,All Airlines,Jan-20,94,94,0,65,75,29,19,2020,1
Sydney-Melbourne,Sydney,Melbourne,All Airlines,Jan-20,2338,2191,147,1512,1431,679,760,2020,1
Sydney-Perth,Sydney,Perth,All Airlines,Jan-20,379,378,1,233,284,145,94,2020,1
Sydney-Port Macquarie,Sydney,Port Macquarie,All Airlines,Jan-20,150,150,0,96,98,54,52,2020,1
Sydney-Proserpine,Sydney,Proserpine,All Airlines,Jan-20,32,32,0,16,21,16,11,2020,1
Sydney-Sunshine Coast,Sydney,Sunshine Coast,All Airlines,Jan-20,187,186,1,134,138,52,48,2020,1
Sydney-Tamworth,Sydney,Tamworth,All Airlines,Jan-20,176,176,0,116,109,60,67,2020,1
Sydney-Townsville,Sydney,Townsville,All Airlines,Jan-20,52,52,0,40,40,12,12,2020,1
Sydney-Wagga Wagga,Sydney,Wagga Wagga,All Airlines,Jan-20,148,143,5,101,97,42,46,2020,1
Tamworth-Sydney,Tamworth,Sydney,All Airlines,Jan-20,173,172,1,111,107,61,65,2020,1
Townsville-Brisbane,Townsville,Brisbane,All Airlines,Jan-20,338,334,4,288,288,46,46,2020,1
Townsville-Cairns,Townsville,Cairns,All Airlines,Jan-20,151,148,3,131,132,17,16,2020,1
Townsville-Sydney,Townsville,Sydney,All Airlines,Jan-20,52,52,0,33,36,19,16,2020,1
Wagga Wagga-Sydney,Wagga Wagga,Sydney,All Airlines,Jan-20,150,143,7,103,92,40,51,2020,1
Adelaide-Alice Springs,Adelaide,Alice Springs,All Airlines,Feb-20,49,49,0,38,40,11,9,2020,2
Adelaide-Brisbane,Adelaide,Brisbane,All Airlines,Feb-20,248,248,0,213,204,35,44,2020,2
Adelaide-Canberra,Adelaide,Canberra,All Airlines,Feb-20,71,69,2,63,60,6,9,2020,2
Adelaide-Gold Coast,Adelaide,Gold Coast,All Airlines,Feb-20,55,55,0,41,38,14,17,2020,2
Adelaide-Melbourne,Adelaide,Melbourne,All Airlines,Feb-20,706,683,23,544,534,139,149,2020,2
Adelaide-Perth,Adelaide,Perth,All Airlines,Feb-20,198,196,2,169,167,27,29,2020,2
Adelaide-Port Lincoln,Adelaide,Port Lincoln,All Airlines,Feb-20,280,278,2,254,253,24,25,2020,2
Adelaide-Sydney,Adelaide,Sydney,All Airlines,Feb-20,512,495,17,396,364,99,131,2020,2
Albury-Sydney,Albury,Sydney,All Airlines,Feb-20,232,229,3,173,156,56,73,2020,2
Alice Springs-Adelaide,Alice Springs,Adelaide,All Airlines,Feb-20,49,49,0,38,38,11,11,2020,2
Armidale-Sydney,Armidale,Sydney,All Airlines,Feb-20,179,167,12,105,100,62,67,2020,2
Ayers Rock-Sydney,Ayers Rock,Sydney,All Airlines,Feb-20,53,52,1,34,38,18,14,2020,2
Ballina-Sydney,Ballina,Sydney,All Airlines,Feb-20,129,123,6,71,82,52,41,2020,2
Brisbane-Adelaide,Brisbane,Adelaide,All Airlines,Feb-20,247,247,0,195,200,52,47,2020,2
Brisbane-Bundaberg,Brisbane,Bundaberg,All Airlines,Feb-20,137,136,1,114,101,22,35,2020,2
Brisbane-Cairns,Brisbane,Cairns,All Airlines,Feb-20,364,361,3,285,288,76,73,2020,2
Brisbane-Canberra,Brisbane,Canberra,All Airlines,Feb-20,248,247,1,192,202,55,45,2020,2
Brisbane-Darwin,Brisbane,Darwin,All Airlines,Feb-20,75,75,0,61,59,14,16,2020,2
Brisbane-Emerald,Brisbane,Emerald,All Airlines,Feb-20,164,162,2,144,142,18,20,2020,2
Brisbane-Gladstone,Brisbane,Gladstone,All Airlines,Feb-20,200,200,0,168,154,32,46,2020,2
Brisbane-Hamilton Island,Brisbane,Hamilton Island,All Airlines,Feb-20,58,58,0,44,45,14,13,2020,2
Brisbane-Hobart,Brisbane,Hobart,All Airlines,Feb-20,66,65,1,57,62,8,3,2020,2
Brisbane-Mackay,Brisbane,Mackay,All Airlines,Feb-20,292,292,0,237,211,55,81,2020,2
Brisbane-Melbourne,Brisbane,Melbourne,All Airlines,Feb-20,923,890,33,656,655,234,235,2020,2
Brisbane-Mount Isa,Brisbane,Mount Isa,All Airlines,Feb-20,69,69,0,60,64,9,5,2020,2
Brisbane-Newcastle,Brisbane,Newcastle,All Airlines,Feb-20,231,226,5,174,164,52,62,2020,2
Brisbane-Perth,Brisbane,Perth,All Airlines,Feb-20,242,242,0,158,148,84,94,2020,2
Brisbane-Proserpine,Brisbane,Proserpine,All Airlines,Feb-20,62,62,0,52,51,10,11,2020,2
Brisbane-Rockhampton,Brisbane,Rockhampton,All Airlines,Feb-20,294,293,1,237,221,56,72,2020,2
Brisbane-Sydney,Brisbane,Sydney,All Airlines,Feb-20,1305,1221,84,965,873,256,348,2020,2
Brisbane-Townsville,Brisbane,Townsville,All Airlines,Feb-20,318,317,1,243,231,74,86,2020,2
Broome-Perth,Broome,Perth,All Airlines,Feb-20,134,133,1,103,105,30,28,2020,2
Bundaberg-Brisbane,Bundaberg,Brisbane,All Airlines,Feb-20,136,136,0,100,99,36,37,2020,2
Cairns-Brisbane,Cairns,Brisbane,All Airlines,Feb-20,365,362,3,299,293,63,69,2020,2
Cairns-Melbourne,Cairns,Melbourne,All Airlines,Feb-20,153,151,2,123,115,28,36,2020,2
Cairns-Sydney,Cairns,Sydney,All Airlines,Feb-20,236,227,9,191,185,36,42,2020,2
Cairns-Townsville,Cairns,Townsville,All Airlines,Feb-20,138,137,1,122,123,15,14,2020,2
Canberra-Adelaide,Canberra,Adelaide,All Airlines,Feb-20,70,69,1,60,61,9,8,2020,2
Canberra-Brisbane,Canberra,Brisbane,All Airlines,Feb-20,249,247,2,206,192,41,55,2020,2
Canberra-Melbourne,Canberra,Melbourne,All Airlines,Feb-20,462,452,10,384,371,68,81,2020,2
Canberra-Sydney,Canberra,Sydney,All Airlines,Feb-20,678,641,37,502,475,139,166,2020,2
Coffs Harbour-Sydney,Coffs Harbour,Sydney,All Airlines,Feb-20,176,174,2,120,113,54,61,2020,2
Darwin-Brisbane,Darwin,Brisbane,All Airlines,Feb-20,75,75,0,61,54,14,21,2020,2
Darwin-Melbourne,Darwin,Melbourne,All Airlines,Feb-20,70,70,0,59,60,11,10,2020,2
Darwin-Perth,Darwin,Perth,All Airlines,Feb-20,58,58,0,46,47,12,11,2020,2
Darwin-Sydney,Darwin,Sydney,All Airlines,Feb-20,59,58,1,41,35,17,23,2020,2
Dubbo-Sydney,Dubbo,Sydney,All Airlines,Feb-20,234,228,6,161,150,67,78,2020,2
Emerald-Brisbane,Emerald,Brisbane,All Airlines,Feb-20,162,160,2,136,136,24,24,2020,2
Gladstone-Brisbane,Gladstone,Brisbane,All Airlines,Feb-20,200,200,0,149,144,51,56,2020,2
Gold Coast-Adelaide,Gold Coast,Adelaide,All Airlines,Feb-20,55,55,0,42,46,13,9,2020,2
Gold Coast-Melbourne,Gold Coast,Melbourne,All Airlines,Feb-20,402,401,1,251,291,150,110,2020,2
Gold Coast-Sydney,Gold Coast,Sydney,All Airlines,Feb-20,679,658,21,407,434,251,224,2020,2
Hamilton Island-Brisbane,Hamilton Island,Brisbane,All Airlines,Feb-20,58,56,2,44,44,12,12,2020,2
Hamilton Island-Sydney,Hamilton Island,Sydney,All Airlines,Feb-20,68,67,1,53,54,14,13,2020,2
Hobart-Brisbane,Hobart,Brisbane,All Airlines,Feb-20,67,66,1,61,55,5,11,2020,2
Hobart-Melbourne,Hobart,Melbourne,All Airlines,Feb-20,472,464,8,339,304,125,160,2020,2
Hobart-Sydney,Hobart,Sydney,All Airlines,Feb-20,239,235,4,184,142,51,93,2020,2
Kalgoorlie-Perth,Kalgoorlie,Perth,All Airlines,Feb-20,154,151,3,124,124,27,27,2020,2
Karratha-Perth,Karratha,Perth,All Airlines,Feb-20,240,219,21,174,172,45,47,2020,2
Launceston-Melbourne,Launceston,Melbourne,All Airlines,Feb-20,344,338,6,260,246,78,92,2020,2
Launceston-Sydney,Launceston,Sydney,All Airlines,Feb-20,82,81,1,60,58,21,23,2020,2
Mackay-Brisbane,Mackay,Brisbane,All Airlines,Feb-20,289,289,0,217,224,72,65,2020,2
Melbourne-Adelaide,Melbourne,Adelaide,All Airlines,Feb-20,706,686,20,545,525,141,161,2020,2
Melbourne-Brisbane,Melbourne,Brisbane,All Airlines,Feb-20,920,889,31,732,651,157,238,2020,2
Melbourne-Cairns,Melbourne,Cairns,All Airlines,Feb-20,154,153,1,134,140,19,13,2020,2
Melbourne-Canberra,Melbourne,Canberra,All Airlines,Feb-20,461,449,12,381,368,68,81,2020,2
Melbourne-Darwin,Melbourne,Darwin,All Airlines,Feb-20,69,69,0,61,60,8,9,2020,2
Melbourne-Gold Coast,Melbourne,Gold Coast,All Airlines,Feb-20,401,400,1,324,267,76,133,2020,2
Melbourne-Hobart,Melbourne,Hobart,All Airlines,Feb-20,472,467,5,363,358,104,109,2020,2
Melbourne-Launceston,Melbourne,Launceston,All Airlines,Feb-20,342,337,5,262,263,75,74,2020,2
Melbourne-Mildura,Melbourne,Mildura,All Airlines,Feb-20,188,185,3,159,154,26,31,2020,2
Melbourne-Newcastle,Melbourne,Newcastle,All Airlines,Feb-20,114,114,0,84,74,30,40,2020,2
Melbourne-Perth,Melbourne,Perth,All Airlines,Feb-20,413,406,7,308,312,98,94,2020,2
Melbourne-Sunshine Coast,Melbourne,Sunshine Coast,All Airlines,Feb-20,118,118,0,99,94,19,24,2020,2
Melbourne-Sydney,Melbourne,Sydney,All Airlines,Feb-20,2335,2111,224,1677,1433,434,678,2020,2
Mildura-Melbourne,Mildura,Melbourne,All Airlines,Feb-20,188,184,4,145,131,39,53,2020,2
Mount Isa-Brisbane,Mount Isa,Brisbane,All Airlines,Feb-20,65,65,0,58,55,7,10,2020,2
Newcastle-Brisbane,Newcastle,Brisbane,All Airlines,Feb-20,233,227,6,179,169,48,58,2020,2
Newcastle-Melbourne,Newcastle,Melbourne,All Airlines,Feb-20,114,114,0,84,84,30,30,2020,2
Newman-Perth,Newman,Perth,All Airlines,Feb-20,168,163,5,129,127,34,36,2020,2
Perth-Adelaide,Perth,Adelaide,All Airlines,Feb-20,199,197,2,158,156,39,41,2020,2
Perth-Brisbane,Perth,Brisbane,All Airlines,Feb-20,241,241,0,185,202,56,39,2020,2
Perth-Broome,Perth,Broome,All Airlines,Feb-20,135,135,0,112,104,23,31,2020,2
Perth-Darwin,Perth,Darwin,All Airlines,Feb-20,58,58,0,53,51,5,7,2020,2
Perth-Kalgoorlie,Perth,Kalgoorlie,All Airlines,Feb-20,154,152,2,128,121,24,31,2020,2
Perth-Karratha,Perth,Karratha,All Airlines,Feb-20,239,219,20,186,178,33,41,2020,2
Perth-Melbourne,Perth,Melbourne,All Airlines,Feb-20,415,408,7,341,341,67,67,2020,2
Perth-Newman,Perth,Newman,All Airlines,Feb-20,170,165,5,140,135,25,30,2020,2
Perth-Port Hedland,Perth,Port Hedland,All Airlines,Feb-20,190,177,13,156,150,21,27,2020,2
Perth-Sydney,Perth,Sydney,All Airlines,Feb-20,355,351,4,286,272,65,79,2020,2
Port Hedland-Perth,Port Hedland,Perth,All Airlines,Feb-20,190,174,16,142,136,32,38,2020,2
Port Lincoln-Adelaide,Port Lincoln,Adelaide,All Airlines,Feb-20,279,277,2,251,243,26,34,2020,2
Port Macquarie-Sydney,Port Macquarie,Sydney,All Airlines,Feb-20,152,147,5,103,104,44,43,2020,2
Proserpine-Brisbane,Proserpine,Brisbane,All Airlines,Feb-20,62,61,1,43,43,18,18,2020,2
Proserpine-Sydney,Proserpine,Sydney,All Airlines,Feb-20,14,14,0,7,9,7,5,2020,2
Rockhampton-Brisbane,Rockhampton,Brisbane,All Airlines,Feb-20,300,299,1,240,235,59,64,2020,2
Sunshine Coast-Melbourne,Sunshine Coast,Melbourne,All Airlines,Feb-20,118,118,0,81,83,37,35,2020,2
Sunshine Coast-Sydney,Sunshine Coast,Sydney,All Airlines,Feb-20,167,166,1,100,99,66,67,2020,2
Sydney-Adelaide,Sydney,Adelaide,All Airlines,Feb-20,514,496,18,358,374,138,122,2020,2
Sydney-Albury,Sydney,Albury,All Airlines,Feb-20,233,230,3,167,172,63,58,2020,2
Sydney-Armidale,Sydney,Armidale,All Airlines,Feb-20,172,165,7,125,119,40,46,2020,2
Sydney-Ayers Rock,Sydney,Ayers Rock,All Airlines,Feb-20,54,53,1,34,46,19,7,2020,2
Sydney-Ballina,Sydney,Ballina,All Airlines,Feb-20,128,126,2,96,90,30,36,2020,2
Sydney-Brisbane,Sydney,Brisbane,All Airlines,Feb-20,1300,1219,81,909,833,310,386,2020,2
Sydney-Cairns,Sydney,Cairns,All Airlines,Feb-20,235,225,10,174,179,51,46,2020,2
Sydney-Canberra,Sydney,Canberra,All Airlines,Feb-20,679,650,29,496,497,154,153,2020,2
Sydney-Coffs Harbour,Sydney,Coffs Harbour,All Airlines,Feb-20,176,174,2,124,116,50,58,2020,2
Sydney-Darwin,Sydney,Darwin,All Airlines,Feb-20,59,58,1,39,47,19,11,2020,2
Sydney-Dubbo,Sydney,Dubbo,All Airlines,Feb-20,236,230,6,171,168,59,62,2020,2
Sydney-Gold Coast,Sydney,Gold Coast,All Airlines,Feb-20,676,657,19,452,430,205,227,2020,2
Sydney-Hamilton Island,Sydney,Hamilton Island,All Airlines,Feb-20,67,67,0,56,56,11,11,2020,2
Sydney-Hobart,Sydney,Hobart,All Airlines,Feb-20,237,235,2,175,189,60,46,2020,2
Sydney-Launceston,Sydney,Launceston,All Airlines,Feb-20,81,81,0,61,66,20,15,2020,2
Sydney-Melbourne,Sydney,Melbourne,All Airlines,Feb-20,2328,2105,223,1532,1495,573,610,2020,2
Sydney-Perth,Sydney,Perth,All Airlines,Feb-20,355,351,4,236,271,115,80,2020,2
Sydney-Port Macquarie,Sydney,Port Macquarie,All Airlines,Feb-20,153,149,4,99,96,50,53,2020,2
Sydney-Proserpine,Sydney,Proserpine,All Airlines,Feb-20,14,14,0,9,11,5,3,2020,2
Sydney-Sunshine Coast,Sydney,Sunshine Coast,All Airlines,Feb-20,166,165,1,102,108,63,57,2020,2
Sydney-Tamworth,Sydney,Tamworth,All Airlines,Feb-20,183,177,6,125,118,52,59,2020,2
Sydney-Townsville,Sydney,Townsville,All Airlines,Feb-20,33,32,1,21,21,11,11,2020,2
Sydney-Wagga Wagga,Sydney,Wagga Wagga,All Airlines,Feb-20,215,213,2,165,171,48,42,2020,2
Tamworth-Sydney,Tamworth,Sydney,All Airlines,Feb-20,179,172,7,118,120,54,52,2020,2
Townsville-Brisbane,Townsville,Brisbane,All Airlines,Feb-20,318,317,1,247,248,70,69,2020,2
Townsville-Cairns,Townsville,Cairns,All Airlines,Feb-20,139,138,1,120,121,18,17,2020,2
Townsville-Sydney,Townsville,Sydney,All Airlines,Feb-20,33,32,1,20,24,12,8,2020,2
Wagga Wagga-Sydney,Wagga Wagga,Sydney,All Airlines,Feb-20,216,213,3,168,149,45,64,2020,2
Adelaide-Alice Springs,Adelaide,Alice Springs,All Airlines,Mar-20,52,49,3,40,38,9,11,2020,3
Adelaide-Brisbane,Adelaide,Brisbane,All Airlines,Mar-20,229,190,39,172,177,18,13,2020,3
Adelaide-Canberra,Adelaide,Canberra,All Airlines,Mar-20,68,61,7,57,57,4,4,2020,3
Adelaide-Gold Coast,Adelaide,Gold Coast,All Airlines,Mar-20,53,45,8,36,36,9,9,2020,3
Adelaide-Melbourne,Adelaide,Melbourne,All Airlines,Mar-20,656,515,141,423,436,92,79,2020,3
Adelaide-Perth,Adelaide,Perth,All Airlines,Mar-20,199,171,28,146,137,25,34,2020,3
Adelaide-Port Lincoln,Adelaide,Port Lincoln,All Airlines,Mar-20,298,249,49,235,238,14,11,2020,3
Adelaide-Sydney,Adelaide,Sydney,All Airlines,Mar-20,494,412,82,358,353,54,59,2020,3
Albury-Sydney,Albury,Sydney,All Airlines,Mar-20,244,217,27,188,183,29,34,2020,3
Alice Springs-Adelaide,Alice Springs,Adelaide,All Airlines,Mar-20,52,49,3,38,39,11,10,2020,3
Armidale-Sydney,Armidale,Sydney,All Airlines,Mar-20,181,149,32,119,113,30,36,2020,3
Ayers Rock-Sydney,Ayers Rock,Sydney,All Airlines,Mar-20,59,46,13,34,39,12,7,2020,3
Ballina-Sydney,Ballina,Sydney,All Airlines,Mar-20,134,108,26,89,92,19,16,2020,3
Brisbane-Adelaide,Brisbane,Adelaide,All Airlines,Mar-20,233,190,43,168,171,22,19,2020,3
Brisbane-Bundaberg,Brisbane,Bundaberg,All Airlines,Mar-20,137,126,11,112,111,14,15,2020,3
Brisbane-Cairns,Brisbane,Cairns,All Airlines,Mar-20,340,284,56,240,232,44,52,2020,3
Brisbane-Canberra,Brisbane,Canberra,All Airlines,Mar-20,230,188,42,154,160,34,28,2020,3
Brisbane-Darwin,Brisbane,Darwin,All Airlines,Mar-20,73,66,7,55,55,11,11,2020,3
Brisbane-Emerald,Brisbane,Emerald,All Airlines,Mar-20,174,155,19,146,144,9,11,2020,3
Brisbane-Gladstone,Brisbane,Gladstone,All Airlines,Mar-20,212,185,27,169,167,16,18,2020,3
Brisbane-Hamilton Island,Brisbane,Hamilton Island,All Airlines,Mar-20,60,48,12,38,37,10,11,2020,3
Brisbane-Hobart,Brisbane,Hobart,All Airlines,Mar-20,65,54,11,50,49,4,5,2020,3
Brisbane-Mackay,Brisbane,Mackay,All Airlines,Mar-20,312,265,47,236,233,29,32,2020,3
Brisbane-Melbourne,Brisbane,Melbourne,All Airlines,Mar-20,869,688,181,581,549,107,139,2020,3
Brisbane-Mount Isa,Brisbane,Mount Isa,All Airlines,Mar-20,68,60,8,48,47,12,13,2020,3
Brisbane-Newcastle,Brisbane,Newcastle,All Airlines,Mar-20,240,188,52,161,159,27,29,2020,3
Brisbane-Perth,Brisbane,Perth,All Airlines,Mar-20,251,232,19,185,184,47,48,2020,3
Brisbane-Proserpine,Brisbane,Proserpine,All Airlines,Mar-20,68,59,9,56,56,3,3,2020,3
Brisbane-Rockhampton,Brisbane,Rockhampton,All Airlines,Mar-20,322,259,63,221,216,38,43,2020,3
Brisbane-Sydney,Brisbane,Sydney,All Airlines,Mar-20,1226,941,285,843,822,98,119,2020,3
Brisbane-Townsville,Brisbane,Townsville,All Airlines,Mar-20,344,281,63,239,242,42,39,2020,3
Broome-Perth,Broome,Perth,All Airlines,Mar-20,145,139,6,113,115,26,24,2020,3
Bundaberg-Brisbane,Bundaberg,Brisbane,All Airlines,Mar-20,137,127,10,107,112,20,15,2020,3
Cairns-Brisbane,Cairns,Brisbane,All Airlines,Mar-20,339,285,54,246,247,39,38,2020,3
Cairns-Melbourne,Cairns,Melbourne,All Airlines,Mar-20,121,101,20,83,83,18,18,2020,3
Cairns-Sydney,Cairns,Sydney,All Airlines,Mar-20,196,163,33,141,148,22,15,2020,3
Cairns-Townsville,Cairns,Townsville,All Airlines,Mar-20,141,137,4,128,129,9,8,2020,3
Canberra-Adelaide,Canberra,Adelaide,All Airlines,Mar-20,68,62,6,58,57,4,5,2020,3
Canberra-Brisbane,Canberra,Brisbane,All Airlines,Mar-20,228,190,38,172,170,18,20,2020,3
Canberra-Melbourne,Canberra,Melbourne,All Airlines,Mar-20,438,348,90,316,304,32,44,2020,3
Canberra-Sydney,Canberra,Sydney,All Airlines,Mar-20,691,532,159,467,457,65,75,2020,3
Coffs Harbour-Sydney,Coffs Harbour,Sydney,All Airlines,Mar-20,166,151,15,133,126,18,25,2020,3
Darwin-Brisbane,Darwin,Brisbane,All Airlines,Mar-20,73,65,8,55,56,10,9,2020,3
Darwin-Melbourne,Darwin,Melbourne,All Airlines,Mar-20,73,63,10,45,52,18,11,2020,3
Darwin-Perth,Darwin,Perth,All Airlines,Mar-20,59,54,5,47,47,7,7,2020,3
Darwin-Sydney,Darwin,Sydney,All Airlines,Mar-20,77,69,8,55,54,14,15,2020,3
Dubbo-Sydney,Dubbo,Sydney,All Airlines,Mar-20,241,205,36,184,172,21,33,2020,3
Emerald-Brisbane,Emerald,Brisbane,All Airlines,Mar-20,173,154,19,141,138,13,16,2020,3
Gladstone-Brisbane,Gladstone,Brisbane,All Airlines,Mar-20,213,187,26,168,165,19,22,2020,3
Gold Coast-Adelaide,Gold Coast,Adelaide,All Airlines,Mar-20,54,46,8,36,40,10,6,2020,3
Gold Coast-Melbourne,Gold Coast,Melbourne,All Airlines,Mar-20,365,282,83,210,227,72,55,2020,3
Gold Coast-Sydney,Gold Coast,Sydney,All Airlines,Mar-20,625,471,154,363,382,108,89,2020,3
Hamilton Island-Brisbane,Hamilton Island,Brisbane,All Airlines,Mar-20,62,49,13,37,38,12,11,2020,3
Hamilton Island-Sydney,Hamilton Island,Sydney,All Airlines,Mar-20,74,63,11,48,53,15,10,2020,3
Hobart-Brisbane,Hobart,Brisbane,All Airlines,Mar-20,65,54,11,47,47,7,7,2020,3
Hobart-Melbourne,Hobart,Melbourne,All Airlines,Mar-20,435,344,91,264,259,80,85,2020,3
Hobart-Sydney,Hobart,Sydney,All Airlines,Mar-20,234,178,56,156,132,22,46,2020,3
Kalgoorlie-Perth,Kalgoorlie,Perth,All Airlines,Mar-20,165,152,13,135,137,17,15,2020,3
Karratha-Perth,Karratha,Perth,All Airlines,Mar-20,258,242,16,232,225,10,17,2020,3
Launceston-Melbourne,Launceston,Melbourne,All Airlines,Mar-20,333,271,62,213,205,58,66,2020,3
Launceston-Sydney,Launceston,Sydney,All Airlines,Mar-20,86,63,23,45,50,18,13,2020,3
Mackay-Brisbane,Mackay,Brisbane,All Airlines,Mar-20,304,259,45,221,225,38,34,2020,3
Melbourne-Adelaide,Melbourne,Adelaide,All Airlines,Mar-20,657,515,142,426,397,89,118,2020,3
Melbourne-Brisbane,Melbourne,Brisbane,All Airlines,Mar-20,869,683,186,598,573,85,110,2020,3
Melbourne-Cairns,Melbourne,Cairns,All Airlines,Mar-20,115,101,14,93,90,8,11,2020,3
Melbourne-Canberra,Melbourne,Canberra,All Airlines,Mar-20,441,348,93,314,308,34,40,2020,3
Melbourne-Darwin,Melbourne,Darwin,All Airlines,Mar-20,73,63,10,51,51,12,12,2020,3
Melbourne-Gold Coast,Melbourne,Gold Coast,All Airlines,Mar-20,366,282,84,231,228,51,54,2020,3
Melbourne-Hobart,Melbourne,Hobart,All Airlines,Mar-20,434,342,92,284,272,58,70,2020,3
Melbourne-Launceston,Melbourne,Launceston,All Airlines,Mar-20,331,270,61,216,207,54,63,2020,3
Melbourne-Mildura,Melbourne,Mildura,All Airlines,Mar-20,190,170,20,143,135,27,35,2020,3
Melbourne-Newcastle,Melbourne,Newcastle,All Airlines,Mar-20,124,92,32,78,76,14,16,2020,3
Melbourne-Perth,Melbourne,Perth,All Airlines,Mar-20,397,352,45,290,268,62,84,2020,3
Melbourne-Sunshine Coast,Melbourne,Sunshine Coast,All Airlines,Mar-20,133,106,27,93,90,13,16,2020,3
Melbourne-Sydney,Melbourne,Sydney,All Airlines,Mar-20,2135,1508,627,1308,1187,200,321,2020,3
Mildura-Melbourne,Mildura,Melbourne,All Airlines,Mar-20,188,169,19,136,127,33,42,2020,3
Mount Isa-Brisbane,Mount Isa,Brisbane,All Airlines,Mar-20,61,54,7,39,39,15,15,2020,3
Newcastle-Brisbane,Newcastle,Brisbane,All Airlines,Mar-20,240,187,53,159,158,28,29,2020,3
Newcastle-Melbourne,Newcastle,Melbourne,All Airlines,Mar-20,124,91,33,74,74,17,17,2020,3
Newman-Perth,Newman,Perth,All Airlines,Mar-20,190,187,3,164,170,23,17,2020,3
Perth-Adelaide,Perth,Adelaide,All Airlines,Mar-20,199,170,29,152,152,18,18,2020,3
Perth-Brisbane,Perth,Brisbane,All Airlines,Mar-20,252,232,20,188,202,44,30,2020,3
Perth-Broome,Perth,Broome,All Airlines,Mar-20,143,138,5,120,121,18,17,2020,3
Perth-Darwin,Perth,Darwin,All Airlines,Mar-20,59,54,5,49,49,5,5,2020,3
Perth-Kalgoorlie,Perth,Kalgoorlie,All Airlines,Mar-20,164,152,12,139,135,13,17,2020,3
Perth-Karratha,Perth,Karratha,All Airlines,Mar-20,261,245,16,229,229,16,16,2020,3
Perth-Melbourne,Perth,Melbourne,All Airlines,Mar-20,395,351,44,313,309,38,42,2020,3
Perth-Newman,Perth,Newman,All Airlines,Mar-20,190,187,3,172,168,15,19,2020,3
Perth-Port Hedland,Perth,Port Hedland,All Airlines,Mar-20,207,196,11,180,175,16,21,2020,3
Perth-Sydney,Perth,Sydney,All Airlines,Mar-20,346,309,37,258,264,51,45,2020,3
Port Hedland-Perth,Port Hedland,Perth,All Airlines,Mar-20,206,194,12,173,170,21,24,2020,3
Port Lincoln-Adelaide,Port Lincoln,Adelaide,All Airlines,Mar-20,296,248,48,237,236,11,12,2020,3
Port Macquarie-Sydney,Port Macquarie,Sydney,All Airlines,Mar-20,157,139,18,122,117,17,22,2020,3
Proserpine-Brisbane,Proserpine,Brisbane,All Airlines,Mar-20,68,59,9,50,50,9,9,2020,3
Rockhampton-Brisbane,Rockhampton,Brisbane,All Airlines,Mar-20,324,262,62,229,232,33,30,2020,3
Sunshine Coast-Melbourne,Sunshine Coast,Melbourne,All Airlines,Mar-20,134,106,28,74,77,32,29,2020,3
Sunshine Coast-Sydney,Sunshine Coast,Sydney,All Airlines,Mar-20,175,149,26,104,103,45,46,2020,3
Sydney-Adelaide,Sydney,Adelaide,All Airlines,Mar-20,495,408,87,341,346,67,62,2020,3
Sydney-Albury,Sydney,Albury,All Airlines,Mar-20,244,217,27,191,192,26,25,2020,3
Sydney-Armidale,Sydney,Armidale,All Airlines,Mar-20,180,148,32,116,113,32,35,2020,3
Sydney-Ayers Rock,Sydney,Ayers Rock,All Airlines,Mar-20,57,45,12,40,39,5,6,2020,3
Sydney-Ballina,Sydney,Ballina,All Airlines,Mar-20,132,107,25,95,93,12,14,2020,3
Sydney-Brisbane,Sydney,Brisbane,All Airlines,Mar-20,1226,956,270,799,791,157,165,2020,3
Sydney-Cairns,Sydney,Cairns,All Airlines,Mar-20,198,163,35,132,140,31,23,2020,3
Sydney-Canberra,Sydney,Canberra,All Airlines,Mar-20,695,537,158,445,460,92,77,2020,3
Sydney-Coffs Harbour,Sydney,Coffs Harbour,All Airlines,Mar-20,166,152,14,130,132,22,20,2020,3
Sydney-Darwin,Sydney,Darwin,All Airlines,Mar-20,77,69,8,52,55,17,14,2020,3
Sydney-Dubbo,Sydney,Dubbo,All Airlines,Mar-20,234,202,32,174,170,28,32,2020,3
Sydney-Gold Coast,Sydney,Gold Coast,All Airlines,Mar-20,621,469,152,396,383,73,86,2020,3
Sydney-Hamilton Island,Sydney,Hamilton Island,All Airlines,Mar-20,72,59,13,51,49,8,10,2020,3
Sydney-Hobart,Sydney,Hobart,All Airlines,Mar-20,233,177,56,147,155,30,22,2020,3
Sydney-Launceston,Sydney,Launceston,All Airlines,Mar-20,85,63,22,57,59,6,4,2020,3
Sydney-Melbourne,Sydney,Melbourne,All Airlines,Mar-20,2136,1513,623,1255,1229,258,284,2020,3
Sydney-Perth,Sydney,Perth,All Airlines,Mar-20,349,312,37,231,243,81,69,2020,3
Sydney-Port Macquarie,Sydney,Port Macquarie,All Airlines,Mar-20,155,138,17,121,121,17,17,2020,3
Sydney-Sunshine Coast,Sydney,Sunshine Coast,All Airlines,Mar-20,173,147,26,109,109,38,38,2020,3
Sydney-Tamworth,Sydney,Tamworth,All Airlines,Mar-20,181,158,23,117,123,41,35,2020,3
Sydney-Townsville,Sydney,Townsville,All Airlines,Mar-20,33,29,4,25,23,4,6,2020,3
Sydney-Wagga Wagga,Sydney,Wagga Wagga,All Airlines,Mar-20,222,191,31,167,165,24,26,2020,3
Tamworth-Sydney,Tamworth,Sydney,All Airlines,Mar-20,181,155,26,128,127,27,28,2020,3
Townsville-Brisbane,Townsville,Brisbane,All Airlines,Mar-20,343,283,60,249,250,34,33,2020,3
Townsville-Cairns,Townsville,Cairns,All Airlines,Mar-20,140,134,6,118,124,16,10,2020,3
Townsville-Sydney,Townsville,Sydney,All Airlines,Mar-20,33,29,4,22,25,7,4,2020,3
Wagga Wagga-Sydney,Wagga Wagga,Sydney,All Airlines,Mar-20,223,193,30,167,156,26,37,2020,3
Adelaide-Brisbane,Adelaide,Brisbane,All Airlines,Apr-20,12,7,5,4,5,3,2,2020,4
Adelaide-Melbourne,Adelaide,Melbourne,All Airlines,Apr-20,73,53,20,46,47,7,6,2020,4
Adelaide-Port Lincoln,Adelaide,Port Lincoln,All Airlines,Apr-20,45,27,18,25,25,2,2,2020,4
Adelaide-Sydney,Adelaide,Sydney,All Airlines,Apr-20,50,36,14,27,31,9,5,2020,4
Albury-Sydney,Albury,Sydney,All Airlines,Apr-20,29,20,9,14,18,6,2,2020,4
Armidale-Sydney,Armidale,Sydney,All Airlines,Apr-20,12,7,5,6,6,1,1,2020,4
Brisbane-Adelaide,Brisbane,Adelaide,All Airlines,Apr-20,12,7,5,6,6,1,1,2020,4
Brisbane-Bundaberg,Brisbane,Bundaberg,All Airlines,Apr-20,33,30,3,29,29,1,1,2020,4
Brisbane-Cairns,Brisbane,Cairns,All Airlines,Apr-20,40,24,16,22,23,2,1,2020,4
Brisbane-Canberra,Brisbane,Canberra,All Airlines,Apr-20,21,18,3,18,18,0,0,2020,4
Brisbane-Emerald,Brisbane,Emerald,All Airlines,Apr-20,61,46,15,43,45,3,1,2020,4
Brisbane-Gladstone,Brisbane,Gladstone,All Airlines,Apr-20,80,49,31,48,48,1,1,2020,4
Brisbane-Mackay,Brisbane,Mackay,All Airlines,Apr-20,84,66,18,62,64,4,2,2020,4
Brisbane-Melbourne,Brisbane,Melbourne,All Airlines,Apr-20,96,63,33,59,61,4,2,2020,4
Brisbane-Mount Isa,Brisbane,Mount Isa,All Airlines,Apr-20,17,13,4,12,12,1,1,2020,4
Brisbane-Newcastle,Brisbane,Newcastle,All Airlines,Apr-20,12,9,3,8,8,1,1,2020,4
Brisbane-Perth,Brisbane,Perth,All Airlines,Apr-20,41,25,16,24,24,1,1,2020,4
Brisbane-Rockhampton,Brisbane,Rockhampton,All Airlines,Apr-20,76,49,27,47,47,2,2,2020,4
Brisbane-Sydney,Brisbane,Sydney,All Airlines,Apr-20,153,100,53,85,92,15,8,2020,4
Brisbane-Townsville,Brisbane,Townsville,All Airlines,Apr-20,35,26,9,22,26,4,0,2020,4
Broome-Perth,Broome,Perth,All Airlines,Apr-20,67,40,27,36,38,4,2,2020,4
Bundaberg-Brisbane,Bundaberg,Brisbane,All Airlines,Apr-20,23,20,3,18,18,2,2,2020,4
Cairns-Brisbane,Cairns,Brisbane,All Airlines,Apr-20,32,23,9,19,20,4,3,2020,4
Cairns-Sydney,Cairns,Sydney,All Airlines,Apr-20,12,9,3,8,8,1,1,2020,4
Cairns-Townsville,Cairns,Townsville,All Airlines,Apr-20,46,34,12,33,33,1,1,2020,4
Canberra-Brisbane,Canberra,Brisbane,All Airlines,Apr-20,22,18,4,18,18,0,0,2020,4
Canberra-Melbourne,Canberra,Melbourne,All Airlines,Apr-20,68,47,21,43,45,4,2,2020,4
Canberra-Sydney,Canberra,Sydney,All Airlines,Apr-20,58,45,13,41,42,4,3,2020,4
Dubbo-Sydney,Dubbo,Sydney,All Airlines,Apr-20,37,28,9,27,28,1,0,2020,4
Emerald-Brisbane,Emerald,Brisbane,All Airlines,Apr-20,64,47,17,45,45,2,2,2020,4
Gladstone-Brisbane,Gladstone,Brisbane,All Airlines,Apr-20,90,59,31,58,58,1,1,2020,4
Gold Coast-Sydney,Gold Coast,Sydney,All Airlines,Apr-20,34,22,12,20,21,2,1,2020,4
Kalgoorlie-Perth,Kalgoorlie,Perth,All Airlines,Apr-20,71,40,31,39,39,1,1,2020,4
Karratha-Perth,Karratha,Perth,All Airlines,Apr-20,101,47,54,45,44,2,3,2020,4
Mackay-Brisbane,Mackay,Brisbane,All Airlines,Apr-20,90,71,19,69,69,2,2,2020,4
Melbourne-Adelaide,Melbourne,Adelaide,All Airlines,Apr-20,73,54,19,44,45,10,9,2020,4
Melbourne-Brisbane,Melbourne,Brisbane,All Airlines,Apr-20,96,63,33,55,58,8,5,2020,4
Melbourne-Canberra,Melbourne,Canberra,All Airlines,Apr-20,67,47,20,42,41,5,6,2020,4
Melbourne-Mildura,Melbourne,Mildura,All Airlines,Apr-20,28,19,9,17,16,2,3,2020,4
Melbourne-Perth,Melbourne,Perth,All Airlines,Apr-20,73,55,18,45,48,10,7,2020,4
Melbourne-Sydney,Melbourne,Sydney,All Airlines,Apr-20,182,115,67,103,108,12,7,2020,4
Mildura-Melbourne,Mildura,Melbourne,All Airlines,Apr-20,28,20,8,18,18,2,2,2020,4
Mount Isa-Brisbane,Mount Isa,Brisbane,All Airlines,Apr-20,17,13,4,11,11,2,2,2020,4
Newcastle-Brisbane,Newcastle,Brisbane,All Airlines,Apr-20,12,9,3,8,8,1,1,2020,4
Newman-Perth,Newman,Perth,All Airlines,Apr-20,108,67,41,62,63,5,4,2020,4
Perth-Brisbane,Perth,Brisbane,All Airlines,Apr-20,40,24,16,22,23,2,1,2020,4
Perth-Broome,Perth,Broome,All Airlines,Apr-20,69,40,29,38,38,2,2,2020,4
Perth-Kalgoorlie,Perth,Kalgoorlie,All Airlines,Apr-20,70,40,30,38,38,2,2,2020,4
Perth-Karratha,Perth,Karratha,All Airlines,Apr-20,102,48,54,46,48,2,0,2020,4
Perth-Melbourne,Perth,Melbourne,All Airlines,Apr-20,75,57,18,49,49,8,8,2020,4
Perth-Newman,Perth,Newman,All Airlines,Apr-20,108,67,41,61,61,6,6,2020,4
Perth-Port Hedland,Perth,Port Hedland,All Airlines,Apr-20,94,49,45,47,47,2,2,2020,4
Perth-Sydney,Perth,Sydney,All Airlines,Apr-20,55,39,16,29,28,10,11,2020,4
Port Hedland-Perth,Port Hedland,Perth,All Airlines,Apr-20,94,48,46,46,46,2,2,2020,4
Port Lincoln-Adelaide,Port Lincoln,Adelaide,All Airlines,Apr-20,44,26,18,21,23,5,3,2020,4
Port Macquarie-Sydney,Port Macquarie,Sydney,All Airlines,Apr-20,11,4,7,4,4,0,0,2020,4
Rockhampton-Brisbane,Rockhampton,Brisbane,All Airlines,Apr-20,73,46,27,44,43,2,3,2020,4
Sydney-Adelaide,Sydney,Adelaide,All Airlines,Apr-20,50,36,14,31,33,5,3,2020,4
Sydney-Albury,Sydney,Albury,All Airlines,Apr-20,32,21,11,18,17,3,4,2020,4
Sydney-Armidale,Sydney,Armidale,All Airlines,Apr-20,13,8,5,8,8,0,0,2020,4
Sydney-Brisbane,Sydney,Brisbane,All Airlines,Apr-20,159,104,55,96,98,8,6,2020,4
Sydney-Cairns,Sydney,Cairns,All Airlines,Apr-20,11,9,2,8,8,1,1,2020,4
Sydney-Canberra,Sydney,Canberra,All Airlines,Apr-20,54,43,11,41,42,2,1,2020,4
Sydney-Dubbo,Sydney,Dubbo,All Airlines,Apr-20,40,26,14,24,24,2,2,2020,4
Sydney-Gold Coast,Sydney,Gold Coast,All Airlines,Apr-20,33,22,11,22,22,0,0,2020,4
Sydney-Melbourne,Sydney,Melbourne,All Airlines,Apr-20,187,115,72,109,112,6,3,2020,4
Sydney-Perth,Sydney,Perth,All Airlines,Apr-20,55,37,18,24,31,13,6,2020,4
Sydney-Port Macquarie,Sydney,Port Macquarie,All Airlines,Apr-20,10,4,6,4,4,0,0,2020,4
Sydney-Wagga Wagga,Sydney,Wagga Wagga,All Airlines,Apr-20,37,21,16,19,20,2,1,2020,4
Townsville-Brisbane,Townsville,Brisbane,All Airlines,Apr-20,42,27,15,26,27,1,0,2020,4
Townsville-Cairns,Townsville,Cairns,All Airlines,Apr-20,38,32,6,30,30,2,2,2020,4
Wagga Wagga-Sydney,Wagga Wagga,Sydney,All Airlines,Apr-20,38,23,15,21,19,2,4,2020,4
Adelaide-Melbourne,Adelaide,Melbourne,All Airlines,May-20,44,44,0,38,40,6,4,2020,5
Adelaide-Port Lincoln,Adelaide,Port Lincoln,All Airlines,May-20,19,19,0,19,19,0,0,2020,5
Albury-Sydney,Albury,Sydney,All Airlines,May-20,16,16,0,14,14,2,2,2020,5
Ballina-Sydney,Ballina,Sydney,All Airlines,May-20,16,16,0,14,15,2,1,2020,5
Brisbane-Cairns,Brisbane,Cairns,All Airlines,May-20,23,23,0,20,20,3,3,2020,5
Brisbane-Mackay,Brisbane,Mackay,All Airlines,May-20,37,37,0,36,36,1,1,2020,5
Brisbane-Melbourne,Brisbane,Melbourne,All Airlines,May-20,71,71,0,62,63,9,8,2020,5
Brisbane-Rockhampton,Brisbane,Rockhampton,All Airlines,May-20,26,26,0,25,25,1,1,2020,5
Brisbane-Sydney,Brisbane,Sydney,All Airlines,May-20,83,83,0,74,76,9,7,2020,5
Brisbane-Townsville,Brisbane,Townsville,All Airlines,May-20,22,22,0,22,21,0,1,2020,5
Broome-Perth,Broome,Perth,All Airlines,May-20,23,22,1,15,15,7,7,2020,5
Cairns-Brisbane,Cairns,Brisbane,All Airlines,May-20,23,23,0,17,20,6,3,2020,5
Cairns-Townsville,Cairns,Townsville,All Airlines,May-20,35,35,0,34,35,1,0,2020,5
Canberra-Melbourne,Canberra,Melbourne,All Airlines,May-20,35,35,0,33,34,2,1,2020,5
Dubbo-Sydney,Dubbo,Sydney,All Airlines,May-20,21,21,0,19,20,2,1,2020,5
Kalgoorlie-Perth,Kalgoorlie,Perth,All Airlines,May-20,17,17,0,15,15,2,2,2020,5
Karratha-Perth,Karratha,Perth,All Airlines,May-20,16,16,0,13,15,3,1,2020,5
Mackay-Brisbane,Mackay,Brisbane,All Airlines,May-20,37,37,0,36,37,1,0,2020,5
Melbourne-Adelaide,Melbourne,Adelaide,All Airlines,May-20,44,44,0,42,42,2,2,2020,5
Melbourne-Brisbane,Melbourne,Brisbane,All Airlines,May-20,71,71,0,65,65,6,6,2020,5
Melbourne-Canberra,Melbourne,Canberra,All Airlines,May-20,35,35,0,31,34,4,1,2020,5
Melbourne-Mildura,Melbourne,Mildura,All Airlines,May-20,17,17,0,15,16,2,1,2020,5
Melbourne-Perth,Melbourne,Perth,All Airlines,May-20,62,62,0,56,60,6,2,2020,5
Melbourne-Sydney,Melbourne,Sydney,All Airlines,May-20,85,85,0,76,75,9,10,2020,5
Mildura-Melbourne,Mildura,Melbourne,All Airlines,May-20,17,17,0,16,17,1,0,2020,5
Newman-Perth,Newman,Perth,All Airlines,May-20,21,21,0,20,20,1,1,2020,5
Perth-Broome,Perth,Broome,All Airlines,May-20,23,22,1,21,22,1,0,2020,5
Perth-Kalgoorlie,Perth,Kalgoorlie,All Airlines,May-20,17,17,0,15,15,2,2,2020,5
Perth-Karratha,Perth,Karratha,All Airlines,May-20,16,16,0,16,16,0,0,2020,5
Perth-Melbourne,Perth,Melbourne,All Airlines,May-20,62,62,0,51,51,11,11,2020,5
Perth-Newman,Perth,Newman,All Airlines,May-20,21,21,0,21,21,0,0,2020,5
Perth-Port Hedland,Perth,Port Hedland,All Airlines,May-20,20,20,0,19,19,1,1,2020,5
Port Hedland-Perth,Port Hedland,Perth,All Airlines,May-20,11,11,0,11,11,0,0,2020,5
Port Lincoln-Adelaide,Port Lincoln,Adelaide,All Airlines,May-20,19,19,0,18,18,1,1,2020,5
Rockhampton-Brisbane,Rockhampton,Brisbane,All Airlines,May-20,27,27,0,23,25,4,2,2020,5
Sydney-Albury,Sydney,Albury,All Airlines,May-20,17,17,0,15,15,2,2,2020,5
Sydney-Ballina,Sydney,Ballina,All Airlines,May-20,16,16,0,13,14,3,2,2020,5
Sydney-Brisbane,Sydney,Brisbane,All Airlines,May-20,84,84,0,78,80,6,4,2020,5
Sydney-Dubbo,Sydney,Dubbo,All Airlines,May-20,21,21,0,17,18,4,3,2020,5
Sydney-Melbourne,Sydney,Melbourne,All Airlines,May-20,84,84,0,79,81,5,3,2020,5
Sydney-Wagga Wagga,Sydney,Wagga Wagga,All Airlines,May-20,18,18,0,17,17,1,1,2020,5
Townsville-Brisbane,Townsville,Brisbane,All Airlines,May-20,22,22,0,20,21,2,1,2020,5
Townsville-Cairns,Townsville,Cairns,All Airlines,May-20,36,36,0,34,34,2,2,2020,5
Wagga Wagga-Sydney,Wagga Wagga,Sydney,All Airlines,May-20,19,19,0,15,17,4,2,2020,5
Adelaide-Melbourne,Adelaide,Melbourne,All Airlines,Jun-20,47,45,2,37,39,8,6,2020,6
Adelaide-Port Lincoln,Adelaide,Port Lincoln,All Airlines,Jun-20,41,41,0,34,30,7,11,2020,6
Albury-Sydney,Albury,Sydney,All Airlines,Jun-20,24,23,1,19,19,4,4,2020,6
Ballina-Sydney,Ballina,Sydney,All Airlines,Jun-20,32,31,1,28,29,3,2,2020,6
Brisbane-Bundaberg,Brisbane,Bundaberg,All Airlines,Jun-20,29,29,0,27,27,2,2,2020,6
Brisbane-Cairns,Brisbane,Cairns,All Airlines,Jun-20,65,65,0,51,59,14,6,2020,6
Brisbane-Canberra,Brisbane,Canberra,All Airlines,Jun-20,39,39,0,32,34,7,5,2020,6
Brisbane-Gladstone,Brisbane,Gladstone,All Airlines,Jun-20,17,16,1,13,15,3,1,2020,6
Brisbane-Mackay,Brisbane,Mackay,All Airlines,Jun-20,71,71,0,68,67,3,4,2020,6
Brisbane-Melbourne,Brisbane,Melbourne,All Airlines,Jun-20,124,119,5,93,101,26,18,2020,6
Brisbane-Rockhampton,Brisbane,Rockhampton,All Airlines,Jun-20,58,58,0,52,54,6,4,2020,6
Brisbane-Sydney,Brisbane,Sydney,All Airlines,Jun-20,144,139,5,108,125,31,14,2020,6
Brisbane-Townsville,Brisbane,Townsville,All Airlines,Jun-20,58,57,1,53,54,4,3,2020,6
Broome-Perth,Broome,Perth,All Airlines,Jun-20,35,35,0,20,27,15,8,2020,6
Bundaberg-Brisbane,Bundaberg,Brisbane,All Airlines,Jun-20,7,7,0,6,6,1,1,2020,6
Cairns-Brisbane,Cairns,Brisbane,All Airlines,Jun-20,65,64,1,51,52,13,12,2020,6
Cairns-Townsville,Cairns,Townsville,All Airlines,Jun-20,39,39,0,38,38,1,1,2020,6
Canberra-Brisbane,Canberra,Brisbane,All Airlines,Jun-20,39,39,0,33,34,6,5,2020,6
Canberra-Melbourne,Canberra,Melbourne,All Airlines,Jun-20,63,59,4,52,56,7,3,2020,6
Dubbo-Sydney,Dubbo,Sydney,All Airlines,Jun-20,29,29,0,23,26,6,3,2020,6
Gladstone-Brisbane,Gladstone,Brisbane,All Airlines,Jun-20,39,38,1,30,32,8,6,2020,6
Gold Coast-Sydney,Gold Coast,Sydney,All Airlines,Jun-20,22,22,0,18,21,4,1,2020,6
Kalgoorlie-Perth,Kalgoorlie,Perth,All Airlines,Jun-20,28,27,1,25,26,2,1,2020,6
Karratha-Perth,Karratha,Perth,All Airlines,Jun-20,34,34,0,22,24,12,10,2020,6
Mackay-Brisbane,Mackay,Brisbane,All Airlines,Jun-20,72,72,0,57,67,15,5,2020,6
Melbourne-Adelaide,Melbourne,Adelaide,All Airlines,Jun-20,48,46,2,43,45,3,1,2020,6
Melbourne-Brisbane,Melbourne,Brisbane,All Airlines,Jun-20,124,119,5,100,109,19,10,2020,6
Melbourne-Canberra,Melbourne,Canberra,All Airlines,Jun-20,62,58,4,53,56,5,2,2020,6
Melbourne-Mildura,Melbourne,Mildura,All Airlines,Jun-20,24,24,0,20,20,4,4,2020,6
Melbourne-Perth,Melbourne,Perth,All Airlines,Jun-20,61,61,0,54,56,7,5,2020,6
Melbourne-Sydney,Melbourne,Sydney,All Airlines,Jun-20,257,244,13,222,238,22,6,2020,6
Mildura-Melbourne,Mildura,Melbourne,All Airlines,Jun-20,24,24,0,19,19,5,5,2020,6
Newman-Perth,Newman,Perth,All Airlines,Jun-20,29,26,3,25,25,1,1,2020,6
Perth-Broome,Perth,Broome,All Airlines,Jun-20,35,35,0,29,33,6,2,2020,6
Perth-Kalgoorlie,Perth,Kalgoorlie,All Airlines,Jun-20,28,27,1,26,27,1,0,2020,6
Perth-Karratha,Perth,Karratha,All Airlines,Jun-20,34,34,0,32,32,2,2,2020,6
Perth-Melbourne,Perth,Melbourne,All Airlines,Jun-20,60,60,0,45,50,15,10,2020,6
Perth-Newman,Perth,Newman,All Airlines,Jun-20,29,26,3,25,25,1,1,2020,6
Perth-Port Hedland,Perth,Port Hedland,All Airlines,Jun-20,32,31,1,29,29,2,2,2020,6
Perth-Sydney,Perth,Sydney,All Airlines,Jun-20,50,47,3,40,45,7,2,2020,6
Port Hedland-Perth,Port Hedland,Perth,All Airlines,Jun-20,24,23,1,12,16,11,7,2020,6
Port Lincoln-Adelaide,Port Lincoln,Adelaide,All Airlines,Jun-20,41,41,0,27,28,14,13,2020,6
Rockhampton-Brisbane,Rockhampton,Brisbane,All Airlines,Jun-20,56,56,0,50,52,6,4,2020,6
Sydney-Albury,Sydney,Albury,All Airlines,Jun-20,23,22,1,19,19,3,3,2020,6
Sydney-Ballina,Sydney,Ballina,All Airlines,Jun-20,32,31,1,29,30,2,1,2020,6
Sydney-Brisbane,Sydney,Brisbane,All Airlines,Jun-20,144,139,5,128,131,11,8,2020,6
Sydney-Dubbo,Sydney,Dubbo,All Airlines,Jun-20,29,29,0,22,24,7,5,2020,6
Sydney-Gold Coast,Sydney,Gold Coast,All Airlines,Jun-20,22,22,0,20,20,2,2,2020,6
Sydney-Melbourne,Sydney,Melbourne,All Airlines,Jun-20,260,248,12,235,243,13,5,2020,6
Sydney-Perth,Sydney,Perth,All Airlines,Jun-20,50,47,3,39,39,8,8,2020,6
Sydney-Wagga Wagga,Sydney,Wagga Wagga,All Airlines,Jun-20,24,23,1,19,21,4,2,2020,6
Townsville-Brisbane,Townsville,Brisbane,All Airlines,Jun-20,58,57,1,45,51,12,6,2020,6
Townsville-Cairns,Townsville,Cairns,All Airlines,Jun-20,39,39,0,37,36,2,3,2020,6
Wagga Wagga-Sydney,Wagga Wagga,Sydney,All Airlines,Jun-20,24,23,1,21,21,2,2,2020,6
Adelaide-Alice Springs,Adelaide,Alice Springs,All Airlines,Jul-20,20,20,0,16,17,4,3,2020,7
Adelaide-Brisbane,Adelaide,Brisbane,All Airlines,Jul-20,61,61,0,38,46,23,15,2020,7
Adelaide-Melbourne,Adelaide,Melbourne,All Airlines,Jul-20,61,51,10,46,46,5,5,2020,7
Adelaide-Perth,Adelaide,Perth,All Airlines,Jul-20,26,26,0,25,23,1,3,2020,7
Adelaide-Port Lincoln,Adelaide,Port Lincoln,All Airlines,Jul-20,93,92,1,77,78,15,14,2020,7
Adelaide-Sydney,Adelaide,Sydney,All Airlines,Jul-20,47,40,7,31,35,9,5,2020,7
Albury-Sydney,Albury,Sydney,All Airlines,Jul-20,49,47,2,34,34,13,13,2020,7
Alice Springs-Adelaide,Alice Springs,Adelaide,All Airlines,Jul-20,19,19,0,15,16,4,3,2020,7
Armidale-Sydney,Armidale,Sydney,All Airlines,Jul-20,17,17,0,15,16,2,1,2020,7
Ballina-Sydney,Ballina,Sydney,All Airlines,Jul-20,81,81,0,74,75,7,6,2020,7
Brisbane-Adelaide,Brisbane,Adelaide,All Airlines,Jul-20,62,61,1,49,51,12,10,2020,7
Brisbane-Bundaberg,Brisbane,Bundaberg,All Airlines,Jul-20,36,36,0,33,34,3,2,2020,7
Brisbane-Cairns,Brisbane,Cairns,All Airlines,Jul-20,195,194,1,167,161,27,33,2020,7
Brisbane-Canberra,Brisbane,Canberra,All Airlines,Jul-20,62,61,1,52,54,9,7,2020,7
Brisbane-Darwin,Brisbane,Darwin,All Airlines,Jul-20,35,35,0,30,28,5,7,2020,7
Brisbane-Gladstone,Brisbane,Gladstone,All Airlines,Jul-20,56,54,2,51,50,3,4,2020,7
Brisbane-Mackay,Brisbane,Mackay,All Airlines,Jul-20,120,119,1,114,108,5,11,2020,7
Brisbane-Melbourne,Brisbane,Melbourne,All Airlines,Jul-20,75,49,26,36,44,13,5,2020,7
Brisbane-Mount Isa,Brisbane,Mount Isa,All Airlines,Jul-20,35,35,0,34,33,1,2,2020,7
Brisbane-Newcastle,Brisbane,Newcastle,All Airlines,Jul-20,54,53,1,44,47,9,6,2020,7
Brisbane-Perth,Brisbane,Perth,All Airlines,Jul-20,46,46,0,46,42,0,4,2020,7
Brisbane-Proserpine,Brisbane,Proserpine,All Airlines,Jul-20,44,44,0,40,38,4,6,2020,7
Brisbane-Rockhampton,Brisbane,Rockhampton,All Airlines,Jul-20,116,116,0,109,110,7,6,2020,7
Brisbane-Sydney,Brisbane,Sydney,All Airlines,Jul-20,375,359,16,316,342,43,17,2020,7
Brisbane-Townsville,Brisbane,Townsville,All Airlines,Jul-20,139,139,0,121,115,18,24,2020,7
Broome-Perth,Broome,Perth,All Airlines,Jul-20,101,100,1,64,77,36,23,2020,7
Bundaberg-Brisbane,Bundaberg,Brisbane,All Airlines,Jul-20,21,21,0,20,20,1,1,2020,7
Cairns-Brisbane,Cairns,Brisbane,All Airlines,Jul-20,195,193,2,125,143,68,50,2020,7
Cairns-Sydney,Cairns,Sydney,All Airlines,Jul-20,94,94,0,81,88,13,6,2020,7
Cairns-Townsville,Cairns,Townsville,All Airlines,Jul-20,54,54,0,50,50,4,4,2020,7
Canberra-Brisbane,Canberra,Brisbane,All Airlines,Jul-20,61,61,0,44,45,17,16,2020,7
Canberra-Melbourne,Canberra,Melbourne,All Airlines,Jul-20,54,45,9,42,44,3,1,2020,7
Coffs Harbour-Sydney,Coffs Harbour,Sydney,All Airlines,Jul-20,54,54,0,52,52,2,2,2020,7
Darwin-Brisbane,Darwin,Brisbane,All Airlines,Jul-20,35,35,0,24,28,11,7,2020,7
Darwin-Perth,Darwin,Perth,All Airlines,Jul-20,16,14,2,14,13,0,1,2020,7
Dubbo-Sydney,Dubbo,Sydney,All Airlines,Jul-20,64,63,1,52,54,11,9,2020,7
Gladstone-Brisbane,Gladstone,Brisbane,All Airlines,Jul-20,71,69,2,60,63,9,6,2020,7
Gold Coast-Sydney,Gold Coast,Sydney,All Airlines,Jul-20,122,122,0,100,109,22,13,2020,7
Hobart-Melbourne,Hobart,Melbourne,All Airlines,Jul-20,27,25,2,24,25,1,0,2020,7
Hobart-Sydney,Hobart,Sydney,All Airlines,Jul-20,10,10,0,7,7,3,3,2020,7
Kalgoorlie-Perth,Kalgoorlie,Perth,All Airlines,Jul-20,56,54,2,46,49,8,5,2020,7
Karratha-Perth,Karratha,Perth,All Airlines,Jul-20,97,94,3,65,78,29,16,2020,7
Launceston-Sydney,Launceston,Sydney,All Airlines,Jul-20,7,7,0,6,6,1,1,2020,7
Mackay-Brisbane,Mackay,Brisbane,All Airlines,Jul-20,125,124,1,113,115,11,9,2020,7
Melbourne-Adelaide,Melbourne,Adelaide,All Airlines,Jul-20,61,51,10,46,46,5,5,2020,7
Melbourne-Brisbane,Melbourne,Brisbane,All Airlines,Jul-20,75,49,26,44,45,5,4,2020,7
Melbourne-Canberra,Melbourne,Canberra,All Airlines,Jul-20,54,45,9,44,44,1,1,2020,7
Melbourne-Hobart,Melbourne,Hobart,All Airlines,Jul-20,28,26,2,25,26,1,0,2020,7
Melbourne-Mildura,Melbourne,Mildura,All Airlines,Jul-20,50,46,4,43,43,3,3,2020,7
Melbourne-Perth,Melbourne,Perth,All Airlines,Jul-20,49,49,0,41,40,8,9,2020,7
Melbourne-Sydney,Melbourne,Sydney,All Airlines,Jul-20,257,181,76,158,161,23,20,2020,7
Mildura-Melbourne,Mildura,Melbourne,All Airlines,Jul-20,50,46,4,43,43,3,3,2020,7
Mount Isa-Brisbane,Mount Isa,Brisbane,All Airlines,Jul-20,35,35,0,21,26,14,9,2020,7
Newcastle-Brisbane,Newcastle,Brisbane,All Airlines,Jul-20,53,52,1,46,46,6,6,2020,7
Newman-Perth,Newman,Perth,All Airlines,Jul-20,52,50,2,42,43,8,7,2020,7
Perth-Adelaide,Perth,Adelaide,All Airlines,Jul-20,26,26,0,23,24,3,2,2020,7
Perth-Brisbane,Perth,Brisbane,All Airlines,Jul-20,46,46,0,31,35,15,11,2020,7
Perth-Broome,Perth,Broome,All Airlines,Jul-20,101,100,1,84,89,16,11,2020,7
Perth-Darwin,Perth,Darwin,All Airlines,Jul-20,16,14,2,14,14,0,0,2020,7
Perth-Kalgoorlie,Perth,Kalgoorlie,All Airlines,Jul-20,56,54,2,49,48,5,6,2020,7
Perth-Karratha,Perth,Karratha,All Airlines,Jul-20,97,94,3,83,84,11,10,2020,7
Perth-Melbourne,Perth,Melbourne,All Airlines,Jul-20,50,50,0,37,40,13,10,2020,7
Perth-Newman,Perth,Newman,All Airlines,Jul-20,52,50,2,43,44,7,6,2020,7
Perth-Port Hedland,Perth,Port Hedland,All Airlines,Jul-20,61,61,0,56,57,5,4,2020,7
Perth-Sydney,Perth,Sydney,All Airlines,Jul-20,56,56,0,40,43,16,13,2020,7
Port Hedland-Perth,Port Hedland,Perth,All Airlines,Jul-20,61,61,0,46,50,15,11,2020,7
Port Lincoln-Adelaide,Port Lincoln,Adelaide,All Airlines,Jul-20,94,93,1,68,69,25,24,2020,7
Proserpine-Brisbane,Proserpine,Brisbane,All Airlines,Jul-20,44,44,0,34,39,10,5,2020,7
Rockhampton-Brisbane,Rockhampton,Brisbane,All Airlines,Jul-20,111,111,0,100,102,11,9,2020,7
Sunshine Coast-Sydney,Sunshine Coast,Sydney,All Airlines,Jul-20,33,33,0,21,23,12,10,2020,7
Sydney-Adelaide,Sydney,Adelaide,All Airlines,Jul-20,48,41,7,36,37,5,4,2020,7
Sydney-Albury,Sydney,Albury,All Airlines,Jul-20,52,50,2,34,37,16,13,2020,7
Sydney-Armidale,Sydney,Armidale,All Airlines,Jul-20,17,17,0,15,15,2,2,2020,7
Sydney-Ballina,Sydney,Ballina,All Airlines,Jul-20,81,81,0,73,73,8,8,2020,7
Sydney-Brisbane,Sydney,Brisbane,All Airlines,Jul-20,368,353,15,320,330,33,23,2020,7
Sydney-Cairns,Sydney,Cairns,All Airlines,Jul-20,95,94,1,73,80,21,14,2020,7
Sydney-Coffs Harbour,Sydney,Coffs Harbour,All Airlines,Jul-20,54,54,0,52,52,2,2,2020,7
Sydney-Dubbo,Sydney,Dubbo,All Airlines,Jul-20,63,62,1,46,49,16,13,2020,7
Sydney-Gold Coast,Sydney,Gold Coast,All Airlines,Jul-20,122,122,0,104,108,18,14,2020,7
Sydney-Hobart,Sydney,Hobart,All Airlines,Jul-20,10,10,0,9,9,1,1,2020,7
Sydney-Launceston,Sydney,Launceston,All Airlines,Jul-20,7,7,0,5,6,2,1,2020,7
Sydney-Melbourne,Sydney,Melbourne,All Airlines,Jul-20,259,181,78,146,161,35,20,2020,7
Sydney-Perth,Sydney,Perth,All Airlines,Jul-20,57,56,1,47,51,9,5,2020,7
Sydney-Sunshine Coast,Sydney,Sunshine Coast,All Airlines,Jul-20,34,33,1,27,27,6,6,2020,7
Sydney-Wagga Wagga,Sydney,Wagga Wagga,All Airlines,Jul-20,55,51,4,41,43,10,8,2020,7
Townsville-Brisbane,Townsville,Brisbane,All Airlines,Jul-20,138,138,0,105,109,33,29,2020,7
Townsville-Cairns,Townsville,Cairns,All Airlines,Jul-20,54,53,1,50,51,3,2,2020,7
Wagga Wagga-Sydney,Wagga Wagga,Sydney,All Airlines,Jul-20,57,54,3,43,44,11,10,2020,7
Adelaide-Alice Springs,Adelaide,Alice Springs,All Airlines,Aug-20,44,44,0,39,36,5,8,2020,8
Adelaide-Brisbane,Adelaide,Brisbane,All Airlines,Aug-20,131,127,4,100,119,27,8,2020,8
Adelaide-Gold Coast,Adelaide,Gold Coast,All Airlines,Aug-20,26,24,2,22,23,2,1,2020,8
Adelaide-Melbourne,Adelaide,Melbourne,All Airlines,Aug-20,36,36,0,33,35,3,1,2020,8
Adelaide-Perth,Adelaide,Perth,All Airlines,Aug-20,30,30,0,28,24,2,6,2020,8
Adelaide-Port Lincoln,Adelaide,Port Lincoln,All Airlines,Aug-20,104,104,0,86,83,18,21,2020,8
Adelaide-Sydney,Adelaide,Sydney,All Airlines,Aug-20,38,37,1,25,31,12,6,2020,8
Albury-Sydney,Albury,Sydney,All Airlines,Aug-20,30,30,0,24,27,6,3,2020,8
Alice Springs-Adelaide,Alice Springs,Adelaide,All Airlines,Aug-20,44,44,0,30,33,14,11,2020,8
Armidale-Sydney,Armidale,Sydney,All Airlines,Aug-20,21,21,0,21,21,0,0,2020,8
Ballina-Sydney,Ballina,Sydney,All Airlines,Aug-20,137,134,3,121,127,13,7,2020,8
Brisbane-Adelaide,Brisbane,Adelaide,All Airlines,Aug-20,130,126,4,117,105,9,21,2020,8
Brisbane-Bundaberg,Brisbane,Bundaberg,All Airlines,Aug-20,35,35,0,31,31,4,4,2020,8
Brisbane-Cairns,Brisbane,Cairns,All Airlines,Aug-20,285,283,2,259,252,24,31,2020,8
Brisbane-Canberra,Brisbane,Canberra,All Airlines,Aug-20,55,50,5,44,45,6,5,2020,8
Brisbane-Darwin,Brisbane,Darwin,All Airlines,Aug-20,55,49,6,45,39,4,10,2020,8
Brisbane-Gladstone,Brisbane,Gladstone,All Airlines,Aug-20,89,85,4,79,76,6,9,2020,8
Brisbane-Hamilton Island,Brisbane,Hamilton Island,All Airlines,Aug-20,63,62,1,58,57,4,5,2020,8
Brisbane-Hobart,Brisbane,Hobart,All Airlines,Aug-20,19,18,1,16,16,2,2,2020,8
Brisbane-Mackay,Brisbane,Mackay,All Airlines,Aug-20,169,162,7,150,144,12,18,2020,8
Brisbane-Melbourne,Brisbane,Melbourne,All Airlines,Aug-20,27,27,0,14,17,13,10,2020,8
Brisbane-Mount Isa,Brisbane,Mount Isa,All Airlines,Aug-20,57,57,0,56,49,1,8,2020,8
Brisbane-Newcastle,Brisbane,Newcastle,All Airlines,Aug-20,47,35,12,30,30,5,5,2020,8
Brisbane-Perth,Brisbane,Perth,All Airlines,Aug-20,48,47,1,41,29,6,18,2020,8
Brisbane-Proserpine,Brisbane,Proserpine,All Airlines,Aug-20,46,46,0,40,37,6,9,2020,8
Brisbane-Rockhampton,Brisbane,Rockhampton,All Airlines,Aug-20,150,149,1,138,138,11,11,2020,8
Brisbane-Sydney,Brisbane,Sydney,All Airlines,Aug-20,131,105,26,84,88,21,17,2020,8
Brisbane-Townsville,Brisbane,Townsville,All Airlines,Aug-20,175,175,0,163,159,12,16,2020,8
Broome-Perth,Broome,Perth,All Airlines,Aug-20,118,114,4,80,91,34,23,2020,8
Bundaberg-Brisbane,Bundaberg,Brisbane,All Airlines,Aug-20,22,22,0,21,20,1,2,2020,8
Cairns-Brisbane,Cairns,Brisbane,All Airlines,Aug-20,284,281,3,230,237,51,44,2020,8
Cairns-Sydney,Cairns,Sydney,All Airlines,Aug-20,10,5,5,3,5,2,0,2020,8
Cairns-Townsville,Cairns,Townsville,All Airlines,Aug-20,49,49,0,47,45,2,4,2020,8
Canberra-Brisbane,Canberra,Brisbane,All Airlines,Aug-20,55,50,5,41,39,9,11,2020,8
Canberra-Melbourne,Canberra,Melbourne,All Airlines,Aug-20,29,28,1,25,25,3,3,2020,8
Coffs Harbour-Sydney,Coffs Harbour,Sydney,All Airlines,Aug-20,48,46,2,44,45,2,1,2020,8
Darwin-Brisbane,Darwin,Brisbane,All Airlines,Aug-20,55,49,6,25,34,24,15,2020,8
Darwin-Perth,Darwin,Perth,All Airlines,Aug-20,20,20,0,20,19,0,1,2020,8
Dubbo-Sydney,Dubbo,Sydney,All Airlines,Aug-20,61,60,1,50,52,10,8,2020,8
Gladstone-Brisbane,Gladstone,Brisbane,All Airlines,Aug-20,102,98,4,87,87,11,11,2020,8
Gold Coast-Adelaide,Gold Coast,Adelaide,All Airlines,Aug-20,25,24,1,22,19,2,5,2020,8
Gold Coast-Sydney,Gold Coast,Sydney,All Airlines,Aug-20,22,18,4,16,16,2,2,2020,8
Hamilton Island-Brisbane,Hamilton Island,Brisbane,All Airlines,Aug-20,63,62,1,58,56,4,6,2020,8
Hobart-Brisbane,Hobart,Brisbane,All Airlines,Aug-20,20,19,1,18,18,1,1,2020,8
Hobart-Sydney,Hobart,Sydney,All Airlines,Aug-20,21,21,0,21,21,0,0,2020,8
Kalgoorlie-Perth,Kalgoorlie,Perth,All Airlines,Aug-20,76,70,6,60,62,10,8,2020,8
Karratha-Perth,Karratha,Perth,All Airlines,Aug-20,146,135,11,116,121,19,14,2020,8
Launceston-Sydney,Launceston,Sydney,All Airlines,Aug-20,22,22,0,22,22,0,0,2020,8
Mackay-Brisbane,Mackay,Brisbane,All Airlines,Aug-20,172,164,8,148,152,16,12,2020,8
Melbourne-Adelaide,Melbourne,Adelaide,All Airlines,Aug-20,36,36,0,33,32,3,4,2020,8
Melbourne-Brisbane,Melbourne,Brisbane,All Airlines,Aug-20,27,27,0,15,20,12,7,2020,8
Melbourne-Canberra,Melbourne,Canberra,All Airlines,Aug-20,29,28,1,25,24,3,4,2020,8
Melbourne-Mildura,Melbourne,Mildura,All Airlines,Aug-20,24,22,2,21,20,1,2,2020,8
Melbourne-Perth,Melbourne,Perth,All Airlines,Aug-20,37,35,2,27,30,8,5,2020,8
Melbourne-Sydney,Melbourne,Sydney,All Airlines,Aug-20,76,67,9,49,53,18,14,2020,8
Mildura-Melbourne,Mildura,Melbourne,All Airlines,Aug-20,24,22,2,20,20,2,2,2020,8
Mount Isa-Brisbane,Mount Isa,Brisbane,All Airlines,Aug-20,57,57,0,50,57,7,0,2020,8
Newcastle-Brisbane,Newcastle,Brisbane,All Airlines,Aug-20,47,34,13,31,29,3,5,2020,8
Newman-Perth,Newman,Perth,All Airlines,Aug-20,54,51,3,41,41,10,10,2020,8
Perth-Adelaide,Perth,Adelaide,All Airlines,Aug-20,30,30,0,26,27,4,3,2020,8
Perth-Brisbane,Perth,Brisbane,All Airlines,Aug-20,48,47,1,40,43,7,4,2020,8
Perth-Broome,Perth,Broome,All Airlines,Aug-20,117,115,2,102,104,13,11,2020,8
Perth-Darwin,Perth,Darwin,All Airlines,Aug-20,20,20,0,19,19,1,1,2020,8
Perth-Kalgoorlie,Perth,Kalgoorlie,All Airlines,Aug-20,76,70,6,62,60,8,10,2020,8
Perth-Karratha,Perth,Karratha,All Airlines,Aug-20,146,135,11,121,119,14,16,2020,8
Perth-Melbourne,Perth,Melbourne,All Airlines,Aug-20,37,35,2,30,30,5,5,2020,8
Perth-Newman,Perth,Newman,All Airlines,Aug-20,54,51,3,41,45,10,6,2020,8
Perth-Port Hedland,Perth,Port Hedland,All Airlines,Aug-20,77,74,3,67,69,7,5,2020,8
Perth-Sydney,Perth,Sydney,All Airlines,Aug-20,42,40,2,27,36,13,4,2020,8
Port Hedland-Perth,Port Hedland,Perth,All Airlines,Aug-20,77,74,3,60,68,14,6,2020,8
Port Lincoln-Adelaide,Port Lincoln,Adelaide,All Airlines,Aug-20,104,104,0,74,77,30,27,2020,8
Proserpine-Brisbane,Proserpine,Brisbane,All Airlines,Aug-20,47,45,2,33,39,12,6,2020,8
Rockhampton-Brisbane,Rockhampton,Brisbane,All Airlines,Aug-20,147,146,1,130,130,16,16,2020,8
Sydney-Adelaide,Sydney,Adelaide,All Airlines,Aug-20,38,37,1,34,35,3,2,2020,8
Sydney-Albury,Sydney,Albury,All Airlines,Aug-20,30,30,0,25,25,5,5,2020,8
Sydney-Armidale,Sydney,Armidale,All Airlines,Aug-20,21,21,0,21,21,0,0,2020,8
Sydney-Ballina,Sydney,Ballina,All Airlines,Aug-20,137,134,3,124,125,10,9,2020,8
Sydney-Brisbane,Sydney,Brisbane,All Airlines,Aug-20,118,102,16,87,92,15,10,2020,8
Sydney-Cairns,Sydney,Cairns,All Airlines,Aug-20,10,5,5,5,5,0,0,2020,8
Sydney-Coffs Harbour,Sydney,Coffs Harbour,All Airlines,Aug-20,48,46,2,45,45,1,1,2020,8
Sydney-Dubbo,Sydney,Dubbo,All Airlines,Aug-20,61,60,1,54,54,6,6,2020,8
Sydney-Gold Coast,Sydney,Gold Coast,All Airlines,Aug-20,22,18,4,16,16,2,2,2020,8
Sydney-Hobart,Sydney,Hobart,All Airlines,Aug-20,21,21,0,21,21,0,0,2020,8
Sydney-Launceston,Sydney,Launceston,All Airlines,Aug-20,22,22,0,22,22,0,0,2020,8
Sydney-Melbourne,Sydney,Melbourne,All Airlines,Aug-20,80,68,12,50,54,18,14,2020,8
Sydney-Perth,Sydney,Perth,All Airlines,Aug-20,43,41,2,36,36,5,5,2020,8
Sydney-Wagga Wagga,Sydney,Wagga Wagga,All Airlines,Aug-20,52,51,1,46,47,5,4,2020,8
Townsville-Brisbane,Townsville,Brisbane,All Airlines,Aug-20,174,174,0,156,161,18,13,2020,8
Townsville-Cairns,Townsville,Cairns,All Airlines,Aug-20,49,49,0,43,43,6,6,2020,8
Wagga Wagga-Sydney,Wagga Wagga,Sydney,All Airlines,Aug-20,51,51,0,44,46,7,5,2020,8
Adelaide-Alice Springs,Adelaide,Alice Springs,All Airlines,Sep-20,43,43,0,42,43,1,0,2020,9
Adelaide-Brisbane,Adelaide,Brisbane,All Airlines,Sep-20,116,114,2,97,104,17,10,2020,9
Adelaide-Gold Coast,Adelaide,Gold Coast,All Airlines,Sep-20,22,22,0,21,22,1,0,2020,9
Adelaide-Melbourne,Adelaide,Melbourne,All Airlines,Sep-20,34,34,0,28,30,6,4,2020,9
Adelaide-Perth,Adelaide,Perth,All Airlines,Sep-20,30,30,0,29,26,1,4,2020,9
Adelaide-Port Lincoln,Adelaide,Port Lincoln,All Airlines,Sep-20,122,122,0,106,94,16,28,2020,9
Adelaide-Sydney,Adelaide,Sydney,All Airlines,Sep-20,49,48,1,37,41,11,7,2020,9
Albury-Sydney,Albury,Sydney,All Airlines,Sep-20,28,28,0,25,25,3,3,2020,9
Alice Springs-Adelaide,Alice Springs,Adelaide,All Airlines,Sep-20,43,43,0,31,33,12,10,2020,9
Armidale-Sydney,Armidale,Sydney,All Airlines,Sep-20,22,22,0,21,21,1,1,2020,9
Ballina-Sydney,Ballina,Sydney,All Airlines,Sep-20,157,155,2,134,138,21,17,2020,9
Brisbane-Adelaide,Brisbane,Adelaide,All Airlines,Sep-20,117,115,2,102,109,13,6,2020,9
Brisbane-Bundaberg,Brisbane,Bundaberg,All Airlines,Sep-20,33,33,0,33,33,0,0,2020,9
Brisbane-Cairns,Brisbane,Cairns,All Airlines,Sep-20,335,335,0,314,313,21,22,2020,9
Brisbane-Canberra,Brisbane,Canberra,All Airlines,Sep-20,40,39,1,33,35,6,4,2020,9
Brisbane-Darwin,Brisbane,Darwin,All Airlines,Sep-20,60,60,0,52,47,8,13,2020,9
Brisbane-Gladstone,Brisbane,Gladstone,All Airlines,Sep-20,91,91,0,90,87,1,4,2020,9
Brisbane-Hamilton Island,Brisbane,Hamilton Island,All Airlines,Sep-20,76,76,0,72,72,4,4,2020,9
Brisbane-Hobart,Brisbane,Hobart,All Airlines,Sep-20,21,21,0,18,19,3,2,2020,9
Brisbane-Mackay,Brisbane,Mackay,All Airlines,Sep-20,172,164,8,153,156,11,8,2020,9
Brisbane-Melbourne,Brisbane,Melbourne,All Airlines,Sep-20,24,24,0,15,18,9,6,2020,9
Brisbane-Mount Isa,Brisbane,Mount Isa,All Airlines,Sep-20,56,56,0,54,51,2,5,2020,9
Brisbane-Newcastle,Brisbane,Newcastle,All Airlines,Sep-20,23,21,2,19,19,2,2,2020,9
Brisbane-Perth,Brisbane,Perth,All Airlines,Sep-20,44,44,0,38,41,6,3,2020,9
Brisbane-Proserpine,Brisbane,Proserpine,All Airlines,Sep-20,58,58,0,49,48,9,10,2020,9
Brisbane-Rockhampton,Brisbane,Rockhampton,All Airlines,Sep-20,162,160,2,146,145,14,15,2020,9
Brisbane-Sydney,Brisbane,Sydney,All Airlines,Sep-20,75,74,1,69,71,5,3,2020,9
Brisbane-Townsville,Brisbane,Townsville,All Airlines,Sep-20,195,193,2,185,187,8,6,2020,9
Broome-Perth,Broome,Perth,All Airlines,Sep-20,139,139,0,120,124,19,15,2020,9
Bundaberg-Brisbane,Bundaberg,Brisbane,All Airlines,Sep-20,20,20,0,18,18,2,2,2020,9
Cairns-Brisbane,Cairns,Brisbane,All Airlines,Sep-20,335,333,2,302,293,31,40,2020,9
Cairns-Townsville,Cairns,Townsville,All Airlines,Sep-20,74,74,0,72,72,2,2,2020,9
Canberra-Brisbane,Canberra,Brisbane,All Airlines,Sep-20,40,38,2,31,33,7,5,2020,9
Canberra-Melbourne,Canberra,Melbourne,All Airlines,Sep-20,25,25,0,23,23,2,2,2020,9
Coffs Harbour-Sydney,Coffs Harbour,Sydney,All Airlines,Sep-20,43,43,0,38,39,5,4,2020,9
Darwin-Brisbane,Darwin,Brisbane,All Airlines,Sep-20,60,60,0,35,37,25,23,2020,9
Darwin-Perth,Darwin,Perth,All Airlines,Sep-20,16,16,0,16,16,0,0,2020,9
Dubbo-Sydney,Dubbo,Sydney,All Airlines,Sep-20,62,61,1,50,55,11,6,2020,9
Gladstone-Brisbane,Gladstone,Brisbane,All Airlines,Sep-20,104,104,0,99,99,5,5,2020,9
Gold Coast-Adelaide,Gold Coast,Adelaide,All Airlines,Sep-20,22,22,0,21,20,1,2,2020,9
Hamilton Island-Brisbane,Hamilton Island,Brisbane,All Airlines,Sep-20,75,75,0,68,67,7,8,2020,9
Hobart-Brisbane,Hobart,Brisbane,All Airlines,Sep-20,21,21,0,18,18,3,3,2020,9
Hobart-Sydney,Hobart,Sydney,All Airlines,Sep-20,21,21,0,20,19,1,2,2020,9
Kalgoorlie-Perth,Kalgoorlie,Perth,All Airlines,Sep-20,96,93,3,85,87,8,6,2020,9
Karratha-Perth,Karratha,Perth,All Airlines,Sep-20,175,171,4,151,154,20,17,2020,9
Launceston-Sydney,Launceston,Sydney,All Airlines,Sep-20,21,21,0,20,20,1,1,2020,9
Mackay-Brisbane,Mackay,Brisbane,All Airlines,Sep-20,171,164,7,152,156,12,8,2020,9
Melbourne-Adelaide,Melbourne,Adelaide,All Airlines,Sep-20,34,34,0,30,30,4,4,2020,9
Melbourne-Brisbane,Melbourne,Brisbane,All Airlines,Sep-20,24,24,0,15,15,9,9,2020,9
Melbourne-Canberra,Melbourne,Canberra,All Airlines,Sep-20,25,25,0,23,23,2,2,2020,9
Melbourne-Mildura,Melbourne,Mildura,All Airlines,Sep-20,17,17,0,15,14,2,3,2020,9
Melbourne-Perth,Melbourne,Perth,All Airlines,Sep-20,30,30,0,27,24,3,6,2020,9
Melbourne-Sydney,Melbourne,Sydney,All Airlines,Sep-20,69,69,0,55,61,14,8,2020,9
Mildura-Melbourne,Mildura,Melbourne,All Airlines,Sep-20,17,17,0,15,16,2,1,2020,9
Mount Isa-Brisbane,Mount Isa,Brisbane,All Airlines,Sep-20,56,56,0,53,54,3,2,2020,9
Newcastle-Brisbane,Newcastle,Brisbane,All Airlines,Sep-20,23,21,2,19,19,2,2,2020,9
Newman-Perth,Newman,Perth,All Airlines,Sep-20,77,64,13,54,55,10,9,2020,9
Perth-Adelaide,Perth,Adelaide,All Airlines,Sep-20,30,30,0,30,30,0,0,2020,9
Perth-Brisbane,Perth,Brisbane,All Airlines,Sep-20,44,44,0,37,39,7,5,2020,9
Perth-Broome,Perth,Broome,All Airlines,Sep-20,139,139,0,125,131,14,8,2020,9
Perth-Darwin,Perth,Darwin,All Airlines,Sep-20,16,16,0,16,16,0,0,2020,9
Perth-Kalgoorlie,Perth,Kalgoorlie,All Airlines,Sep-20,96,94,2,88,87,6,7,2020,9
Perth-Karratha,Perth,Karratha,All Airlines,Sep-20,176,172,4,164,165,8,7,2020,9
Perth-Melbourne,Perth,Melbourne,All Airlines,Sep-20,30,30,0,27,27,3,3,2020,9
Perth-Newman,Perth,Newman,All Airlines,Sep-20,77,64,13,61,61,3,3,2020,9
Perth-Port Hedland,Perth,Port Hedland,All Airlines,Sep-20,87,86,1,82,78,4,8,2020,9
Perth-Sydney,Perth,Sydney,All Airlines,Sep-20,39,38,1,23,27,15,11,2020,9
Port Hedland-Perth,Port Hedland,Perth,All Airlines,Sep-20,87,86,1,69,67,17,19,2020,9
Port Lincoln-Adelaide,Port Lincoln,Adelaide,All Airlines,Sep-20,122,122,0,84,89,38,33,2020,9
Proserpine-Brisbane,Proserpine,Brisbane,All Airlines,Sep-20,58,58,0,47,50,11,8,2020,9
Rockhampton-Brisbane,Rockhampton,Brisbane,All Airlines,Sep-20,156,155,1,139,140,16,15,2020,9
Sydney-Adelaide,Sydney,Adelaide,All Airlines,Sep-20,50,49,1,41,44,8,5,2020,9
Sydney-Albury,Sydney,Albury,All Airlines,Sep-20,28,28,0,25,26,3,2,2020,9
Sydney-Armidale,Sydney,Armidale,All Airlines,Sep-20,22,22,0,21,21,1,1,2020,9
Sydney-Ballina,Sydney,Ballina,All Airlines,Sep-20,156,156,0,150,144,6,12,2020,9
Sydney-Brisbane,Sydney,Brisbane,All Airlines,Sep-20,75,74,1,67,68,7,6,2020,9
Sydney-Coffs Harbour,Sydney,Coffs Harbour,All Airlines,Sep-20,43,43,0,38,40,5,3,2020,9
Sydney-Dubbo,Sydney,Dubbo,All Airlines,Sep-20,61,61,0,53,54,8,7,2020,9
Sydney-Hobart,Sydney,Hobart,All Airlines,Sep-20,21,21,0,21,21,0,0,2020,9
Sydney-Launceston,Sydney,Launceston,All Airlines,Sep-20,21,21,0,19,20,2,1,2020,9
Sydney-Melbourne,Sydney,Melbourne,All Airlines,Sep-20,69,68,1,61,64,7,4,2020,9
Sydney-Perth,Sydney,Perth,All Airlines,Sep-20,39,39,0,35,37,4,2,2020,9
Sydney-Wagga Wagga,Sydney,Wagga Wagga,All Airlines,Sep-20,47,47,0,41,43,6,4,2020,9
Townsville-Brisbane,Townsville,Brisbane,All Airlines,Sep-20,195,193,2,182,181,11,12,2020,9
Townsville-Cairns,Townsville,Cairns,All Airlines,Sep-20,74,73,1,68,70,5,3,2020,9
Wagga Wagga-Sydney,Wagga Wagga,Sydney,All Airlines,Sep-20,47,47,0,41,43,6,4,2020,9
Adelaide-Alice Springs,Adelaide,Alice Springs,All Airlines,Oct-20,44,44,0,40,39,4,5,2020,10
Adelaide-Brisbane,Adelaide,Brisbane,All Airlines,Oct-20,169,166,3,156,156,10,10,2020,10
Adelaide-Canberra,Adelaide,Canberra,All Airlines,Oct-20,49,48,1,45,45,3,3,2020,10
Adelaide-Gold Coast,Adelaide,Gold Coast,All Airlines,Oct-20,31,31,0,29,28,2,3,2020,10
Adelaide-Melbourne,Adelaide,Melbourne,All Airlines,Oct-20,35,34,1,32,34,2,0,2020,10
Adelaide-Perth,Adelaide,Perth,All Airlines,Oct-20,31,31,0,25,29,6,2,2020,10
Adelaide-Port Lincoln,Adelaide,Port Lincoln,All Airlines,Oct-20,146,146,0,124,121,22,25,2020,10
Adelaide-Sydney,Adelaide,Sydney,All Airlines,Oct-20,183,183,0,162,167,21,16,2020,10
Albury-Sydney,Albury,Sydney,All Airlines,Oct-20,54,53,1,49,50,4,3,2020,10
Alice Springs-Adelaide,Alice Springs,Adelaide,All Airlines,Oct-20,43,43,0,26,30,17,13,2020,10
Armidale-Sydney,Armidale,Sydney,All Airlines,Oct-20,33,33,0,31,33,2,0,2020,10
Ballina-Sydney,Ballina,Sydney,All Airlines,Oct-20,218,217,1,183,193,34,24,2020,10
Brisbane-Adelaide,Brisbane,Adelaide,All Airlines,Oct-20,166,164,2,150,155,14,9,2020,10
Brisbane-Cairns,Brisbane,Cairns,All Airlines,Oct-20,335,329,6,293,288,36,41,2020,10
Brisbane-Canberra,Brisbane,Canberra,All Airlines,Oct-20,113,108,5,96,97,12,11,2020,10
Brisbane-Darwin,Brisbane,Darwin,All Airlines,Oct-20,70,70,0,57,50,13,20,2020,10
Brisbane-Gladstone,Brisbane,Gladstone,All Airlines,Oct-20,122,122,0,112,109,10,13,2020,10
Brisbane-Hamilton Island,Brisbane,Hamilton Island,All Airlines,Oct-20,80,80,0,78,77,2,3,2020,10
Brisbane-Hobart,Brisbane,Hobart,All Airlines,Oct-20,26,26,0,22,26,4,0,2020,10
Brisbane-Mackay,Brisbane,Mackay,All Airlines,Oct-20,176,176,0,154,159,22,17,2020,10
Brisbane-Melbourne,Brisbane,Melbourne,All Airlines,Oct-20,29,29,0,10,22,19,7,2020,10
Brisbane-Mount Isa,Brisbane,Mount Isa,All Airlines,Oct-20,59,59,0,54,55,5,4,2020,10
Brisbane-Newcastle,Brisbane,Newcastle,All Airlines,Oct-20,24,22,2,18,18,4,4,2020,10
Brisbane-Perth,Brisbane,Perth,All Airlines,Oct-20,42,42,0,36,39,6,3,2020,10
Brisbane-Proserpine,Brisbane,Proserpine,All Airlines,Oct-20,67,67,0,64,63,3,4,2020,10
Brisbane-Rockhampton,Brisbane,Rockhampton,All Airlines,Oct-20,177,177,0,161,162,16,15,2020,10
Brisbane-Sydney,Brisbane,Sydney,All Airlines,Oct-20,69,68,1,54,63,14,5,2020,10
Brisbane-Townsville,Brisbane,Townsville,All Airlines,Oct-20,199,198,1,183,174,15,24,2020,10
Broome-Perth,Broome,Perth,All Airlines,Oct-20,147,147,0,134,133,13,14,2020,10
Cairns-Brisbane,Cairns,Brisbane,All Airlines,Oct-20,334,328,6,293,285,35,43,2020,10
Cairns-Townsville,Cairns,Townsville,All Airlines,Oct-20,88,88,0,84,85,4,3,2020,10
Canberra-Adelaide,Canberra,Adelaide,All Airlines,Oct-20,49,48,1,41,43,7,5,2020,10
Canberra-Brisbane,Canberra,Brisbane,All Airlines,Oct-20,112,107,5,92,97,15,10,2020,10
Canberra-Melbourne,Canberra,Melbourne,All Airlines,Oct-20,26,25,1,22,22,3,3,2020,10
Coffs Harbour-Sydney,Coffs Harbour,Sydney,All Airlines,Oct-20,58,58,0,56,56,2,2,2020,10
Darwin-Brisbane,Darwin,Brisbane,All Airlines,Oct-20,70,70,0,41,43,29,27,2020,10
Darwin-Perth,Darwin,Perth,All Airlines,Oct-20,18,18,0,16,17,2,1,2020,10
Dubbo-Sydney,Dubbo,Sydney,All Airlines,Oct-20,93,93,0,79,81,14,12,2020,10
Gladstone-Brisbane,Gladstone,Brisbane,All Airlines,Oct-20,122,121,1,107,105,14,16,2020,10
Gold Coast-Adelaide,Gold Coast,Adelaide,All Airlines,Oct-20,31,31,0,29,29,2,2,2020,10
Hamilton Island-Brisbane,Hamilton Island,Brisbane,All Airlines,Oct-20,80,80,0,79,75,1,5,2020,10
Hobart-Brisbane,Hobart,Brisbane,All Airlines,Oct-20,25,25,0,24,23,1,2,2020,10
Hobart-Sydney,Hobart,Sydney,All Airlines,Oct-20,25,25,0,23,23,2,2,2020,10
Kalgoorlie-Perth,Kalgoorlie,Perth,All Airlines,Oct-20,119,119,0,105,110,14,9,2020,10
Karratha-Perth,Karratha,Perth,All Airlines,Oct-20,191,186,5,168,174,18,12,2020,10
Launceston-Sydney,Launceston,Sydney,All Airlines,Oct-20,24,24,0,22,22,2,2,2020,10
Mackay-Brisbane,Mackay,Brisbane,All Airlines,Oct-20,178,178,0,164,164,14,14,2020,10
Melbourne-Adelaide,Melbourne,Adelaide,All Airlines,Oct-20,35,34,1,33,32,1,2,2020,10
Melbourne-Brisbane,Melbourne,Brisbane,All Airlines,Oct-20,29,29,0,21,27,8,2,2020,10
Melbourne-Canberra,Melbourne,Canberra,All Airlines,Oct-20,26,25,1,24,23,1,2,2020,10
Melbourne-Mildura,Melbourne,Mildura,All Airlines,Oct-20,33,33,0,30,30,3,3,2020,10
Melbourne-Perth,Melbourne,Perth,All Airlines,Oct-20,31,31,0,28,27,3,4,2020,10
Melbourne-Sydney,Melbourne,Sydney,All Airlines,Oct-20,66,66,0,59,56,7,10,2020,10
Mildura-Melbourne,Mildura,Melbourne,All Airlines,Oct-20,33,33,0,29,29,4,4,2020,10
Mount Isa-Brisbane,Mount Isa,Brisbane,All Airlines,Oct-20,59,58,1,51,50,7,8,2020,10
Newcastle-Brisbane,Newcastle,Brisbane,All Airlines,Oct-20,24,22,2,20,20,2,2,2020,10
Newman-Perth,Newman,Perth,All Airlines,Oct-20,90,81,9,67,74,14,7,2020,10
Perth-Adelaide,Perth,Adelaide,All Airlines,Oct-20,31,31,0,31,29,0,2,2020,10
Perth-Brisbane,Perth,Brisbane,All Airlines,Oct-20,42,42,0,36,34,6,8,2020,10
Perth-Broome,Perth,Broome,All Airlines,Oct-20,147,147,0,134,136,13,11,2020,10
Perth-Darwin,Perth,Darwin,All Airlines,Oct-20,18,18,0,17,17,1,1,2020,10
Perth-Kalgoorlie,Perth,Kalgoorlie,All Airlines,Oct-20,119,119,0,112,110,7,9,2020,10
Perth-Karratha,Perth,Karratha,All Airlines,Oct-20,191,188,3,181,180,7,8,2020,10
Perth-Melbourne,Perth,Melbourne,All Airlines,Oct-20,31,31,0,27,25,4,6,2020,10
Perth-Newman,Perth,Newman,All Airlines,Oct-20,90,81,9,77,78,4,3,2020,10
Perth-Port Hedland,Perth,Port Hedland,All Airlines,Oct-20,130,109,21,106,107,3,2,2020,10
Perth-Sydney,Perth,Sydney,All Airlines,Oct-20,40,40,0,24,27,16,13,2020,10
Port Hedland-Perth,Port Hedland,Perth,All Airlines,Oct-20,130,109,21,99,103,10,6,2020,10
Port Lincoln-Adelaide,Port Lincoln,Adelaide,All Airlines,Oct-20,146,145,1,112,115,33,30,2020,10
Proserpine-Brisbane,Proserpine,Brisbane,All Airlines,Oct-20,67,67,0,60,59,7,8,2020,10
Rockhampton-Brisbane,Rockhampton,Brisbane,All Airlines,Oct-20,175,174,1,159,156,15,18,2020,10
Sydney-Adelaide,Sydney,Adelaide,All Airlines,Oct-20,183,183,0,169,172,14,11,2020,10
Sydney-Albury,Sydney,Albury,All Airlines,Oct-20,54,53,1,48,49,5,4,2020,10
Sydney-Armidale,Sydney,Armidale,All Airlines,Oct-20,33,33,0,32,33,1,0,2020,10
Sydney-Ballina,Sydney,Ballina,All Airlines,Oct-20,218,217,1,208,205,9,12,2020,10
Sydney-Brisbane,Sydney,Brisbane,All Airlines,Oct-20,69,68,1,62,63,6,5,2020,10
Sydney-Coffs Harbour,Sydney,Coffs Harbour,All Airlines,Oct-20,58,58,0,54,57,4,1,2020,10
Sydney-Dubbo,Sydney,Dubbo,All Airlines,Oct-20,92,92,0,84,84,8,8,2020,10
Sydney-Hobart,Sydney,Hobart,All Airlines,Oct-20,25,25,0,22,22,3,3,2020,10
Sydney-Launceston,Sydney,Launceston,All Airlines,Oct-20,24,24,0,21,22,3,2,2020,10
Sydney-Melbourne,Sydney,Melbourne,All Airlines,Oct-20,65,65,0,53,58,12,7,2020,10
Sydney-Perth,Sydney,Perth,All Airlines,Oct-20,40,40,0,31,34,9,6,2020,10
Sydney-Wagga Wagga,Sydney,Wagga Wagga,All Airlines,Oct-20,61,61,0,59,59,2,2,2020,10
Townsville-Brisbane,Townsville,Brisbane,All Airlines,Oct-20,199,197,2,182,186,15,11,2020,10
Townsville-Cairns,Townsville,Cairns,All Airlines,Oct-20,88,88,0,80,81,8,7,2020,10
Wagga Wagga-Sydney,Wagga Wagga,Sydney,All Airlines,Oct-20,61,61,0,57,57,4,4,2020,10
Adelaide-Alice Springs,Adelaide,Alice Springs,All Airlines,Nov-20,42,40,2,29,30,11,10,2020,11
Adelaide-Brisbane,Adelaide,Brisbane,All Airlines,Nov-20,150,112,38,83,94,29,18,2020,11
Adelaide-Canberra,Adelaide,Canberra,All Airlines,Nov-20,65,51,14,48,49,3,2,2020,11
Adelaide-Gold Coast,Adelaide,Gold Coast,All Airlines,Nov-20,32,27,5,23,24,4,3,2020,11
Adelaide-Melbourne,Adelaide,Melbourne,All Airlines,Nov-20,36,36,0,29,31,7,5,2020,11
Adelaide-Perth,Adelaide,Perth,All Airlines,Nov-20,53,35,18,27,24,8,11,2020,11
Adelaide-Port Lincoln,Adelaide,Port Lincoln,All Airlines,Nov-20,162,146,16,131,127,15,19,2020,11
Adelaide-Sydney,Adelaide,Sydney,All Airlines,Nov-20,275,224,51,185,200,39,24,2020,11
Albury-Sydney,Albury,Sydney,All Airlines,Nov-20,82,82,0,76,75,6,7,2020,11
Alice Springs-Adelaide,Alice Springs,Adelaide,All Airlines,Nov-20,41,40,1,34,35,6,5,2020,11
Armidale-Sydney,Armidale,Sydney,All Airlines,Nov-20,51,51,0,47,45,4,6,2020,11
Ballina-Sydney,Ballina,Sydney,All Airlines,Nov-20,216,216,0,164,172,52,44,2020,11
Brisbane-Adelaide,Brisbane,Adelaide,All Airlines,Nov-20,152,115,37,94,93,21,22,2020,11
Brisbane-Cairns,Brisbane,Cairns,All Airlines,Nov-20,271,271,0,247,246,24,25,2020,11
Brisbane-Canberra,Brisbane,Canberra,All Airlines,Nov-20,152,152,0,144,147,8,5,2020,11
Brisbane-Darwin,Brisbane,Darwin,All Airlines,Nov-20,68,68,0,57,50,11,18,2020,11
Brisbane-Emerald,Brisbane,Emerald,All Airlines,Nov-20,105,105,0,98,101,7,4,2020,11
Brisbane-Gladstone,Brisbane,Gladstone,All Airlines,Nov-20,129,129,0,115,118,14,11,2020,11
Brisbane-Hamilton Island,Brisbane,Hamilton Island,All Airlines,Nov-20,72,72,0,69,68,3,4,2020,11
Brisbane-Hobart,Brisbane,Hobart,All Airlines,Nov-20,37,37,0,25,27,12,10,2020,11
Brisbane-Mackay,Brisbane,Mackay,All Airlines,Nov-20,182,182,0,168,168,14,14,2020,11
Brisbane-Melbourne,Brisbane,Melbourne,All Airlines,Nov-20,48,48,0,29,31,19,17,2020,11
Brisbane-Mount Isa,Brisbane,Mount Isa,All Airlines,Nov-20,63,63,0,56,58,7,5,2020,11
Brisbane-Newcastle,Brisbane,Newcastle,All Airlines,Nov-20,100,99,1,88,88,11,11,2020,11
Brisbane-Perth,Brisbane,Perth,All Airlines,Nov-20,83,83,0,74,62,9,21,2020,11
Brisbane-Proserpine,Brisbane,Proserpine,All Airlines,Nov-20,60,60,0,55,52,5,8,2020,11
Brisbane-Rockhampton,Brisbane,Rockhampton,All Airlines,Nov-20,193,193,0,181,182,12,11,2020,11
Brisbane-Sydney,Brisbane,Sydney,All Airlines,Nov-20,143,136,7,116,112,20,24,2020,11
Brisbane-Townsville,Brisbane,Townsville,All Airlines,Nov-20,184,184,0,171,167,13,17,2020,11
Broome-Perth,Broome,Perth,All Airlines,Nov-20,139,134,5,115,118,19,16,2020,11
Cairns-Brisbane,Cairns,Brisbane,All Airlines,Nov-20,274,273,1,237,232,36,41,2020,11
Cairns-Sydney,Cairns,Sydney,All Airlines,Nov-20,20,14,6,11,11,3,3,2020,11
Cairns-Townsville,Cairns,Townsville,All Airlines,Nov-20,101,100,1,95,94,5,6,2020,11
Canberra-Adelaide,Canberra,Adelaide,All Airlines,Nov-20,64,51,13,46,45,5,6,2020,11
Canberra-Brisbane,Canberra,Brisbane,All Airlines,Nov-20,151,151,0,135,143,16,8,2020,11
Canberra-Melbourne,Canberra,Melbourne,All Airlines,Nov-20,60,60,0,55,53,5,7,2020,11
Coffs Harbour-Sydney,Coffs Harbour,Sydney,All Airlines,Nov-20,84,84,0,79,80,5,4,2020,11
Darwin-Brisbane,Darwin,Brisbane,All Airlines,Nov-20,69,69,0,48,36,21,33,2020,11
Darwin-Perth,Darwin,Perth,All Airlines,Nov-20,21,21,0,15,16,6,5,2020,11
Dubbo-Sydney,Dubbo,Sydney,All Airlines,Nov-20,113,113,0,99,102,14,11,2020,11
Emerald-Brisbane,Emerald,Brisbane,All Airlines,Nov-20,105,105,0,100,102,5,3,2020,11
Gladstone-Brisbane,Gladstone,Brisbane,All Airlines,Nov-20,129,129,0,120,115,9,14,2020,11
Gold Coast-Adelaide,Gold Coast,Adelaide,All Airlines,Nov-20,32,27,5,22,24,5,3,2020,11
Gold Coast-Melbourne,Gold Coast,Melbourne,All Airlines,Nov-20,2,2,0,2,2,0,0,2020,11
Gold Coast-Sydney,Gold Coast,Sydney,All Airlines,Nov-20,33,25,8,20,24,5,1,2020,11
Hamilton Island-Brisbane,Hamilton Island,Brisbane,All Airlines,Nov-20,72,72,0,68,70,4,2,2020,11
Hobart-Brisbane,Hobart,Brisbane,All Airlines,Nov-20,38,38,0,25,26,13,12,2020,11
Hobart-Melbourne,Hobart,Melbourne,All Airlines,Nov-20,35,35,0,30,31,5,4,2020,11
Hobart-Sydney,Hobart,Sydney,All Airlines,Nov-20,106,100,6,91,91,9,9,2020,11
Kalgoorlie-Perth,Kalgoorlie,Perth,All Airlines,Nov-20,125,119,6,111,112,8,7,2020,11
Karratha-Perth,Karratha,Perth,All Airlines,Nov-20,183,178,5,151,152,27,26,2020,11
Launceston-Melbourne,Launceston,Melbourne,All Airlines,Nov-20,24,24,0,23,23,1,1,2020,11
Launceston-Sydney,Launceston,Sydney,All Airlines,Nov-20,45,43,2,38,41,5,2,2020,11
Mackay-Brisbane,Mackay,Brisbane,All Airlines,Nov-20,181,181,0,163,167,18,14,2020,11
Melbourne-Adelaide,Melbourne,Adelaide,All Airlines,Nov-20,35,34,1,28,30,6,4,2020,11
Melbourne-Brisbane,Melbourne,Brisbane,All Airlines,Nov-20,46,44,2,38,39,6,5,2020,11
Melbourne-Canberra,Melbourne,Canberra,All Airlines,Nov-20,59,59,0,49,52,10,7,2020,11
Melbourne-Gold Coast,Melbourne,Gold Coast,All Airlines,Nov-20,2,2,0,1,2,1,0,2020,11
Melbourne-Hobart,Melbourne,Hobart,All Airlines,Nov-20,36,35,1,30,30,5,5,2020,11
Melbourne-Launceston,Melbourne,Launceston,All Airlines,Nov-20,25,25,0,24,24,1,1,2020,11
Melbourne-Mildura,Melbourne,Mildura,All Airlines,Nov-20,42,42,0,39,38,3,4,2020,11
Melbourne-Newcastle,Melbourne,Newcastle,All Airlines,Nov-20,16,16,0,13,14,3,2,2020,11
Melbourne-Perth,Melbourne,Perth,All Airlines,Nov-20,30,30,0,24,21,6,9,2020,11
Melbourne-Sunshine Coast,Melbourne,Sunshine Coast,All Airlines,Nov-20,2,2,0,2,1,0,1,2020,11
Melbourne-Sydney,Melbourne,Sydney,All Airlines,Nov-20,254,249,5,214,219,35,30,2020,11
Mildura-Melbourne,Mildura,Melbourne,All Airlines,Nov-20,42,42,0,38,41,4,1,2020,11
Mount Isa-Brisbane,Mount Isa,Brisbane,All Airlines,Nov-20,63,61,2,58,58,3,3,2020,11
Newcastle-Brisbane,Newcastle,Brisbane,All Airlines,Nov-20,97,95,2,86,88,9,7,2020,11
Newcastle-Melbourne,Newcastle,Melbourne,All Airlines,Nov-20,16,16,0,13,15,3,1,2020,11
Newman-Perth,Newman,Perth,All Airlines,Nov-20,130,125,5,114,114,11,11,2020,11
Perth-Adelaide,Perth,Adelaide,All Airlines,Nov-20,54,33,21,31,30,2,3,2020,11
Perth-Brisbane,Perth,Brisbane,All Airlines,Nov-20,83,83,0,67,63,16,20,2020,11
Perth-Broome,Perth,Broome,All Airlines,Nov-20,140,136,4,128,115,8,21,2020,11
Perth-Darwin,Perth,Darwin,All Airlines,Nov-20,20,20,0,18,17,2,3,2020,11
Perth-Kalgoorlie,Perth,Kalgoorlie,All Airlines,Nov-20,125,119,6,114,112,5,7,2020,11
Perth-Karratha,Perth,Karratha,All Airlines,Nov-20,184,181,3,167,157,14,24,2020,11
Perth-Melbourne,Perth,Melbourne,All Airlines,Nov-20,30,30,0,17,21,13,9,2020,11
Perth-Newman,Perth,Newman,All Airlines,Nov-20,130,125,5,117,115,8,10,2020,11
Perth-Port Hedland,Perth,Port Hedland,All Airlines,Nov-20,140,137,3,121,118,16,19,2020,11
Perth-Sydney,Perth,Sydney,All Airlines,Nov-20,39,39,0,23,21,16,18,2020,11
Port Hedland-Perth,Port Hedland,Perth,All Airlines,Nov-20,140,136,4,105,96,31,40,2020,11
Port Lincoln-Adelaide,Port Lincoln,Adelaide,All Airlines,Nov-20,162,146,16,123,122,23,24,2020,11
Proserpine-Brisbane,Proserpine,Brisbane,All Airlines,Nov-20,60,60,0,50,50,10,10,2020,11
Rockhampton-Brisbane,Rockhampton,Brisbane,All Airlines,Nov-20,193,193,0,175,177,18,16,2020,11
Sunshine Coast-Melbourne,Sunshine Coast,Melbourne,All Airlines,Nov-20,2,2,0,1,0,1,2,2020,11
Sydney-Adelaide,Sydney,Adelaide,All Airlines,Nov-20,273,224,49,203,203,21,21,2020,11
Sydney-Albury,Sydney,Albury,All Airlines,Nov-20,82,82,0,76,77,6,5,2020,11
Sydney-Armidale,Sydney,Armidale,All Airlines,Nov-20,51,51,0,44,47,7,4,2020,11
Sydney-Ballina,Sydney,Ballina,All Airlines,Nov-20,216,216,0,192,184,24,32,2020,11
Sydney-Brisbane,Sydney,Brisbane,All Airlines,Nov-20,148,138,10,116,118,22,20,2020,11
Sydney-Cairns,Sydney,Cairns,All Airlines,Nov-20,19,13,6,12,13,1,0,2020,11
Sydney-Coffs Harbour,Sydney,Coffs Harbour,All Airlines,Nov-20,86,86,0,75,83,11,3,2020,11
Sydney-Dubbo,Sydney,Dubbo,All Airlines,Nov-20,114,114,0,103,104,11,10,2020,11
Sydney-Gold Coast,Sydney,Gold Coast,All Airlines,Nov-20,33,25,8,22,23,3,2,2020,11
Sydney-Hobart,Sydney,Hobart,All Airlines,Nov-20,105,99,6,90,90,9,9,2020,11
Sydney-Launceston,Sydney,Launceston,All Airlines,Nov-20,45,43,2,36,39,7,4,2020,11
Sydney-Melbourne,Sydney,Melbourne,All Airlines,Nov-20,256,250,6,200,199,50,51,2020,11
Sydney-Perth,Sydney,Perth,All Airlines,Nov-20,38,38,0,28,24,10,14,2020,11
Sydney-Wagga Wagga,Sydney,Wagga Wagga,All Airlines,Nov-20,88,88,0,80,82,8,6,2020,11
Townsville-Brisbane,Townsville,Brisbane,All Airlines,Nov-20,184,184,0,171,169,13,15,2020,11
Townsville-Cairns,Townsville,Cairns,All Airlines,Nov-20,101,100,1,93,94,7,6,2020,11
Wagga Wagga-Sydney,Wagga Wagga,Sydney,All Airlines,Nov-20,87,87,0,76,80,11,7,2020,11
Adelaide-Alice Springs,Adelaide,Alice Springs,All Airlines,Dec-20,42,40,2,33,29,7,11,2020,12
Adelaide-Brisbane,Adelaide,Brisbane,All Airlines,Dec-20,156,138,18,112,115,26,23,2020,12
Adelaide-Canberra,Adelaide,Canberra,All Airlines,Dec-20,51,49,2,42,44,7,5,2020,12
Adelaide-Gold Coast,Adelaide,Gold Coast,All Airlines,Dec-20,48,47,1,42,38,5,9,2020,12
Adelaide-Melbourne,Adelaide,Melbourne,All Airlines,Dec-20,267,251,16,208,221,43,30,2020,12
Adelaide-Perth,Adelaide,Perth,All Airlines,Dec-20,60,53,7,46,41,7,12,2020,12
Adelaide-Port Lincoln,Adelaide,Port Lincoln,All Airlines,Dec-20,173,173,0,158,156,15,17,2020,12
Adelaide-Sydney,Adelaide,Sydney,All Airlines,Dec-20,303,226,77,190,201,36,25,2020,12
Albury-Sydney,Albury,Sydney,All Airlines,Dec-20,119,113,6,100,103,13,10,2020,12
Alice Springs-Adelaide,Alice Springs,Adelaide,All Airlines,Dec-20,42,40,2,25,29,15,11,2020,12
Armidale-Sydney,Armidale,Sydney,All Airlines,Dec-20,69,64,5,52,56,12,8,2020,12
Ballina-Sydney,Ballina,Sydney,All Airlines,Dec-20,266,252,14,213,217,39,35,2020,12
Brisbane-Adelaide,Brisbane,Adelaide,All Airlines,Dec-20,157,139,18,119,120,20,19,2020,12
Brisbane-Cairns,Brisbane,Cairns,All Airlines,Dec-20,323,322,1,221,230,101,92,2020,12
Brisbane-Canberra,Brisbane,Canberra,All Airlines,Dec-20,194,192,2,157,171,35,21,2020,12
Brisbane-Darwin,Brisbane,Darwin,All Airlines,Dec-20,89,89,0,73,72,16,17,2020,12
Brisbane-Emerald,Brisbane,Emerald,All Airlines,Dec-20,138,138,0,130,131,8,7,2020,12
Brisbane-Gladstone,Brisbane,Gladstone,All Airlines,Dec-20,137,137,0,122,120,15,17,2020,12
Brisbane-Hamilton Island,Brisbane,Hamilton Island,All Airlines,Dec-20,105,105,0,93,96,12,9,2020,12
Brisbane-Hobart,Brisbane,Hobart,All Airlines,Dec-20,108,108,0,91,99,17,9,2020,12
Brisbane-Mackay,Brisbane,Mackay,All Airlines,Dec-20,223,221,2,169,178,52,43,2020,12
Brisbane-Melbourne,Brisbane,Melbourne,All Airlines,Dec-20,485,470,15,374,363,96,107,2020,12
Brisbane-Mount Isa,Brisbane,Mount Isa,All Airlines,Dec-20,61,60,1,52,55,8,5,2020,12
Brisbane-Newcastle,Brisbane,Newcastle,All Airlines,Dec-20,173,165,8,144,146,21,19,2020,12
Brisbane-Perth,Brisbane,Perth,All Airlines,Dec-20,154,154,0,120,93,34,61,2020,12
Brisbane-Proserpine,Brisbane,Proserpine,All Airlines,Dec-20,72,72,0,56,52,16,20,2020,12
Brisbane-Rockhampton,Brisbane,Rockhampton,All Airlines,Dec-20,223,221,2,186,172,35,49,2020,12
Brisbane-Sydney,Brisbane,Sydney,All Airlines,Dec-20,711,540,171,437,455,103,85,2020,12
Brisbane-Townsville,Brisbane,Townsville,All Airlines,Dec-20,244,243,1,198,193,45,50,2020,12
Broome-Perth,Broome,Perth,All Airlines,Dec-20,144,144,0,121,121,23,23,2020,12
Cairns-Brisbane,Cairns,Brisbane,All Airlines,Dec-20,321,320,1,250,248,70,72,2020,12
Cairns-Melbourne,Cairns,Melbourne,All Airlines,Dec-20,87,86,1,59,59,27,27,2020,12
Cairns-Sydney,Cairns,Sydney,All Airlines,Dec-20,130,100,30,89,89,11,11,2020,12
Cairns-Townsville,Cairns,Townsville,All Airlines,Dec-20,104,104,0,94,95,10,9,2020,12
Canberra-Adelaide,Canberra,Adelaide,All Airlines,Dec-20,51,49,2,39,34,10,15,2020,12
Canberra-Brisbane,Canberra,Brisbane,All Airlines,Dec-20,193,192,1,145,156,47,36,2020,12
Canberra-Melbourne,Canberra,Melbourne,All Airlines,Dec-20,158,145,13,120,114,25,31,2020,12
Coffs Harbour-Sydney,Coffs Harbour,Sydney,All Airlines,Dec-20,100,99,1,86,91,13,8,2020,12
Darwin-Brisbane,Darwin,Brisbane,All Airlines,Dec-20,90,89,1,53,52,36,37,2020,12
Darwin-Perth,Darwin,Perth,All Airlines,Dec-20,23,23,0,9,11,14,12,2020,12
Dubbo-Sydney,Dubbo,Sydney,All Airlines,Dec-20,124,121,3,105,110,16,11,2020,12
Emerald-Brisbane,Emerald,Brisbane,All Airlines,Dec-20,138,136,2,133,132,3,4,2020,12
Gladstone-Brisbane,Gladstone,Brisbane,All Airlines,Dec-20,136,135,1,113,115,22,20,2020,12
Gold Coast-Adelaide,Gold Coast,Adelaide,All Airlines,Dec-20,47,46,1,37,38,9,8,2020,12
Gold Coast-Melbourne,Gold Coast,Melbourne,All Airlines,Dec-20,252,252,0,170,189,82,63,2020,12
Gold Coast-Sydney,Gold Coast,Sydney,All Airlines,Dec-20,306,227,79,156,182,71,45,2020,12
Hamilton Island-Brisbane,Hamilton Island,Brisbane,All Airlines,Dec-20,105,105,0,96,96,9,9,2020,12
Hamilton Island-Sydney,Hamilton Island,Sydney,All Airlines,Dec-20,45,38,7,36,35,2,3,2020,12
Hobart-Brisbane,Hobart,Brisbane,All Airlines,Dec-20,108,108,0,95,89,13,19,2020,12
Hobart-Melbourne,Hobart,Melbourne,All Airlines,Dec-20,242,235,7,187,194,48,41,2020,12
Hobart-Sydney,Hobart,Sydney,All Airlines,Dec-20,215,172,43,148,148,24,24,2020,12
Kalgoorlie-Perth,Kalgoorlie,Perth,All Airlines,Dec-20,121,116,5,99,101,17,15,2020,12
Karratha-Perth,Karratha,Perth,All Airlines,Dec-20,194,186,8,141,152,45,34,2020,12
Launceston-Melbourne,Launceston,Melbourne,All Airlines,Dec-20,190,187,3,155,163,32,24,2020,12
Launceston-Sydney,Launceston,Sydney,All Airlines,Dec-20,119,92,27,72,71,20,21,2020,12
Mackay-Brisbane,Mackay,Brisbane,All Airlines,Dec-20,222,218,4,180,187,38,31,2020,12
Melbourne-Adelaide,Melbourne,Adelaide,All Airlines,Dec-20,267,252,15,211,213,41,39,2020,12
Melbourne-Brisbane,Melbourne,Brisbane,All Airlines,Dec-20,481,468,13,351,337,117,131,2020,12
Melbourne-Cairns,Melbourne,Cairns,All Airlines,Dec-20,87,86,1,59,65,27,21,2020,12
Melbourne-Canberra,Melbourne,Canberra,All Airlines,Dec-20,158,146,12,117,116,29,30,2020,12
Melbourne-Gold Coast,Melbourne,Gold Coast,All Airlines,Dec-20,251,251,0,190,202,61,49,2020,12
Melbourne-Hobart,Melbourne,Hobart,All Airlines,Dec-20,242,237,5,180,185,57,52,2020,12
Melbourne-Launceston,Melbourne,Launceston,All Airlines,Dec-20,190,187,3,159,161,28,26,2020,12
Melbourne-Mildura,Melbourne,Mildura,All Airlines,Dec-20,82,81,1,69,70,12,11,2020,12
Melbourne-Newcastle,Melbourne,Newcastle,All Airlines,Dec-20,118,104,14,83,84,21,20,2020,12
Melbourne-Perth,Melbourne,Perth,All Airlines,Dec-20,149,148,1,113,95,35,53,2020,12
Melbourne-Sunshine Coast,Melbourne,Sunshine Coast,All Airlines,Dec-20,89,88,1,67,67,21,21,2020,12
Melbourne-Sydney,Melbourne,Sydney,All Airlines,Dec-20,1241,806,435,727,751,79,55,2020,12
Mildura-Melbourne,Mildura,Melbourne,All Airlines,Dec-20,82,81,1,60,64,21,17,2020,12
Mount Isa-Brisbane,Mount Isa,Brisbane,All Airlines,Dec-20,61,59,2,52,51,7,8,2020,12
Newcastle-Brisbane,Newcastle,Brisbane,All Airlines,Dec-20,174,167,7,140,142,27,25,2020,12
Newcastle-Melbourne,Newcastle,Melbourne,All Airlines,Dec-20,118,102,16,82,86,20,16,2020,12
Newman-Perth,Newman,Perth,All Airlines,Dec-20,181,171,10,137,137,34,34,2020,12
Perth-Adelaide,Perth,Adelaide,All Airlines,Dec-20,59,53,6,43,43,10,10,2020,12
Perth-Brisbane,Perth,Brisbane,All Airlines,Dec-20,154,154,0,118,118,36,36,2020,12
Perth-Broome,Perth,Broome,All Airlines,Dec-20,144,144,0,125,114,19,30,2020,12
Perth-Darwin,Perth,Darwin,All Airlines,Dec-20,23,23,0,18,17,5,6,2020,12
Perth-Kalgoorlie,Perth,Kalgoorlie,All Airlines,Dec-20,121,117,4,102,102,15,15,2020,12
Perth-Karratha,Perth,Karratha,All Airlines,Dec-20,194,188,6,165,152,23,36,2020,12
Perth-Melbourne,Perth,Melbourne,All Airlines,Dec-20,145,145,0,89,107,56,38,2020,12
Perth-Newman,Perth,Newman,All Airlines,Dec-20,181,173,8,163,159,10,14,2020,12
Perth-Port Hedland,Perth,Port Hedland,All Airlines,Dec-20,167,160,7,149,139,11,21,2020,12
Perth-Sydney,Perth,Sydney,All Airlines,Dec-20,149,100,49,50,61,50,39,2020,12
Port Hedland-Perth,Port Hedland,Perth,All Airlines,Dec-20,168,160,8,113,99,47,61,2020,12
Port Lincoln-Adelaide,Port Lincoln,Adelaide,All Airlines,Dec-20,173,173,0,150,154,23,19,2020,12
Proserpine-Brisbane,Proserpine,Brisbane,All Airlines,Dec-20,73,72,1,49,50,23,22,2020,12
Rockhampton-Brisbane,Rockhampton,Brisbane,All Airlines,Dec-20,222,217,5,153,156,64,61,2020,12
Sunshine Coast-Melbourne,Sunshine Coast,Melbourne,All Airlines,Dec-20,89,88,1,62,62,26,26,2020,12
Sunshine Coast-Sydney,Sunshine Coast,Sydney,All Airlines,Dec-20,116,87,29,72,74,15,13,2020,12
Sydney-Adelaide,Sydney,Adelaide,All Airlines,Dec-20,302,230,72,189,175,41,55,2020,12
Sydney-Albury,Sydney,Albury,All Airlines,Dec-20,116,113,3,97,107,16,6,2020,12
Sydney-Armidale,Sydney,Armidale,All Airlines,Dec-20,68,65,3,51,55,14,10,2020,12
Sydney-Ballina,Sydney,Ballina,All Airlines,Dec-20,268,255,13,233,224,22,31,2020,12
Sydney-Brisbane,Sydney,Brisbane,All Airlines,Dec-20,711,543,168,467,457,76,86,2020,12
Sydney-Cairns,Sydney,Cairns,All Airlines,Dec-20,130,101,29,81,86,20,15,2020,12
Sydney-Coffs Harbour,Sydney,Coffs Harbour,All Airlines,Dec-20,100,99,1,91,93,8,6,2020,12
Sydney-Dubbo,Sydney,Dubbo,All Airlines,Dec-20,121,118,3,103,106,15,12,2020,12
Sydney-Gold Coast,Sydney,Gold Coast,All Airlines,Dec-20,309,228,81,187,176,41,52,2020,12
Sydney-Hamilton Island,Sydney,Hamilton Island,All Airlines,Dec-20,45,38,7,29,34,9,4,2020,12
Sydney-Hobart,Sydney,Hobart,All Airlines,Dec-20,215,171,44,138,148,33,23,2020,12
Sydney-Launceston,Sydney,Launceston,All Airlines,Dec-20,119,92,27,71,73,21,19,2020,12
Sydney-Melbourne,Sydney,Melbourne,All Airlines,Dec-20,1243,808,435,705,708,103,100,2020,12
Sydney-Perth,Sydney,Perth,All Airlines,Dec-20,147,99,48,63,49,36,50,2020,12
Sydney-Sunshine Coast,Sydney,Sunshine Coast,All Airlines,Dec-20,115,86,29,76,74,10,12,2020,12
Sydney-Wagga Wagga,Sydney,Wagga Wagga,All Airlines,Dec-20,113,111,2,97,99,14,12,2020,12
Townsville-Brisbane,Townsville,Brisbane,All Airlines,Dec-20,244,241,3,204,199,37,42,2020,12
Townsville-Cairns,Townsville,Cairns,All Airlines,Dec-20,103,103,0,87,89,16,14,2020,12
Wagga Wagga-Sydney,Wagga Wagga,Sydney,All Airlines,Dec-20,113,111,2,99,99,12,12,2020,12
Adelaide-Alice Springs,Adelaide,Alice Springs,All Airlines,Jan-21,44,44,0,35,35,9,9,2021,1
Adelaide-Brisbane,Adelaide,Brisbane,All Airlines,Jan-21,204,189,15,168,174,21,15,2021,1
Adelaide-Canberra,Adelaide,Canberra,All Airlines,Jan-21,60,59,1,54,53,5,6,2021,1
Adelaide-Gold Coast,Adelaide,Gold Coast,All Airlines,Jan-21,66,66,0,60,60,6,6,2021,1
Adelaide-Melbourne,Adelaide,Melbourne,All Airlines,Jan-21,289,287,2,261,270,26,17,2021,1
Adelaide-Perth,Adelaide,Perth,All Airlines,Jan-21,110,110,0,86,93,24,17,2021,1
Adelaide-Port Lincoln,Adelaide,Port Lincoln,All Airlines,Jan-21,166,165,1,155,153,10,12,2021,1
Adelaide-Sydney,Adelaide,Sydney,All Airlines,Jan-21,105,78,27,72,74,6,4,2021,1
Albury-Sydney,Albury,Sydney,All Airlines,Jan-21,62,60,2,56,57,4,3,2021,1
Alice Springs-Adelaide,Alice Springs,Adelaide,All Airlines,Jan-21,44,44,0,39,39,5,5,2021,1
Armidale-Sydney,Armidale,Sydney,All Airlines,Jan-21,29,29,0,27,27,2,2,2021,1
Ballina-Sydney,Ballina,Sydney,All Airlines,Jan-21,237,234,3,211,223,23,11,2021,1
Brisbane-Adelaide,Brisbane,Adelaide,All Airlines,Jan-21,202,188,14,165,177,23,11,2021,1
Brisbane-Cairns,Brisbane,Cairns,All Airlines,Jan-21,338,321,17,268,264,53,57,2021,1
Brisbane-Canberra,Brisbane,Canberra,All Airlines,Jan-21,203,192,11,177,183,15,9,2021,1
Brisbane-Darwin,Brisbane,Darwin,All Airlines,Jan-21,89,89,0,80,77,9,12,2021,1
Brisbane-Emerald,Brisbane,Emerald,All Airlines,Jan-21,131,122,9,121,121,1,1,2021,1
Brisbane-Gladstone,Brisbane,Gladstone,All Airlines,Jan-21,137,130,7,126,126,4,4,2021,1
Brisbane-Hamilton Island,Brisbane,Hamilton Island,All Airlines,Jan-21,112,109,3,100,93,9,16,2021,1
Brisbane-Hobart,Brisbane,Hobart,All Airlines,Jan-21,116,111,5,94,101,17,10,2021,1
Brisbane-Mackay,Brisbane,Mackay,All Airlines,Jan-21,214,208,6,191,191,17,17,2021,1
Brisbane-Melbourne,Brisbane,Melbourne,All Airlines,Jan-21,571,440,131,371,391,69,49,2021,1
Brisbane-Mount Isa,Brisbane,Mount Isa,All Airlines,Jan-21,60,60,0,57,58,3,2,2021,1
Brisbane-Newcastle,Brisbane,Newcastle,All Airlines,Jan-21,148,125,23,111,112,14,13,2021,1
Brisbane-Perth,Brisbane,Perth,All Airlines,Jan-21,138,123,15,99,101,24,22,2021,1
Brisbane-Proserpine,Brisbane,Proserpine,All Airlines,Jan-21,73,70,3,61,55,9,15,2021,1
Brisbane-Rockhampton,Brisbane,Rockhampton,All Airlines,Jan-21,211,197,14,182,181,15,16,2021,1
Brisbane-Sydney,Brisbane,Sydney,All Airlines,Jan-21,220,170,50,147,152,23,18,2021,1
Brisbane-Townsville,Brisbane,Townsville,All Airlines,Jan-21,248,229,19,209,201,20,28,2021,1
Broome-Perth,Broome,Perth,All Airlines,Jan-21,126,123,3,99,95,24,28,2021,1
Cairns-Brisbane,Cairns,Brisbane,All Airlines,Jan-21,338,321,17,276,277,45,44,2021,1
Cairns-Melbourne,Cairns,Melbourne,All Airlines,Jan-21,134,134,0,107,116,27,18,2021,1
Cairns-Sydney,Cairns,Sydney,All Airlines,Jan-21,56,44,12,42,43,2,1,2021,1
Cairns-Townsville,Cairns,Townsville,All Airlines,Jan-21,100,98,2,88,88,10,10,2021,1
Canberra-Adelaide,Canberra,Adelaide,All Airlines,Jan-21,60,59,1,47,49,12,10,2021,1
Canberra-Brisbane,Canberra,Brisbane,All Airlines,Jan-21,202,190,12,169,173,21,17,2021,1
Canberra-Melbourne,Canberra,Melbourne,All Airlines,Jan-21,173,172,1,153,158,19,14,2021,1
Coffs Harbour-Sydney,Coffs Harbour,Sydney,All Airlines,Jan-21,89,89,0,81,85,8,4,2021,1
Darwin-Brisbane,Darwin,Brisbane,All Airlines,Jan-21,89,89,0,67,69,22,20,2021,1
Darwin-Perth,Darwin,Perth,All Airlines,Jan-21,31,31,0,25,26,6,5,2021,1
Dubbo-Sydney,Dubbo,Sydney,All Airlines,Jan-21,71,70,1,61,66,9,4,2021,1
Emerald-Brisbane,Emerald,Brisbane,All Airlines,Jan-21,131,121,10,119,119,2,2,2021,1
Gladstone-Brisbane,Gladstone,Brisbane,All Airlines,Jan-21,137,130,7,121,124,9,6,2021,1
Gold Coast-Adelaide,Gold Coast,Adelaide,All Airlines,Jan-21,66,66,0,60,62,6,4,2021,1
Gold Coast-Melbourne,Gold Coast,Melbourne,All Airlines,Jan-21,416,416,0,366,375,50,41,2021,1
Gold Coast-Sydney,Gold Coast,Sydney,All Airlines,Jan-21,83,60,23,56,56,4,4,2021,1
Hamilton Island-Brisbane,Hamilton Island,Brisbane,All Airlines,Jan-21,113,110,3,92,94,18,16,2021,1
Hamilton Island-Sydney,Hamilton Island,Sydney,All Airlines,Jan-21,26,18,8,16,17,2,1,2021,1
Hobart-Brisbane,Hobart,Brisbane,All Airlines,Jan-21,115,110,5,89,88,21,22,2021,1
Hobart-Melbourne,Hobart,Melbourne,All Airlines,Jan-21,346,326,20,282,287,44,39,2021,1
Hobart-Sydney,Hobart,Sydney,All Airlines,Jan-21,78,49,29,46,48,3,1,2021,1
Kalgoorlie-Perth,Kalgoorlie,Perth,All Airlines,Jan-21,126,123,3,108,108,15,15,2021,1
Karratha-Perth,Karratha,Perth,All Airlines,Jan-21,195,176,19,153,151,23,25,2021,1
Launceston-Melbourne,Launceston,Melbourne,All Airlines,Jan-21,270,241,29,217,221,24,20,2021,1
Launceston-Sydney,Launceston,Sydney,All Airlines,Jan-21,39,33,6,30,31,3,2,2021,1
Mackay-Brisbane,Mackay,Brisbane,All Airlines,Jan-21,213,206,7,194,197,12,9,2021,1
Melbourne-Adelaide,Melbourne,Adelaide,All Airlines,Jan-21,292,290,2,262,263,28,27,2021,1
Melbourne-Brisbane,Melbourne,Brisbane,All Airlines,Jan-21,561,433,128,383,374,50,59,2021,1
Melbourne-Cairns,Melbourne,Cairns,All Airlines,Jan-21,134,134,0,121,115,13,19,2021,1
Melbourne-Canberra,Melbourne,Canberra,All Airlines,Jan-21,173,171,2,148,142,23,29,2021,1
Melbourne-Gold Coast,Melbourne,Gold Coast,All Airlines,Jan-21,417,417,0,382,385,35,32,2021,1
Melbourne-Hobart,Melbourne,Hobart,All Airlines,Jan-21,347,325,22,286,287,39,38,2021,1
Melbourne-Launceston,Melbourne,Launceston,All Airlines,Jan-21,268,241,27,220,221,21,20,2021,1
Melbourne-Mildura,Melbourne,Mildura,All Airlines,Jan-21,79,79,0,69,67,10,12,2021,1
Melbourne-Newcastle,Melbourne,Newcastle,All Airlines,Jan-21,62,46,16,42,42,4,4,2021,1
Melbourne-Perth,Melbourne,Perth,All Airlines,Jan-21,135,97,38,77,72,20,25,2021,1
Melbourne-Sunshine Coast,Melbourne,Sunshine Coast,All Airlines,Jan-21,176,176,0,157,151,19,25,2021,1
Melbourne-Sydney,Melbourne,Sydney,All Airlines,Jan-21,257,204,53,172,176,32,28,2021,1
Mildura-Melbourne,Mildura,Melbourne,All Airlines,Jan-21,79,79,0,69,66,10,13,2021,1
Mount Isa-Brisbane,Mount Isa,Brisbane,All Airlines,Jan-21,60,60,0,59,58,1,2,2021,1
Newcastle-Brisbane,Newcastle,Brisbane,All Airlines,Jan-21,143,125,18,108,109,17,16,2021,1
Newcastle-Melbourne,Newcastle,Melbourne,All Airlines,Jan-21,61,44,17,38,39,6,5,2021,1
Newman-Perth,Newman,Perth,All Airlines,Jan-21,167,163,4,135,141,28,22,2021,1
Perth-Adelaide,Perth,Adelaide,All Airlines,Jan-21,110,110,0,94,80,16,30,2021,1
Perth-Brisbane,Perth,Brisbane,All Airlines,Jan-21,138,121,17,87,88,34,33,2021,1
Perth-Broome,Perth,Broome,All Airlines,Jan-21,125,122,3,102,90,20,32,2021,1
Perth-Darwin,Perth,Darwin,All Airlines,Jan-21,31,31,0,27,25,4,6,2021,1
Perth-Kalgoorlie,Perth,Kalgoorlie,All Airlines,Jan-21,126,123,3,111,110,12,13,2021,1
Perth-Karratha,Perth,Karratha,All Airlines,Jan-21,198,183,15,166,155,17,28,2021,1
Perth-Melbourne,Perth,Melbourne,All Airlines,Jan-21,137,100,37,54,42,46,58,2021,1
Perth-Newman,Perth,Newman,All Airlines,Jan-21,167,163,4,155,155,8,8,2021,1
Perth-Port Hedland,Perth,Port Hedland,All Airlines,Jan-21,172,162,10,147,141,15,21,2021,1
Perth-Sydney,Perth,Sydney,All Airlines,Jan-21,43,43,0,21,24,22,19,2021,1
Port Hedland-Perth,Port Hedland,Perth,All Airlines,Jan-21,174,160,14,130,109,30,51,2021,1
Port Lincoln-Adelaide,Port Lincoln,Adelaide,All Airlines,Jan-21,166,165,1,148,147,17,18,2021,1
Proserpine-Brisbane,Proserpine,Brisbane,All Airlines,Jan-21,73,70,3,58,59,12,11,2021,1
Rockhampton-Brisbane,Rockhampton,Brisbane,All Airlines,Jan-21,212,196,16,172,181,24,15,2021,1
Sunshine Coast-Melbourne,Sunshine Coast,Melbourne,All Airlines,Jan-21,177,175,2,141,148,34,27,2021,1
Sunshine Coast-Sydney,Sunshine Coast,Sydney,All Airlines,Jan-21,35,29,6,26,27,3,2,2021,1
Sydney-Adelaide,Sydney,Adelaide,All Airlines,Jan-21,106,78,28,72,75,6,3,2021,1
Sydney-Albury,Sydney,Albury,All Airlines,Jan-21,65,63,2,56,58,7,5,2021,1
Sydney-Armidale,Sydney,Armidale,All Airlines,Jan-21,29,29,0,25,27,4,2,2021,1
Sydney-Ballina,Sydney,Ballina,All Airlines,Jan-21,237,234,3,222,222,12,12,2021,1
Sydney-Brisbane,Sydney,Brisbane,All Airlines,Jan-21,223,170,53,159,157,11,13,2021,1
Sydney-Cairns,Sydney,Cairns,All Airlines,Jan-21,56,45,11,40,41,5,4,2021,1
Sydney-Coffs Harbour,Sydney,Coffs Harbour,All Airlines,Jan-21,89,89,0,84,83,5,6,2021,1
Sydney-Dubbo,Sydney,Dubbo,All Airlines,Jan-21,74,72,2,64,65,8,7,2021,1
Sydney-Gold Coast,Sydney,Gold Coast,All Airlines,Jan-21,83,60,23,58,58,2,2,2021,1
Sydney-Hamilton Island,Sydney,Hamilton Island,All Airlines,Jan-21,26,18,8,18,16,0,2,2021,1
Sydney-Hobart,Sydney,Hobart,All Airlines,Jan-21,78,49,29,45,46,4,3,2021,1
Sydney-Launceston,Sydney,Launceston,All Airlines,Jan-21,46,33,13,31,30,2,3,2021,1
Sydney-Melbourne,Sydney,Melbourne,All Airlines,Jan-21,257,206,51,172,176,34,30,2021,1
Sydney-Perth,Sydney,Perth,All Airlines,Jan-21,44,44,0,40,36,4,8,2021,1
Sydney-Sunshine Coast,Sydney,Sunshine Coast,All Airlines,Jan-21,36,30,6,29,29,1,1,2021,1
Sydney-Wagga Wagga,Sydney,Wagga Wagga,All Airlines,Jan-21,76,76,0,74,74,2,2,2021,1
Townsville-Brisbane,Townsville,Brisbane,All Airlines,Jan-21,247,227,20,195,205,32,22,2021,1
Townsville-Cairns,Townsville,Cairns,All Airlines,Jan-21,100,98,2,87,86,11,12,2021,1
Wagga Wagga-Sydney,Wagga Wagga,Sydney,All Airlines,Jan-21,77,77,0,75,75,2,2,2021,1
Adelaide-Alice Springs,Adelaide,Alice Springs,All Airlines,Feb-21,40,40,0,39,40,1,0,2021,2
Adelaide-Brisbane,Adelaide,Brisbane,All Airlines,Feb-21,162,161,1,143,149,18,12,2021,2
Adelaide-Canberra,Adelaide,Canberra,All Airlines,Feb-21,45,45,0,44,43,1,2,2021,2
Adelaide-Gold Coast,Adelaide,Gold Coast,All Airlines,Feb-21,52,52,0,48,49,4,3,2021,2
Adelaide-Melbourne,Adelaide,Melbourne,All Airlines,Feb-21,289,184,105,169,173,15,11,2021,2
Adelaide-Perth,Adelaide,Perth,All Airlines,Feb-21,104,94,10,85,89,9,5,2021,2
Adelaide-Port Lincoln,Adelaide,Port Lincoln,All Airlines,Feb-21,168,168,0,158,158,10,10,2021,2
Adelaide-Sydney,Adelaide,Sydney,All Airlines,Feb-21,160,158,2,142,137,16,21,2021,2
Albury-Sydney,Albury,Sydney,All Airlines,Feb-21,83,83,0,76,76,7,7,2021,2
Alice Springs-Adelaide,Alice Springs,Adelaide,All Airlines,Feb-21,40,40,0,35,36,5,4,2021,2
Armidale-Sydney,Armidale,Sydney,All Airlines,Feb-21,49,48,1,37,37,11,11,2021,2
Ballina-Sydney,Ballina,Sydney,All Airlines,Feb-21,190,190,0,162,163,28,27,2021,2
Brisbane-Adelaide,Brisbane,Adelaide,All Airlines,Feb-21,163,162,1,150,151,12,11,2021,2
Brisbane-Cairns,Brisbane,Cairns,All Airlines,Feb-21,250,245,5,218,214,27,31,2021,2
Brisbane-Canberra,Brisbane,Canberra,All Airlines,Feb-21,210,207,3,191,198,16,9,2021,2
Brisbane-Darwin,Brisbane,Darwin,All Airlines,Feb-21,66,66,0,54,57,12,9,2021,2
Brisbane-Emerald,Brisbane,Emerald,All Airlines,Feb-21,132,126,6,123,124,3,2,2021,2
Brisbane-Gladstone,Brisbane,Gladstone,All Airlines,Feb-21,118,118,0,112,108,6,10,2021,2
Brisbane-Hamilton Island,Brisbane,Hamilton Island,All Airlines,Feb-21,58,57,1,54,51,3,6,2021,2
Brisbane-Hobart,Brisbane,Hobart,All Airlines,Feb-21,76,76,0,69,74,7,2,2021,2
Brisbane-Mackay,Brisbane,Mackay,All Airlines,Feb-21,194,192,2,176,181,16,11,2021,2
Brisbane-Melbourne,Brisbane,Melbourne,All Airlines,Feb-21,340,251,89,213,217,38,34,2021,2
Brisbane-Mount Isa,Brisbane,Mount Isa,All Airlines,Feb-21,60,60,0,55,56,5,4,2021,2
Brisbane-Newcastle,Brisbane,Newcastle,All Airlines,Feb-21,144,141,3,130,133,11,8,2021,2
Brisbane-Perth,Brisbane,Perth,All Airlines,Feb-21,61,58,3,43,48,15,10,2021,2
Brisbane-Proserpine,Brisbane,Proserpine,All Airlines,Feb-21,56,56,0,53,49,3,7,2021,2
Brisbane-Rockhampton,Brisbane,Rockhampton,All Airlines,Feb-21,179,174,5,157,150,17,24,2021,2
Brisbane-Sydney,Brisbane,Sydney,All Airlines,Feb-21,546,528,18,486,500,42,28,2021,2
Brisbane-Townsville,Brisbane,Townsville,All Airlines,Feb-21,199,196,3,176,177,20,19,2021,2
Broome-Perth,Broome,Perth,All Airlines,Feb-21,103,93,10,81,86,12,7,2021,2
Cairns-Brisbane,Cairns,Brisbane,All Airlines,Feb-21,249,244,5,232,232,12,12,2021,2
Cairns-Melbourne,Cairns,Melbourne,All Airlines,Feb-21,89,63,26,56,55,7,8,2021,2
Cairns-Sydney,Cairns,Sydney,All Airlines,Feb-21,54,51,3,49,51,2,0,2021,2
Cairns-Townsville,Cairns,Townsville,All Airlines,Feb-21,92,92,0,80,80,12,12,2021,2
Canberra-Adelaide,Canberra,Adelaide,All Airlines,Feb-21,45,45,0,42,42,3,3,2021,2
Canberra-Brisbane,Canberra,Brisbane,All Airlines,Feb-21,210,206,4,188,191,18,15,2021,2
Canberra-Melbourne,Canberra,Melbourne,All Airlines,Feb-21,217,170,47,159,158,11,12,2021,2
Coffs Harbour-Sydney,Coffs Harbour,Sydney,All Airlines,Feb-21,98,97,1,88,92,9,5,2021,2
Darwin-Brisbane,Darwin,Brisbane,All Airlines,Feb-21,66,66,0,48,51,18,15,2021,2
Darwin-Perth,Darwin,Perth,All Airlines,Feb-21,34,33,1,28,26,5,7,2021,2
Dubbo-Sydney,Dubbo,Sydney,All Airlines,Feb-21,110,110,0,101,102,9,8,2021,2
Emerald-Brisbane,Emerald,Brisbane,All Airlines,Feb-21,132,126,6,122,120,4,6,2021,2
Gladstone-Brisbane,Gladstone,Brisbane,All Airlines,Feb-21,118,118,0,108,107,10,11,2021,2
Gold Coast-Adelaide,Gold Coast,Adelaide,All Airlines,Feb-21,52,52,0,48,49,4,3,2021,2
Gold Coast-Melbourne,Gold Coast,Melbourne,All Airlines,Feb-21,251,184,67,177,181,7,3,2021,2
Gold Coast-Sydney,Gold Coast,Sydney,All Airlines,Feb-21,233,226,7,208,217,18,9,2021,2
Hamilton Island-Brisbane,Hamilton Island,Brisbane,All Airlines,Feb-21,58,57,1,48,50,9,7,2021,2
Hamilton Island-Sydney,Hamilton Island,Sydney,All Airlines,Feb-21,37,37,0,34,36,3,1,2021,2
Hobart-Brisbane,Hobart,Brisbane,All Airlines,Feb-21,76,76,0,69,69,7,7,2021,2
Hobart-Melbourne,Hobart,Melbourne,All Airlines,Feb-21,232,187,45,165,167,22,20,2021,2
Hobart-Sydney,Hobart,Sydney,All Airlines,Feb-21,97,97,0,87,91,10,6,2021,2
Kalgoorlie-Perth,Kalgoorlie,Perth,All Airlines,Feb-21,119,110,9,87,89,23,21,2021,2
Karratha-Perth,Karratha,Perth,All Airlines,Feb-21,180,164,16,131,133,33,31,2021,2
Launceston-Melbourne,Launceston,Melbourne,All Airlines,Feb-21,168,129,39,125,128,4,1,2021,2
Launceston-Sydney,Launceston,Sydney,All Airlines,Feb-21,67,66,1,55,57,11,9,2021,2
Mackay-Brisbane,Mackay,Brisbane,All Airlines,Feb-21,193,191,2,185,186,6,5,2021,2
Melbourne-Adelaide,Melbourne,Adelaide,All Airlines,Feb-21,288,184,104,173,168,11,16,2021,2
Melbourne-Brisbane,Melbourne,Brisbane,All Airlines,Feb-21,337,248,89,215,217,33,31,2021,2
Melbourne-Cairns,Melbourne,Cairns,All Airlines,Feb-21,89,63,26,55,55,8,8,2021,2
Melbourne-Canberra,Melbourne,Canberra,All Airlines,Feb-21,219,170,49,152,150,18,20,2021,2
Melbourne-Gold Coast,Melbourne,Gold Coast,All Airlines,Feb-21,250,181,69,168,175,13,6,2021,2
Melbourne-Hobart,Melbourne,Hobart,All Airlines,Feb-21,232,186,46,174,173,12,13,2021,2
Melbourne-Launceston,Melbourne,Launceston,All Airlines,Feb-21,168,129,39,120,124,9,5,2021,2
Melbourne-Mildura,Melbourne,Mildura,All Airlines,Feb-21,92,82,10,75,73,7,9,2021,2
Melbourne-Newcastle,Melbourne,Newcastle,All Airlines,Feb-21,56,51,5,48,48,3,3,2021,2
Melbourne-Perth,Melbourne,Perth,All Airlines,Feb-21,63,46,17,44,33,2,13,2021,2
Melbourne-Sunshine Coast,Melbourne,Sunshine Coast,All Airlines,Feb-21,111,92,19,85,83,7,9,2021,2
Melbourne-Sydney,Melbourne,Sydney,All Airlines,Feb-21,761,556,205,502,513,54,43,2021,2
Mildura-Melbourne,Mildura,Melbourne,All Airlines,Feb-21,92,82,10,73,71,9,11,2021,2
Mount Isa-Brisbane,Mount Isa,Brisbane,All Airlines,Feb-21,60,60,0,57,56,3,4,2021,2
Newcastle-Brisbane,Newcastle,Brisbane,All Airlines,Feb-21,145,141,4,134,132,7,9,2021,2
Newcastle-Melbourne,Newcastle,Melbourne,All Airlines,Feb-21,55,49,6,46,47,3,2,2021,2
Newman-Perth,Newman,Perth,All Airlines,Feb-21,165,142,23,107,109,35,33,2021,2
Perth-Adelaide,Perth,Adelaide,All Airlines,Feb-21,104,95,9,85,88,10,7,2021,2
Perth-Brisbane,Perth,Brisbane,All Airlines,Feb-21,62,57,5,36,41,21,16,2021,2
Perth-Broome,Perth,Broome,All Airlines,Feb-21,101,92,9,77,59,15,33,2021,2
Perth-Darwin,Perth,Darwin,All Airlines,Feb-21,34,33,1,29,28,4,5,2021,2
Perth-Kalgoorlie,Perth,Kalgoorlie,All Airlines,Feb-21,119,110,9,94,93,16,17,2021,2
Perth-Karratha,Perth,Karratha,All Airlines,Feb-21,181,166,15,142,131,24,35,2021,2
Perth-Melbourne,Perth,Melbourne,All Airlines,Feb-21,65,45,20,30,38,15,7,2021,2
Perth-Newman,Perth,Newman,All Airlines,Feb-21,166,144,22,126,120,18,24,2021,2
Perth-Port Hedland,Perth,Port Hedland,All Airlines,Feb-21,156,143,13,126,113,17,30,2021,2
Perth-Sydney,Perth,Sydney,All Airlines,Feb-21,68,62,6,47,43,15,19,2021,2
Port Hedland-Perth,Port Hedland,Perth,All Airlines,Feb-21,155,142,13,118,108,24,34,2021,2
Port Lincoln-Adelaide,Port Lincoln,Adelaide,All Airlines,Feb-21,168,168,0,143,146,25,22,2021,2
Proserpine-Brisbane,Proserpine,Brisbane,All Airlines,Feb-21,56,56,0,50,50,6,6,2021,2
Rockhampton-Brisbane,Rockhampton,Brisbane,All Airlines,Feb-21,179,174,5,145,149,29,25,2021,2
Sunshine Coast-Melbourne,Sunshine Coast,Melbourne,All Airlines,Feb-21,111,92,19,85,84,7,8,2021,2
Sunshine Coast-Sydney,Sunshine Coast,Sydney,All Airlines,Feb-21,83,82,1,69,68,13,14,2021,2
Sydney-Adelaide,Sydney,Adelaide,All Airlines,Feb-21,161,159,2,135,147,24,12,2021,2
Sydney-Albury,Sydney,Albury,All Airlines,Feb-21,86,86,0,80,80,6,6,2021,2
Sydney-Armidale,Sydney,Armidale,All Airlines,Feb-21,49,49,0,38,39,11,10,2021,2
Sydney-Ballina,Sydney,Ballina,All Airlines,Feb-21,192,192,0,178,165,14,27,2021,2
Sydney-Brisbane,Sydney,Brisbane,All Airlines,Feb-21,542,524,18,475,473,49,51,2021,2
Sydney-Cairns,Sydney,Cairns,All Airlines,Feb-21,54,51,3,44,45,7,6,2021,2
Sydney-Coffs Harbour,Sydney,Coffs Harbour,All Airlines,Feb-21,99,98,1,92,93,6,5,2021,2
Sydney-Dubbo,Sydney,Dubbo,All Airlines,Feb-21,111,111,0,105,103,6,8,2021,2
Sydney-Gold Coast,Sydney,Gold Coast,All Airlines,Feb-21,235,228,7,215,210,13,18,2021,2
Sydney-Hamilton Island,Sydney,Hamilton Island,All Airlines,Feb-21,37,37,0,35,36,2,1,2021,2
Sydney-Hobart,Sydney,Hobart,All Airlines,Feb-21,97,97,0,88,90,9,7,2021,2
Sydney-Launceston,Sydney,Launceston,All Airlines,Feb-21,67,66,1,58,58,8,8,2021,2
Sydney-Melbourne,Sydney,Melbourne,All Airlines,Feb-21,761,558,203,458,496,100,62,2021,2
Sydney-Perth,Sydney,Perth,All Airlines,Feb-21,66,63,3,51,55,12,8,2021,2
Sydney-Sunshine Coast,Sydney,Sunshine Coast,All Airlines,Feb-21,83,83,0,70,72,13,11,2021,2
Sydney-Wagga Wagga,Sydney,Wagga Wagga,All Airlines,Feb-21,100,100,0,91,92,9,8,2021,2
Townsville-Brisbane,Townsville,Brisbane,All Airlines,Feb-21,200,195,5,176,180,19,15,2021,2
Townsville-Cairns,Townsville,Cairns,All Airlines,Feb-21,92,91,1,80,83,11,8,2021,2
Wagga Wagga-Sydney,Wagga Wagga,Sydney,All Airlines,Feb-21,99,99,0,93,95,6,4,2021,2
Adelaide-Alice Springs,Adelaide,Alice Springs,All Airlines,Mar-21,48,48,0,38,36,10,12,2021,3
Adelaide-Brisbane,Adelaide,Brisbane,All Airlines,Mar-21,223,219,4,191,196,28,23,2021,3
Adelaide-Canberra,Adelaide,Canberra,All Airlines,Mar-21,56,56,0,49,50,7,6,2021,3
Adelaide-Gold Coast,Adelaide,Gold Coast,All Airlines,Mar-21,57,57,0,53,52,4,5,2021,3
Adelaide-Melbourne,Adelaide,Melbourne,All Airlines,Mar-21,299,298,1,246,258,52,40,2021,3
Adelaide-Perth,Adelaide,Perth,All Airlines,Mar-21,141,140,1,120,130,20,10,2021,3
Adelaide-Port Lincoln,Adelaide,Port Lincoln,All Airlines,Mar-21,230,227,3,199,200,28,27,2021,3
Adelaide-Sydney,Adelaide,Sydney,All Airlines,Mar-21,375,372,3,340,327,32,45,2021,3
Albury-Sydney,Albury,Sydney,All Airlines,Mar-21,145,145,0,118,118,27,27,2021,3
Alice Springs-Adelaide,Alice Springs,Adelaide,All Airlines,Mar-21,48,48,0,38,42,10,6,2021,3
Armidale-Sydney,Armidale,Sydney,All Airlines,Mar-21,75,74,1,57,56,17,18,2021,3
Ballina-Sydney,Ballina,Sydney,All Airlines,Mar-21,244,238,6,176,171,62,67,2021,3
Brisbane-Adelaide,Brisbane,Adelaide,All Airlines,Mar-21,223,219,4,193,199,26,20,2021,3
Brisbane-Cairns,Brisbane,Cairns,All Airlines,Mar-21,306,298,8,238,240,60,58,2021,3
Brisbane-Canberra,Brisbane,Canberra,All Airlines,Mar-21,246,237,9,200,215,37,22,2021,3
Brisbane-Darwin,Brisbane,Darwin,All Airlines,Mar-21,79,79,0,67,64,12,15,2021,3
Brisbane-Emerald,Brisbane,Emerald,All Airlines,Mar-21,153,150,3,142,143,8,7,2021,3
Brisbane-Gladstone,Brisbane,Gladstone,All Airlines,Mar-21,149,143,6,133,131,10,12,2021,3
Brisbane-Hamilton Island,Brisbane,Hamilton Island,All Airlines,Mar-21,79,78,1,69,69,9,9,2021,3
Brisbane-Hobart,Brisbane,Hobart,All Airlines,Mar-21,84,84,0,72,73,12,11,2021,3
Brisbane-Mackay,Brisbane,Mackay,All Airlines,Mar-21,243,241,2,203,204,38,37,2021,3
Brisbane-Melbourne,Brisbane,Melbourne,All Airlines,Mar-21,506,481,25,410,400,71,81,2021,3
Brisbane-Mount Isa,Brisbane,Mount Isa,All Airlines,Mar-21,70,68,2,62,60,6,8,2021,3
Brisbane-Newcastle,Brisbane,Newcastle,All Airlines,Mar-21,189,167,22,148,147,19,20,2021,3
Brisbane-Perth,Brisbane,Perth,All Airlines,Mar-21,154,146,8,103,103,43,43,2021,3
Brisbane-Proserpine,Brisbane,Proserpine,All Airlines,Mar-21,72,72,0,60,55,12,17,2021,3
Brisbane-Rockhampton,Brisbane,Rockhampton,All Airlines,Mar-21,230,225,5,192,182,33,43,2021,3
Brisbane-Sydney,Brisbane,Sydney,All Airlines,Mar-21,896,846,50,741,755,105,91,2021,3
Brisbane-Townsville,Brisbane,Townsville,All Airlines,Mar-21,257,254,3,211,213,43,41,2021,3
Broome-Perth,Broome,Perth,All Airlines,Mar-21,120,119,1,101,94,18,25,2021,3
Cairns-Brisbane,Cairns,Brisbane,All Airlines,Mar-21,308,299,9,264,269,35,30,2021,3
Cairns-Melbourne,Cairns,Melbourne,All Airlines,Mar-21,112,108,4,98,99,10,9,2021,3
Cairns-Sydney,Cairns,Sydney,All Airlines,Mar-21,106,105,1,85,87,20,18,2021,3
Cairns-Townsville,Cairns,Townsville,All Airlines,Mar-21,109,109,0,97,97,12,12,2021,3
Canberra-Adelaide,Canberra,Adelaide,All Airlines,Mar-21,56,56,0,49,50,7,6,2021,3
Canberra-Brisbane,Canberra,Brisbane,All Airlines,Mar-21,245,235,10,213,216,22,19,2021,3
Canberra-Melbourne,Canberra,Melbourne,All Airlines,Mar-21,196,193,3,155,156,38,37,2021,3
Coffs Harbour-Sydney,Coffs Harbour,Sydney,All Airlines,Mar-21,151,150,1,123,127,27,23,2021,3
Darwin-Brisbane,Darwin,Brisbane,All Airlines,Mar-21,78,77,1,48,55,29,22,2021,3
Darwin-Perth,Darwin,Perth,All Airlines,Mar-21,46,46,0,32,30,14,16,2021,3
Dubbo-Sydney,Dubbo,Sydney,All Airlines,Mar-21,156,154,2,137,133,17,21,2021,3
Emerald-Brisbane,Emerald,Brisbane,All Airlines,Mar-21,153,150,3,145,146,5,4,2021,3
Gladstone-Brisbane,Gladstone,Brisbane,All Airlines,Mar-21,148,142,6,130,125,12,17,2021,3
Gold Coast-Adelaide,Gold Coast,Adelaide,All Airlines,Mar-21,57,57,0,49,51,8,6,2021,3
Gold Coast-Melbourne,Gold Coast,Melbourne,All Airlines,Mar-21,312,311,1,259,272,52,39,2021,3
Gold Coast-Sydney,Gold Coast,Sydney,All Airlines,Mar-21,422,420,2,367,380,53,40,2021,3
Hamilton Island-Brisbane,Hamilton Island,Brisbane,All Airlines,Mar-21,79,78,1,66,67,12,11,2021,3
Hamilton Island-Sydney,Hamilton Island,Sydney,All Airlines,Mar-21,70,70,0,60,60,10,10,2021,3
Hobart-Brisbane,Hobart,Brisbane,All Airlines,Mar-21,84,84,0,69,71,15,13,2021,3
Hobart-Melbourne,Hobart,Melbourne,All Airlines,Mar-21,284,283,1,235,239,48,44,2021,3
Hobart-Sydney,Hobart,Sydney,All Airlines,Mar-21,195,192,3,166,169,26,23,2021,3
Kalgoorlie-Perth,Kalgoorlie,Perth,All Airlines,Mar-21,134,134,0,92,93,42,41,2021,3
Karratha-Perth,Karratha,Perth,All Airlines,Mar-21,199,191,8,147,146,44,45,2021,3
Launceston-Melbourne,Launceston,Melbourne,All Airlines,Mar-21,207,207,0,194,196,13,11,2021,3
Launceston-Sydney,Launceston,Sydney,All Airlines,Mar-21,99,99,0,80,81,19,18,2021,3
Mackay-Brisbane,Mackay,Brisbane,All Airlines,Mar-21,243,240,3,215,219,25,21,2021,3
Melbourne-Adelaide,Melbourne,Adelaide,All Airlines,Mar-21,299,299,0,261,268,38,31,2021,3
Melbourne-Brisbane,Melbourne,Brisbane,All Airlines,Mar-21,502,479,23,406,387,73,92,2021,3
Melbourne-Cairns,Melbourne,Cairns,All Airlines,Mar-21,112,110,2,95,102,15,8,2021,3
Melbourne-Canberra,Melbourne,Canberra,All Airlines,Mar-21,194,193,1,166,158,27,35,2021,3
Melbourne-Gold Coast,Melbourne,Gold Coast,All Airlines,Mar-21,314,313,1,265,267,48,46,2021,3
Melbourne-Hobart,Melbourne,Hobart,All Airlines,Mar-21,286,286,0,240,241,46,45,2021,3
Melbourne-Launceston,Melbourne,Launceston,All Airlines,Mar-21,209,209,0,189,192,20,17,2021,3
Melbourne-Mildura,Melbourne,Mildura,All Airlines,Mar-21,119,119,0,99,102,20,17,2021,3
Melbourne-Newcastle,Melbourne,Newcastle,All Airlines,Mar-21,124,107,17,92,91,15,16,2021,3
Melbourne-Perth,Melbourne,Perth,All Airlines,Mar-21,127,122,5,92,104,30,18,2021,3
Melbourne-Sunshine Coast,Melbourne,Sunshine Coast,All Airlines,Mar-21,160,160,0,143,136,17,24,2021,3
Melbourne-Sydney,Melbourne,Sydney,All Airlines,Mar-21,1463,1393,70,1282,1264,111,129,2021,3
Mildura-Melbourne,Mildura,Melbourne,All Airlines,Mar-21,119,119,0,98,96,21,23,2021,3
Mount Isa-Brisbane,Mount Isa,Brisbane,All Airlines,Mar-21,70,67,3,60,59,7,8,2021,3
Newcastle-Brisbane,Newcastle,Brisbane,All Airlines,Mar-21,189,164,25,150,147,14,17,2021,3
Newcastle-Melbourne,Newcastle,Melbourne,All Airlines,Mar-21,123,108,15,92,96,16,12,2021,3
Newman-Perth,Newman,Perth,All Airlines,Mar-21,190,184,6,129,128,55,56,2021,3
Perth-Adelaide,Perth,Adelaide,All Airlines,Mar-21,141,140,1,119,106,21,34,2021,3
Perth-Brisbane,Perth,Brisbane,All Airlines,Mar-21,155,145,10,104,101,41,44,2021,3
Perth-Broome,Perth,Broome,All Airlines,Mar-21,120,119,1,96,82,23,37,2021,3
Perth-Darwin,Perth,Darwin,All Airlines,Mar-21,46,46,0,39,36,7,10,2021,3
Perth-Kalgoorlie,Perth,Kalgoorlie,All Airlines,Mar-21,134,134,0,111,109,23,25,2021,3
Perth-Karratha,Perth,Karratha,All Airlines,Mar-21,200,193,7,158,141,35,52,2021,3
Perth-Melbourne,Perth,Melbourne,All Airlines,Mar-21,128,122,6,95,73,27,49,2021,3
Perth-Newman,Perth,Newman,All Airlines,Mar-21,191,186,5,167,156,19,30,2021,3
Perth-Port Hedland,Perth,Port Hedland,All Airlines,Mar-21,181,179,2,157,144,22,35,2021,3
Perth-Sydney,Perth,Sydney,All Airlines,Mar-21,234,230,4,179,160,51,70,2021,3
Port Hedland-Perth,Port Hedland,Perth,All Airlines,Mar-21,181,177,4,130,101,47,76,2021,3
Port Lincoln-Adelaide,Port Lincoln,Adelaide,All Airlines,Mar-21,230,227,3,194,194,33,33,2021,3
Port Macquarie-Sydney,Port Macquarie,Sydney,All Airlines,Mar-21,103,87,16,80,80,7,7,2021,3
Proserpine-Brisbane,Proserpine,Brisbane,All Airlines,Mar-21,72,72,0,59,60,13,12,2021,3
Rockhampton-Brisbane,Rockhampton,Brisbane,All Airlines,Mar-21,230,225,5,189,190,36,35,2021,3
Sunshine Coast-Melbourne,Sunshine Coast,Melbourne,All Airlines,Mar-21,160,160,0,130,134,30,26,2021,3
Sunshine Coast-Sydney,Sunshine Coast,Sydney,All Airlines,Mar-21,166,163,3,133,125,30,38,2021,3
Sydney-Adelaide,Sydney,Adelaide,All Airlines,Mar-21,376,372,4,318,334,54,38,2021,3
Sydney-Albury,Sydney,Albury,All Airlines,Mar-21,146,146,0,121,126,25,20,2021,3
Sydney-Armidale,Sydney,Armidale,All Airlines,Mar-21,76,75,1,62,57,13,18,2021,3
Sydney-Ballina,Sydney,Ballina,All Airlines,Mar-21,245,242,3,207,185,35,57,2021,3
Sydney-Brisbane,Sydney,Brisbane,All Airlines,Mar-21,898,848,50,740,726,108,122,2021,3
Sydney-Cairns,Sydney,Cairns,All Airlines,Mar-21,107,106,1,79,82,27,24,2021,3
Sydney-Coffs Harbour,Sydney,Coffs Harbour,All Airlines,Mar-21,152,152,0,126,125,26,27,2021,3
Sydney-Dubbo,Sydney,Dubbo,All Airlines,Mar-21,157,157,0,140,138,17,19,2021,3
Sydney-Gold Coast,Sydney,Gold Coast,All Airlines,Mar-21,424,423,1,376,365,47,58,2021,3
Sydney-Hamilton Island,Sydney,Hamilton Island,All Airlines,Mar-21,69,69,0,60,61,9,8,2021,3
Sydney-Hobart,Sydney,Hobart,All Airlines,Mar-21,196,194,2,165,168,29,26,2021,3
Sydney-Launceston,Sydney,Launceston,All Airlines,Mar-21,99,99,0,85,84,14,15,2021,3
Sydney-Melbourne,Sydney,Melbourne,All Airlines,Mar-21,1463,1393,70,1206,1255,187,138,2021,3
Sydney-Perth,Sydney,Perth,All Airlines,Mar-21,233,232,1,170,179,62,53,2021,3
Sydney-Port Macquarie,Sydney,Port Macquarie,All Airlines,Mar-21,104,87,17,77,78,10,9,2021,3
Sydney-Sunshine Coast,Sydney,Sunshine Coast,All Airlines,Mar-21,167,165,2,135,130,30,35,2021,3
Sydney-Wagga Wagga,Sydney,Wagga Wagga,All Airlines,Mar-21,134,134,0,114,115,20,19,2021,3
Townsville-Brisbane,Townsville,Brisbane,All Airlines,Mar-21,255,252,3,215,218,37,34,2021,3
Townsville-Cairns,Townsville,Cairns,All Airlines,Mar-21,108,108,0,90,97,18,11,2021,3
Wagga Wagga-Sydney,Wagga Wagga,Sydney,All Airlines,Mar-21,135,134,1,119,119,15,15,2021,3
Adelaide-Alice Springs,Adelaide,Alice Springs,All Airlines,Apr-21,43,43,0,37,34,6,9,2021,4
Adelaide-Brisbane,Adelaide,Brisbane,All Airlines,Apr-21,204,191,13,162,167,29,24,2021,4
Adelaide-Canberra,Adelaide,Canberra,All Airlines,Apr-21,49,49,0,32,37,17,12,2021,4
Adelaide-Gold Coast,Adelaide,Gold Coast,All Airlines,Apr-21,67,62,5,58,56,4,6,2021,4
Adelaide-Melbourne,Adelaide,Melbourne,All Airlines,Apr-21,519,514,5,441,454,73,60,2021,4
Adelaide-Perth,Adelaide,Perth,All Airlines,Apr-21,155,154,1,122,129,32,25,2021,4
Adelaide-Port Lincoln,Adelaide,Port Lincoln,All Airlines,Apr-21,270,269,1,219,220,50,49,2021,4
Adelaide-Sydney,Adelaide,Sydney,All Airlines,Apr-21,414,411,3,361,351,50,60,2021,4
Albury-Sydney,Albury,Sydney,All Airlines,Apr-21,158,157,1,151,154,6,3,2021,4
Alice Springs-Adelaide,Alice Springs,Adelaide,All Airlines,Apr-21,43,43,0,26,29,17,14,2021,4
Armidale-Sydney,Armidale,Sydney,All Airlines,Apr-21,124,121,3,102,102,19,19,2021,4
Ballina-Sydney,Ballina,Sydney,All Airlines,Apr-21,269,262,7,204,207,58,55,2021,4
Brisbane-Adelaide,Brisbane,Adelaide,All Airlines,Apr-21,205,192,13,158,169,34,23,2021,4
Brisbane-Cairns,Brisbane,Cairns,All Airlines,Apr-21,352,344,8,299,294,45,50,2021,4
Brisbane-Canberra,Brisbane,Canberra,All Airlines,Apr-21,216,205,11,192,195,13,10,2021,4
Brisbane-Darwin,Brisbane,Darwin,All Airlines,Apr-21,92,92,0,81,83,11,9,2021,4
Brisbane-Emerald,Brisbane,Emerald,All Airlines,Apr-21,142,139,3,132,134,7,5,2021,4
Brisbane-Gladstone,Brisbane,Gladstone,All Airlines,Apr-21,169,166,3,157,157,9,9,2021,4
Brisbane-Hamilton Island,Brisbane,Hamilton Island,All Airlines,Apr-21,71,70,1,64,60,6,10,2021,4
Brisbane-Hobart,Brisbane,Hobart,All Airlines,Apr-21,88,82,6,67,69,15,13,2021,4
Brisbane-Mackay,Brisbane,Mackay,All Airlines,Apr-21,222,221,1,197,192,24,29,2021,4
Brisbane-Melbourne,Brisbane,Melbourne,All Airlines,Apr-21,666,580,86,488,524,92,56,2021,4
Brisbane-Mount Isa,Brisbane,Mount Isa,All Airlines,Apr-21,69,63,6,59,56,4,7,2021,4
Brisbane-Newcastle,Brisbane,Newcastle,All Airlines,Apr-21,195,189,6,163,164,26,25,2021,4
Brisbane-Perth,Brisbane,Perth,All Airlines,Apr-21,87,62,25,50,55,12,7,2021,4
Brisbane-Proserpine,Brisbane,Proserpine,All Airlines,Apr-21,75,75,0,70,70,5,5,2021,4
Brisbane-Rockhampton,Brisbane,Rockhampton,All Airlines,Apr-21,232,229,3,211,210,18,19,2021,4
Brisbane-Sydney,Brisbane,Sydney,All Airlines,Apr-21,838,790,48,687,715,103,75,2021,4
Brisbane-Townsville,Brisbane,Townsville,All Airlines,Apr-21,251,245,6,211,213,34,32,2021,4
Broome-Perth,Broome,Perth,All Airlines,Apr-21,140,137,3,101,113,36,24,2021,4
Cairns-Brisbane,Cairns,Brisbane,All Airlines,Apr-21,353,344,9,283,294,61,50,2021,4
Cairns-Melbourne,Cairns,Melbourne,All Airlines,Apr-21,222,218,4,186,191,32,27,2021,4
Cairns-Sydney,Cairns,Sydney,All Airlines,Apr-21,253,243,10,215,212,28,31,2021,4
Cairns-Townsville,Cairns,Townsville,All Airlines,Apr-21,122,122,0,103,105,19,17,2021,4
Canberra-Adelaide,Canberra,Adelaide,All Airlines,Apr-21,49,49,0,34,40,15,9,2021,4
Canberra-Brisbane,Canberra,Brisbane,All Airlines,Apr-21,217,205,12,177,180,28,25,2021,4
Canberra-Melbourne,Canberra,Melbourne,All Airlines,Apr-21,253,248,5,191,193,57,55,2021,4
Canberra-Sydney,Canberra,Sydney,All Airlines,Apr-21,279,267,12,223,219,44,48,2021,4
Coffs Harbour-Sydney,Coffs Harbour,Sydney,All Airlines,Apr-21,196,194,2,178,176,16,18,2021,4
Darwin-Brisbane,Darwin,Brisbane,All Airlines,Apr-21,89,89,0,64,59,25,30,2021,4
Darwin-Perth,Darwin,Perth,All Airlines,Apr-21,44,44,0,29,36,15,8,2021,4
Dubbo-Sydney,Dubbo,Sydney,All Airlines,Apr-21,157,156,1,142,142,14,14,2021,4
Emerald-Brisbane,Emerald,Brisbane,All Airlines,Apr-21,141,138,3,130,132,8,6,2021,4
Gladstone-Brisbane,Gladstone,Brisbane,All Airlines,Apr-21,169,165,4,154,151,11,14,2021,4
Gold Coast-Adelaide,Gold Coast,Adelaide,All Airlines,Apr-21,67,62,5,54,58,8,4,2021,4
Gold Coast-Melbourne,Gold Coast,Melbourne,All Airlines,Apr-21,555,543,12,406,451,137,92,2021,4
Gold Coast-Sydney,Gold Coast,Sydney,All Airlines,Apr-21,729,708,21,576,606,132,102,2021,4
Hamilton Island-Brisbane,Hamilton Island,Brisbane,All Airlines,Apr-21,71,69,2,54,58,15,11,2021,4
Hamilton Island-Sydney,Hamilton Island,Sydney,All Airlines,Apr-21,96,91,5,71,71,20,20,2021,4
Hobart-Brisbane,Hobart,Brisbane,All Airlines,Apr-21,88,82,6,68,70,14,12,2021,4
Hobart-Melbourne,Hobart,Melbourne,All Airlines,Apr-21,380,374,6,293,288,81,86,2021,4
Hobart-Sydney,Hobart,Sydney,All Airlines,Apr-21,224,222,2,193,189,29,33,2021,4
Kalgoorlie-Perth,Kalgoorlie,Perth,All Airlines,Apr-21,131,126,5,104,109,22,17,2021,4
Karratha-Perth,Karratha,Perth,All Airlines,Apr-21,186,181,5,143,149,38,32,2021,4
Launceston-Melbourne,Launceston,Melbourne,All Airlines,Apr-21,301,296,5,230,230,66,66,2021,4
Launceston-Sydney,Launceston,Sydney,All Airlines,Apr-21,102,102,0,81,75,21,27,2021,4
Mackay-Brisbane,Mackay,Brisbane,All Airlines,Apr-21,227,226,1,198,198,28,28,2021,4
Melbourne-Adelaide,Melbourne,Adelaide,All Airlines,Apr-21,519,517,2,431,448,86,69,2021,4
Melbourne-Brisbane,Melbourne,Brisbane,All Airlines,Apr-21,670,585,85,494,505,91,80,2021,4
Melbourne-Cairns,Melbourne,Cairns,All Airlines,Apr-21,221,218,3,177,189,41,29,2021,4
Melbourne-Canberra,Melbourne,Canberra,All Airlines,Apr-21,253,247,6,176,181,71,66,2021,4
Melbourne-Gold Coast,Melbourne,Gold Coast,All Airlines,Apr-21,555,543,12,410,424,133,119,2021,4
Melbourne-Hobart,Melbourne,Hobart,All Airlines,Apr-21,380,375,5,281,281,94,94,2021,4
Melbourne-Launceston,Melbourne,Launceston,All Airlines,Apr-21,301,298,3,230,225,68,73,2021,4
Melbourne-Mildura,Melbourne,Mildura,All Airlines,Apr-21,188,187,1,129,140,58,47,2021,4
Melbourne-Newcastle,Melbourne,Newcastle,All Airlines,Apr-21,154,152,2,117,113,35,39,2021,4
Melbourne-Perth,Melbourne,Perth,All Airlines,Apr-21,284,281,3,206,223,75,58,2021,4
Melbourne-Sunshine Coast,Melbourne,Sunshine Coast,All Airlines,Apr-21,217,215,2,191,173,24,42,2021,4
Melbourne-Sydney,Melbourne,Sydney,All Airlines,Apr-21,1741,1639,102,1410,1457,229,182,2021,4
Mildura-Melbourne,Mildura,Melbourne,All Airlines,Apr-21,186,185,1,142,128,43,57,2021,4
Mount Isa-Brisbane,Mount Isa,Brisbane,All Airlines,Apr-21,67,62,5,55,57,7,5,2021,4
Newcastle-Brisbane,Newcastle,Brisbane,All Airlines,Apr-21,196,188,8,161,166,27,22,2021,4
Newcastle-Melbourne,Newcastle,Melbourne,All Airlines,Apr-21,154,152,2,128,131,24,21,2021,4
Newman-Perth,Newman,Perth,All Airlines,Apr-21,165,160,5,98,109,62,51,2021,4
Perth-Adelaide,Perth,Adelaide,All Airlines,Apr-21,155,153,2,131,129,22,24,2021,4
Perth-Brisbane,Perth,Brisbane,All Airlines,Apr-21,93,64,29,54,33,10,31,2021,4
Perth-Broome,Perth,Broome,All Airlines,Apr-21,140,139,1,104,120,35,19,2021,4
Perth-Darwin,Perth,Darwin,All Airlines,Apr-21,44,44,0,35,34,9,10,2021,4
Perth-Kalgoorlie,Perth,Kalgoorlie,All Airlines,Apr-21,131,127,4,113,112,14,15,2021,4
Perth-Karratha,Perth,Karratha,All Airlines,Apr-21,183,179,4,152,144,27,35,2021,4
Perth-Melbourne,Perth,Melbourne,All Airlines,Apr-21,284,279,5,203,214,76,65,2021,4
Perth-Newman,Perth,Newman,All Airlines,Apr-21,163,161,2,149,150,12,11,2021,4
Perth-Port Hedland,Perth,Port Hedland,All Airlines,Apr-21,173,168,5,152,142,16,26,2021,4
Perth-Sydney,Perth,Sydney,All Airlines,Apr-21,255,253,2,191,198,62,55,2021,4
Port Hedland-Perth,Port Hedland,Perth,All Airlines,Apr-21,170,164,6,127,130,37,34,2021,4
Port Lincoln-Adelaide,Port Lincoln,Adelaide,All Airlines,Apr-21,270,269,1,214,213,55,56,2021,4
Port Macquarie-Sydney,Port Macquarie,Sydney,All Airlines,Apr-21,181,181,0,170,166,11,15,2021,4
Proserpine-Brisbane,Proserpine,Brisbane,All Airlines,Apr-21,76,76,0,60,68,16,8,2021,4
Rockhampton-Brisbane,Rockhampton,Brisbane,All Airlines,Apr-21,233,230,3,203,201,27,29,2021,4
Sunshine Coast-Melbourne,Sunshine Coast,Melbourne,All Airlines,Apr-21,218,213,5,160,164,53,49,2021,4
Sunshine Coast-Sydney,Sunshine Coast,Sydney,All Airlines,Apr-21,216,211,5,170,168,41,43,2021,4
Sydney-Adelaide,Sydney,Adelaide,All Airlines,Apr-21,414,410,4,334,351,76,59,2021,4
Sydney-Albury,Sydney,Albury,All Airlines,Apr-21,158,158,0,139,147,19,11,2021,4
Sydney-Armidale,Sydney,Armidale,All Airlines,Apr-21,123,121,2,101,102,20,19,2021,4
Sydney-Ballina,Sydney,Ballina,All Airlines,Apr-21,268,262,6,222,204,40,58,2021,4
Sydney-Brisbane,Sydney,Brisbane,All Airlines,Apr-21,844,792,52,666,679,126,113,2021,4
Sydney-Cairns,Sydney,Cairns,All Airlines,Apr-21,253,244,9,199,220,45,24,2021,4
Sydney-Canberra,Sydney,Canberra,All Airlines,Apr-21,280,270,10,225,222,45,48,2021,4
Sydney-Coffs Harbour,Sydney,Coffs Harbour,All Airlines,Apr-21,196,194,2,176,175,18,19,2021,4
Sydney-Dubbo,Sydney,Dubbo,All Airlines,Apr-21,156,156,0,143,147,13,9,2021,4
Sydney-Gold Coast,Sydney,Gold Coast,All Airlines,Apr-21,729,708,21,599,599,109,109,2021,4
Sydney-Hamilton Island,Sydney,Hamilton Island,All Airlines,Apr-21,95,92,3,82,83,10,9,2021,4
Sydney-Hobart,Sydney,Hobart,All Airlines,Apr-21,224,222,2,197,203,25,19,2021,4
Sydney-Launceston,Sydney,Launceston,All Airlines,Apr-21,102,102,0,83,85,19,17,2021,4
Sydney-Melbourne,Sydney,Melbourne,All Airlines,Apr-21,1739,1636,103,1367,1456,269,180,2021,4
Sydney-Perth,Sydney,Perth,All Airlines,Apr-21,252,250,2,161,184,89,66,2021,4
Sydney-Port Macquarie,Sydney,Port Macquarie,All Airlines,Apr-21,181,181,0,160,167,21,14,2021,4
Sydney-Sunshine Coast,Sydney,Sunshine Coast,All Airlines,Apr-21,214,214,0,175,169,39,45,2021,4
Sydney-Wagga Wagga,Sydney,Wagga Wagga,All Airlines,Apr-21,157,157,0,139,146,18,11,2021,4
Townsville-Brisbane,Townsville,Brisbane,All Airlines,Apr-21,250,244,6,214,212,30,32,2021,4
Townsville-Cairns,Townsville,Cairns,All Airlines,Apr-21,122,122,0,106,111,16,11,2021,4
Wagga Wagga-Sydney,Wagga Wagga,Sydney,All Airlines,Apr-21,158,158,0,150,146,8,12,2021,4
Adelaide-Alice Springs,Adelaide,Alice Springs,All Airlines,May-21,49,49,0,44,39,5,10,2021,5
Adelaide-Brisbane,Adelaide,Brisbane,All Airlines,May-21,235,232,3,201,207,31,25,2021,5
Adelaide-Canberra,Adelaide,Canberra,All Airlines,May-21,65,65,0,50,49,15,16,2021,5
Adelaide-Gold Coast,Adelaide,Gold Coast,All Airlines,May-21,58,58,0,51,53,7,5,2021,5
Adelaide-Melbourne,Adelaide,Melbourne,All Airlines,May-21,606,538,68,466,476,72,62,2021,5
Adelaide-Perth,Adelaide,Perth,All Airlines,May-21,156,155,1,140,140,15,15,2021,5
Adelaide-Port Lincoln,Adelaide,Port Lincoln,All Airlines,May-21,283,280,3,254,255,26,25,2021,5
Adelaide-Sydney,Adelaide,Sydney,All Airlines,May-21,417,405,12,367,345,38,60,2021,5
Albury-Sydney,Albury,Sydney,All Airlines,May-21,162,161,1,139,140,22,21,2021,5
Alice Springs-Adelaide,Alice Springs,Adelaide,All Airlines,May-21,49,48,1,24,26,24,22,2021,5
Armidale-Sydney,Armidale,Sydney,All Airlines,May-21,134,132,2,93,96,39,36,2021,5
Ballina-Sydney,Ballina,Sydney,All Airlines,May-21,237,237,0,206,200,31,37,2021,5
Brisbane-Adelaide,Brisbane,Adelaide,All Airlines,May-21,235,231,4,184,201,47,30,2021,5
Brisbane-Cairns,Brisbane,Cairns,All Airlines,May-21,353,353,0,290,288,63,65,2021,5
Brisbane-Canberra,Brisbane,Canberra,All Airlines,May-21,259,257,2,209,213,48,44,2021,5
Brisbane-Darwin,Brisbane,Darwin,All Airlines,May-21,98,97,1,81,71,16,26,2021,5
Brisbane-Emerald,Brisbane,Emerald,All Airlines,May-21,150,150,0,134,137,16,13,2021,5
Brisbane-Gladstone,Brisbane,Gladstone,All Airlines,May-21,176,176,0,160,158,16,18,2021,5
Brisbane-Hamilton Island,Brisbane,Hamilton Island,All Airlines,May-21,68,68,0,60,60,8,8,2021,5
Brisbane-Hobart,Brisbane,Hobart,All Airlines,May-21,73,73,0,61,62,12,11,2021,5
Brisbane-Mackay,Brisbane,Mackay,All Airlines,May-21,222,222,0,176,180,46,42,2021,5
Brisbane-Melbourne,Brisbane,Melbourne,All Airlines,May-21,747,667,80,527,569,140,98,2021,5
Brisbane-Mount Isa,Brisbane,Mount Isa,All Airlines,May-21,66,65,1,63,63,2,2,2021,5
Brisbane-Newcastle,Brisbane,Newcastle,All Airlines,May-21,213,212,1,179,181,33,31,2021,5
Brisbane-Perth,Brisbane,Perth,All Airlines,May-21,154,152,2,117,125,35,27,2021,5
Brisbane-Proserpine,Brisbane,Proserpine,All Airlines,May-21,60,60,0,52,53,8,7,2021,5
Brisbane-Rockhampton,Brisbane,Rockhampton,All Airlines,May-21,245,243,2,204,197,39,46,2021,5
Brisbane-Sydney,Brisbane,Sydney,All Airlines,May-21,964,922,42,809,831,113,91,2021,5
Brisbane-Townsville,Brisbane,Townsville,All Airlines,May-21,262,261,1,220,218,41,43,2021,5
Broome-Perth,Broome,Perth,All Airlines,May-21,136,135,1,76,99,59,36,2021,5
Cairns-Brisbane,Cairns,Brisbane,All Airlines,May-21,354,354,0,309,305,45,49,2021,5
Cairns-Melbourne,Cairns,Melbourne,All Airlines,May-21,183,176,7,145,144,31,32,2021,5
Cairns-Sydney,Cairns,Sydney,All Airlines,May-21,183,175,8,149,150,26,25,2021,5
Cairns-Townsville,Cairns,Townsville,All Airlines,May-21,122,122,0,112,112,10,10,2021,5
Canberra-Adelaide,Canberra,Adelaide,All Airlines,May-21,66,66,0,44,50,22,16,2021,5
Canberra-Brisbane,Canberra,Brisbane,All Airlines,May-21,258,255,3,209,205,46,50,2021,5
Canberra-Melbourne,Canberra,Melbourne,All Airlines,May-21,322,297,25,235,227,62,70,2021,5
Canberra-Sydney,Canberra,Sydney,All Airlines,May-21,497,458,39,376,363,82,95,2021,5
Coffs Harbour-Sydney,Coffs Harbour,Sydney,All Airlines,May-21,202,198,4,172,164,26,34,2021,5
Darwin-Brisbane,Darwin,Brisbane,All Airlines,May-21,97,96,1,51,63,45,33,2021,5
Darwin-Perth,Darwin,Perth,All Airlines,May-21,48,48,0,35,34,13,14,2021,5
Dubbo-Sydney,Dubbo,Sydney,All Airlines,May-21,178,177,1,160,152,17,25,2021,5
Emerald-Brisbane,Emerald,Brisbane,All Airlines,May-21,150,150,0,136,135,14,15,2021,5
Gladstone-Brisbane,Gladstone,Brisbane,All Airlines,May-21,176,176,0,148,153,28,23,2021,5
Gold Coast-Adelaide,Gold Coast,Adelaide,All Airlines,May-21,58,58,0,48,49,10,9,2021,5
Gold Coast-Melbourne,Gold Coast,Melbourne,All Airlines,May-21,556,517,39,416,440,101,77,2021,5
Gold Coast-Sydney,Gold Coast,Sydney,All Airlines,May-21,651,619,32,536,547,83,72,2021,5
Hamilton Island-Brisbane,Hamilton Island,Brisbane,All Airlines,May-21,68,68,0,55,54,13,14,2021,5
Hamilton Island-Sydney,Hamilton Island,Sydney,All Airlines,May-21,78,78,0,59,60,19,18,2021,5
Hobart-Brisbane,Hobart,Brisbane,All Airlines,May-21,73,73,0,53,48,20,25,2021,5
Hobart-Melbourne,Hobart,Melbourne,All Airlines,May-21,342,316,26,254,246,62,70,2021,5
Hobart-Sydney,Hobart,Sydney,All Airlines,May-21,183,182,1,157,152,25,30,2021,5
Kalgoorlie-Perth,Kalgoorlie,Perth,All Airlines,May-21,129,127,2,91,106,36,21,2021,5
Karratha-Perth,Karratha,Perth,All Airlines,May-21,192,188,4,134,142,54,46,2021,5
Launceston-Melbourne,Launceston,Melbourne,All Airlines,May-21,253,234,19,196,192,38,42,2021,5
Launceston-Sydney,Launceston,Sydney,All Airlines,May-21,69,69,0,49,47,20,22,2021,5
Mackay-Brisbane,Mackay,Brisbane,All Airlines,May-21,226,226,0,180,188,46,38,2021,5
Melbourne-Adelaide,Melbourne,Adelaide,All Airlines,May-21,606,536,70,466,472,70,64,2021,5
Melbourne-Brisbane,Melbourne,Brisbane,All Airlines,May-21,744,672,72,571,561,101,111,2021,5
Melbourne-Cairns,Melbourne,Cairns,All Airlines,May-21,183,176,7,135,148,41,28,2021,5
Melbourne-Canberra,Melbourne,Canberra,All Airlines,May-21,323,302,21,227,224,75,78,2021,5
Melbourne-Gold Coast,Melbourne,Gold Coast,All Airlines,May-21,558,517,41,412,418,105,99,2021,5
Melbourne-Hobart,Melbourne,Hobart,All Airlines,May-21,342,314,28,252,238,62,76,2021,5
Melbourne-Launceston,Melbourne,Launceston,All Airlines,May-21,254,234,20,184,171,50,63,2021,5
Melbourne-Mildura,Melbourne,Mildura,All Airlines,May-21,201,189,12,127,125,62,64,2021,5
Melbourne-Newcastle,Melbourne,Newcastle,All Airlines,May-21,139,128,11,115,105,13,23,2021,5
Melbourne-Perth,Melbourne,Perth,All Airlines,May-21,321,282,39,225,215,57,67,2021,5
Melbourne-Sunshine Coast,Melbourne,Sunshine Coast,All Airlines,May-21,174,165,9,134,129,31,36,2021,5
Melbourne-Sydney,Melbourne,Sydney,All Airlines,May-21,1873,1589,284,1387,1380,202,209,2021,5
Mildura-Melbourne,Mildura,Melbourne,All Airlines,May-21,201,189,12,130,125,59,64,2021,5
Mount Isa-Brisbane,Mount Isa,Brisbane,All Airlines,May-21,66,65,1,58,60,7,5,2021,5
Newcastle-Brisbane,Newcastle,Brisbane,All Airlines,May-21,213,212,1,186,187,26,25,2021,5
Newcastle-Melbourne,Newcastle,Melbourne,All Airlines,May-21,141,131,10,109,113,22,18,2021,5
Newman-Perth,Newman,Perth,All Airlines,May-21,160,157,3,130,137,27,20,2021,5
Perth-Adelaide,Perth,Adelaide,All Airlines,May-21,157,155,2,137,135,18,20,2021,5
Perth-Brisbane,Perth,Brisbane,All Airlines,May-21,153,151,2,128,93,23,58,2021,5
Perth-Broome,Perth,Broome,All Airlines,May-21,136,136,0,100,117,36,19,2021,5
Perth-Darwin,Perth,Darwin,All Airlines,May-21,48,48,0,43,39,5,9,2021,5
Perth-Kalgoorlie,Perth,Kalgoorlie,All Airlines,May-21,129,128,1,108,109,20,19,2021,5
Perth-Karratha,Perth,Karratha,All Airlines,May-21,188,185,3,161,144,24,41,2021,5
Perth-Melbourne,Perth,Melbourne,All Airlines,May-21,320,282,38,220,208,62,74,2021,5
Perth-Newman,Perth,Newman,All Airlines,May-21,160,157,3,142,145,15,12,2021,5
Perth-Port Hedland,Perth,Port Hedland,All Airlines,May-21,172,167,5,151,133,16,34,2021,5
Perth-Sydney,Perth,Sydney,All Airlines,May-21,299,293,6,231,226,62,67,2021,5
Port Hedland-Perth,Port Hedland,Perth,All Airlines,May-21,172,166,6,126,128,40,38,2021,5
Port Lincoln-Adelaide,Port Lincoln,Adelaide,All Airlines,May-21,282,279,3,247,241,32,38,2021,5
Port Macquarie-Sydney,Port Macquarie,Sydney,All Airlines,May-21,188,187,1,176,168,11,19,2021,5
Proserpine-Brisbane,Proserpine,Brisbane,All Airlines,May-21,60,60,0,43,45,17,15,2021,5
Rockhampton-Brisbane,Rockhampton,Brisbane,All Airlines,May-21,245,242,3,186,188,56,54,2021,5
Sunshine Coast-Melbourne,Sunshine Coast,Melbourne,All Airlines,May-21,174,165,9,111,118,54,47,2021,5
Sunshine Coast-Sydney,Sunshine Coast,Sydney,All Airlines,May-21,198,196,2,157,152,39,44,2021,5
Sydney-Adelaide,Sydney,Adelaide,All Airlines,May-21,416,407,9,360,366,47,41,2021,5
Sydney-Albury,Sydney,Albury,All Airlines,May-21,162,161,1,144,145,17,16,2021,5
Sydney-Armidale,Sydney,Armidale,All Airlines,May-21,134,132,2,92,94,40,38,2021,5
Sydney-Ballina,Sydney,Ballina,All Airlines,May-21,237,237,0,211,208,26,29,2021,5
Sydney-Brisbane,Sydney,Brisbane,All Airlines,May-21,966,923,43,800,807,123,116,2021,5
Sydney-Cairns,Sydney,Cairns,All Airlines,May-21,183,176,7,140,150,36,26,2021,5
Sydney-Canberra,Sydney,Canberra,All Airlines,May-21,499,465,34,365,350,100,115,2021,5
Sydney-Coffs Harbour,Sydney,Coffs Harbour,All Airlines,May-21,203,199,4,165,174,34,25,2021,5
Sydney-Dubbo,Sydney,Dubbo,All Airlines,May-21,177,177,0,147,160,30,17,2021,5
Sydney-Gold Coast,Sydney,Gold Coast,All Airlines,May-21,649,618,31,533,539,85,79,2021,5
Sydney-Hamilton Island,Sydney,Hamilton Island,All Airlines,May-21,78,78,0,66,69,12,9,2021,5
Sydney-Hobart,Sydney,Hobart,All Airlines,May-21,183,182,1,155,158,27,24,2021,5
Sydney-Launceston,Sydney,Launceston,All Airlines,May-21,69,69,0,53,54,16,15,2021,5
Sydney-Melbourne,Sydney,Melbourne,All Airlines,May-21,1862,1585,277,1349,1403,236,182,2021,5
Sydney-Perth,Sydney,Perth,All Airlines,May-21,302,298,4,229,231,69,67,2021,5
Sydney-Port Macquarie,Sydney,Port Macquarie,All Airlines,May-21,187,186,1,166,170,20,16,2021,5
Sydney-Sunshine Coast,Sydney,Sunshine Coast,All Airlines,May-21,198,197,1,160,155,37,42,2021,5
Sydney-Wagga Wagga,Sydney,Wagga Wagga,All Airlines,May-21,168,168,0,145,154,23,14,2021,5
Townsville-Brisbane,Townsville,Brisbane,All Airlines,May-21,262,261,1,217,214,44,47,2021,5
Townsville-Cairns,Townsville,Cairns,All Airlines,May-21,122,122,0,110,110,12,12,2021,5
Wagga Wagga-Sydney,Wagga Wagga,Sydney,All Airlines,May-21,168,167,1,154,148,13,19,2021,5
Adelaide-Alice Springs,Adelaide,Alice Springs,All Airlines,Jun-21,66,66,0,42,38,24,28,2021,6
Adelaide-Brisbane,Adelaide,Brisbane,All Airlines,Jun-21,230,224,6,190,192,34,32,2021,6
Adelaide-Canberra,Adelaide,Canberra,All Airlines,Jun-21,63,62,1,55,55,7,7,2021,6
Adelaide-Gold Coast,Adelaide,Gold Coast,All Airlines,Jun-21,65,64,1,57,58,7,6,2021,6
Adelaide-Melbourne,Adelaide,Melbourne,All Airlines,Jun-21,538,162,376,143,149,19,13,2021,6
Adelaide-Perth,Adelaide,Perth,All Airlines,Jun-21,163,160,3,141,149,19,11,2021,6
Adelaide-Port Lincoln,Adelaide,Port Lincoln,All Airlines,Jun-21,281,276,5,244,242,32,34,2021,6
Adelaide-Sydney,Adelaide,Sydney,All Airlines,Jun-21,433,344,89,307,291,37,53,2021,6
Albury-Sydney,Albury,Sydney,All Airlines,Jun-21,164,153,11,128,133,25,20,2021,6
Alice Springs-Adelaide,Alice Springs,Adelaide,All Airlines,Jun-21,66,66,0,37,40,29,26,2021,6
Armidale-Sydney,Armidale,Sydney,All Airlines,Jun-21,132,119,13,98,99,21,20,2021,6
Ballina-Sydney,Ballina,Sydney,All Airlines,Jun-21,235,207,28,159,156,48,51,2021,6
Brisbane-Adelaide,Brisbane,Adelaide,All Airlines,Jun-21,230,223,7,183,192,40,31,2021,6
Brisbane-Cairns,Brisbane,Cairns,All Airlines,Jun-21,367,367,0,298,262,69,105,2021,6
Brisbane-Canberra,Brisbane,Canberra,All Airlines,Jun-21,254,248,6,212,223,36,25,2021,6
Brisbane-Darwin,Brisbane,Darwin,All Airlines,Jun-21,97,96,1,85,54,11,42,2021,6
Brisbane-Emerald,Brisbane,Emerald,All Airlines,Jun-21,151,150,1,126,122,24,28,2021,6
Brisbane-Gladstone,Brisbane,Gladstone,All Airlines,Jun-21,191,186,5,172,160,14,26,2021,6
Brisbane-Hamilton Island,Brisbane,Hamilton Island,All Airlines,Jun-21,68,67,1,63,50,4,17,2021,6
Brisbane-Hobart,Brisbane,Hobart,All Airlines,Jun-21,74,74,0,61,65,13,9,2021,6
Brisbane-Mackay,Brisbane,Mackay,All Airlines,Jun-21,231,231,0,200,184,31,47,2021,6
Brisbane-Melbourne,Brisbane,Melbourne,All Airlines,Jun-21,730,282,448,239,256,43,26,2021,6
Brisbane-Mount Isa,Brisbane,Mount Isa,All Airlines,Jun-21,68,68,0,68,55,0,13,2021,6
Brisbane-Newcastle,Brisbane,Newcastle,All Airlines,Jun-21,209,203,6,178,173,25,30,2021,6
Brisbane-Perth,Brisbane,Perth,All Airlines,Jun-21,195,191,4,160,176,31,15,2021,6
Brisbane-Proserpine,Brisbane,Proserpine,All Airlines,Jun-21,61,61,0,55,55,6,6,2021,6
Brisbane-Rockhampton,Brisbane,Rockhampton,All Airlines,Jun-21,256,251,5,206,197,45,54,2021,6
Brisbane-Sydney,Brisbane,Sydney,All Airlines,Jun-21,1065,851,214,750,781,101,70,2021,6
Brisbane-Townsville,Brisbane,Townsville,All Airlines,Jun-21,278,277,1,231,215,46,62,2021,6
Broome-Perth,Broome,Perth,All Airlines,Jun-21,136,132,4,97,102,35,30,2021,6
Cairns-Brisbane,Cairns,Brisbane,All Airlines,Jun-21,368,367,1,276,296,91,71,2021,6
Cairns-Melbourne,Cairns,Melbourne,All Airlines,Jun-21,226,129,97,114,119,15,10,2021,6
Cairns-Sydney,Cairns,Sydney,All Airlines,Jun-21,210,184,26,152,163,32,21,2021,6
Cairns-Townsville,Cairns,Townsville,All Airlines,Jun-21,129,128,1,101,102,27,26,2021,6
Canberra-Adelaide,Canberra,Adelaide,All Airlines,Jun-21,63,62,1,55,54,7,8,2021,6
Canberra-Brisbane,Canberra,Brisbane,All Airlines,Jun-21,255,248,7,213,208,35,40,2021,6
Canberra-Melbourne,Canberra,Melbourne,All Airlines,Jun-21,293,140,153,118,123,22,17,2021,6
Canberra-Sydney,Canberra,Sydney,All Airlines,Jun-21,505,414,91,342,339,72,75,2021,6
Coffs Harbour-Sydney,Coffs Harbour,Sydney,All Airlines,Jun-21,198,188,10,162,160,26,28,2021,6
Darwin-Brisbane,Darwin,Brisbane,All Airlines,Jun-21,93,93,0,32,46,61,47,2021,6
Darwin-Melbourne,Darwin,Melbourne,All Airlines,Jun-21,97,67,30,41,49,26,18,2021,6
Darwin-Perth,Darwin,Perth,All Airlines,Jun-21,55,54,1,33,21,21,33,2021,6
Dubbo-Sydney,Dubbo,Sydney,All Airlines,Jun-21,178,161,17,135,134,26,27,2021,6
Emerald-Brisbane,Emerald,Brisbane,All Airlines,Jun-21,152,151,1,122,126,29,25,2021,6
Gladstone-Brisbane,Gladstone,Brisbane,All Airlines,Jun-21,190,186,4,162,161,24,25,2021,6
Gold Coast-Adelaide,Gold Coast,Adelaide,All Airlines,Jun-21,65,64,1,56,57,8,7,2021,6
Gold Coast-Melbourne,Gold Coast,Melbourne,All Airlines,Jun-21,569,249,320,212,219,37,30,2021,6
Gold Coast-Sydney,Gold Coast,Sydney,All Airlines,Jun-21,681,551,130,473,483,78,68,2021,6
Hamilton Island-Brisbane,Hamilton Island,Brisbane,All Airlines,Jun-21,68,67,1,55,57,12,10,2021,6
Hamilton Island-Sydney,Hamilton Island,Sydney,All Airlines,Jun-21,93,80,13,68,69,12,11,2021,6
Hobart-Brisbane,Hobart,Brisbane,All Airlines,Jun-21,74,74,0,50,49,24,25,2021,6
Hobart-Melbourne,Hobart,Melbourne,All Airlines,Jun-21,320,146,174,132,131,14,15,2021,6
Hobart-Sydney,Hobart,Sydney,All Airlines,Jun-21,193,176,17,140,132,36,44,2021,6
Kalgoorlie-Perth,Kalgoorlie,Perth,All Airlines,Jun-21,131,129,2,102,110,27,19,2021,6
Karratha-Perth,Karratha,Perth,All Airlines,Jun-21,196,190,6,153,151,37,39,2021,6
Launceston-Melbourne,Launceston,Melbourne,All Airlines,Jun-21,222,98,124,86,87,12,11,2021,6
Launceston-Sydney,Launceston,Sydney,All Airlines,Jun-21,75,65,10,45,40,20,25,2021,6
Mackay-Brisbane,Mackay,Brisbane,All Airlines,Jun-21,233,233,0,197,203,36,30,2021,6
Melbourne-Adelaide,Melbourne,Adelaide,All Airlines,Jun-21,547,163,384,147,152,16,11,2021,6
Melbourne-Brisbane,Melbourne,Brisbane,All Airlines,Jun-21,723,281,442,254,253,27,28,2021,6
Melbourne-Cairns,Melbourne,Cairns,All Airlines,Jun-21,226,129,97,108,109,21,20,2021,6
Melbourne-Canberra,Melbourne,Canberra,All Airlines,Jun-21,297,142,155,123,129,19,13,2021,6
Melbourne-Darwin,Melbourne,Darwin,All Airlines,Jun-21,103,69,34,61,56,8,13,2021,6
Melbourne-Gold Coast,Melbourne,Gold Coast,All Airlines,Jun-21,579,251,328,216,216,35,35,2021,6
Melbourne-Hobart,Melbourne,Hobart,All Airlines,Jun-21,330,148,182,129,125,19,23,2021,6
Melbourne-Launceston,Melbourne,Launceston,All Airlines,Jun-21,233,100,133,85,85,15,15,2021,6
Melbourne-Mildura,Melbourne,Mildura,All Airlines,Jun-21,187,134,53,115,115,19,19,2021,6
Melbourne-Newcastle,Melbourne,Newcastle,All Airlines,Jun-21,132,67,65,58,59,9,8,2021,6
Melbourne-Perth,Melbourne,Perth,All Airlines,Jun-21,266,73,193,67,68,6,5,2021,6
Melbourne-Sunshine Coast,Melbourne,Sunshine Coast,All Airlines,Jun-21,187,97,90,82,79,15,18,2021,6
Melbourne-Sydney,Melbourne,Sydney,All Airlines,Jun-21,1681,475,1206,440,447,35,28,2021,6
Mildura-Melbourne,Mildura,Melbourne,All Airlines,Jun-21,185,136,49,116,118,20,18,2021,6
Mount Isa-Brisbane,Mount Isa,Brisbane,All Airlines,Jun-21,68,68,0,53,63,15,5,2021,6
Newcastle-Brisbane,Newcastle,Brisbane,All Airlines,Jun-21,209,203,6,182,185,21,18,2021,6
Newcastle-Melbourne,Newcastle,Melbourne,All Airlines,Jun-21,131,66,65,58,58,8,8,2021,6
Newman-Perth,Newman,Perth,All Airlines,Jun-21,178,166,12,141,140,25,26,2021,6
Perth-Adelaide,Perth,Adelaide,All Airlines,Jun-21,162,159,3,147,137,12,22,2021,6
Perth-Brisbane,Perth,Brisbane,All Airlines,Jun-21,198,193,5,164,156,29,37,2021,6
Perth-Broome,Perth,Broome,All Airlines,Jun-21,136,133,3,111,123,22,10,2021,6
Perth-Darwin,Perth,Darwin,All Airlines,Jun-21,55,54,1,46,44,8,10,2021,6
Perth-Kalgoorlie,Perth,Kalgoorlie,All Airlines,Jun-21,131,129,2,118,114,11,15,2021,6
Perth-Karratha,Perth,Karratha,All Airlines,Jun-21,193,189,4,160,154,29,35,2021,6
Perth-Melbourne,Perth,Melbourne,All Airlines,Jun-21,272,77,195,60,58,17,19,2021,6
Perth-Newman,Perth,Newman,All Airlines,Jun-21,178,167,11,153,156,14,11,2021,6
Perth-Port Hedland,Perth,Port Hedland,All Airlines,Jun-21,174,168,6,155,149,13,19,2021,6
Perth-Sydney,Perth,Sydney,All Airlines,Jun-21,286,230,56,175,189,55,41,2021,6
Port Hedland-Perth,Port Hedland,Perth,All Airlines,Jun-21,174,168,6,142,121,26,47,2021,6
Port Lincoln-Adelaide,Port Lincoln,Adelaide,All Airlines,Jun-21,281,276,5,244,235,32,41,2021,6
Port Macquarie-Sydney,Port Macquarie,Sydney,All Airlines,Jun-21,184,171,13,146,139,25,32,2021,6
Proserpine-Brisbane,Proserpine,Brisbane,All Airlines,Jun-21,63,62,1,48,54,14,8,2021,6
Rockhampton-Brisbane,Rockhampton,Brisbane,All Airlines,Jun-21,256,247,9,188,195,59,52,2021,6
Sunshine Coast-Melbourne,Sunshine Coast,Melbourne,All Airlines,Jun-21,188,97,91,78,82,19,15,2021,6
Sunshine Coast-Sydney,Sunshine Coast,Sydney,All Airlines,Jun-21,212,180,32,150,151,30,29,2021,6
Sydney-Adelaide,Sydney,Adelaide,All Airlines,Jun-21,433,341,92,305,303,36,38,2021,6
Sydney-Albury,Sydney,Albury,All Airlines,Jun-21,163,153,10,135,136,18,17,2021,6
Sydney-Armidale,Sydney,Armidale,All Airlines,Jun-21,133,121,12,96,97,25,24,2021,6
Sydney-Ballina,Sydney,Ballina,All Airlines,Jun-21,235,205,30,172,155,33,50,2021,6
Sydney-Brisbane,Sydney,Brisbane,All Airlines,Jun-21,1074,852,222,785,767,67,85,2021,6
Sydney-Cairns,Sydney,Cairns,All Airlines,Jun-21,209,185,24,169,160,16,25,2021,6
Sydney-Canberra,Sydney,Canberra,All Airlines,Jun-21,506,416,90,342,329,74,87,2021,6
Sydney-Coffs Harbour,Sydney,Coffs Harbour,All Airlines,Jun-21,197,186,11,154,155,32,31,2021,6
Sydney-Dubbo,Sydney,Dubbo,All Airlines,Jun-21,176,159,17,135,137,24,22,2021,6
Sydney-Gold Coast,Sydney,Gold Coast,All Airlines,Jun-21,681,549,132,490,484,59,65,2021,6
Sydney-Hamilton Island,Sydney,Hamilton Island,All Airlines,Jun-21,94,79,15,69,70,10,9,2021,6
Sydney-Hobart,Sydney,Hobart,All Airlines,Jun-21,193,175,18,143,155,32,20,2021,6
Sydney-Launceston,Sydney,Launceston,All Airlines,Jun-21,75,65,10,44,55,21,10,2021,6
Sydney-Melbourne,Sydney,Melbourne,All Airlines,Jun-21,1680,479,1201,411,442,68,37,2021,6
Sydney-Perth,Sydney,Perth,All Airlines,Jun-21,282,231,51,182,203,49,28,2021,6
Sydney-Port Macquarie,Sydney,Port Macquarie,All Airlines,Jun-21,184,171,13,139,143,32,28,2021,6
Sydney-Sunshine Coast,Sydney,Sunshine Coast,All Airlines,Jun-21,212,181,31,157,145,24,36,2021,6
Sydney-Townsville,Sydney,Townsville,All Airlines,Jun-21,31,23,8,19,19,4,4,2021,6
Sydney-Wagga Wagga,Sydney,Wagga Wagga,All Airlines,Jun-21,165,153,12,128,131,25,22,2021,6
Townsville-Brisbane,Townsville,Brisbane,All Airlines,Jun-21,277,277,0,216,221,61,56,2021,6
Townsville-Cairns,Townsville,Cairns,All Airlines,Jun-21,129,128,1,108,112,20,16,2021,6
Townsville-Sydney,Townsville,Sydney,All Airlines,Jun-21,31,28,3,24,24,4,4,2021,6
Wagga Wagga-Sydney,Wagga Wagga,Sydney,All Airlines,Jun-21,165,154,11,136,137,18,17,2021,6
Adelaide-Alice Springs,Adelaide,Alice Springs,All Airlines,Jul-21,63,51,12,44,44,7,7,2021,7
Adelaide-Brisbane,Adelaide,Brisbane,All Airlines,Jul-21,191,107,84,87,98,20,9,2021,7
Adelaide-Canberra,Adelaide,Canberra,All Airlines,Jul-21,47,33,14,29,29,4,4,2021,7
Adelaide-Gold Coast,Adelaide,Gold Coast,All Airlines,Jul-21,77,36,41,35,34,1,2,2021,7
Adelaide-Melbourne,Adelaide,Melbourne,All Airlines,Jul-21,457,242,215,216,223,26,19,2021,7
Adelaide-Perth,Adelaide,Perth,All Airlines,Jul-21,131,88,43,75,48,13,40,2021,7
Adelaide-Port Lincoln,Adelaide,Port Lincoln,All Airlines,Jul-21,269,207,62,190,183,17,24,2021,7
Adelaide-Sydney,Adelaide,Sydney,All Airlines,Jul-21,215,62,153,56,56,6,6,2021,7
Albury-Sydney,Albury,Sydney,All Airlines,Jul-21,103,62,41,57,58,5,4,2021,7
Alice Springs-Adelaide,Alice Springs,Adelaide,All Airlines,Jul-21,63,51,12,32,36,19,15,2021,7
Armidale-Sydney,Armidale,Sydney,All Airlines,Jul-21,70,47,23,38,38,9,9,2021,7
Ballina-Sydney,Ballina,Sydney,All Airlines,Jul-21,143,60,83,50,48,10,12,2021,7
Brisbane-Adelaide,Brisbane,Adelaide,All Airlines,Jul-21,190,106,84,99,80,7,26,2021,7
Brisbane-Cairns,Brisbane,Cairns,All Airlines,Jul-21,398,382,16,354,351,28,31,2021,7
Brisbane-Canberra,Brisbane,Canberra,All Airlines,Jul-21,241,191,50,178,175,13,16,2021,7
Brisbane-Darwin,Brisbane,Darwin,All Airlines,Jul-21,113,97,16,89,74,8,23,2021,7
Brisbane-Emerald,Brisbane,Emerald,All Airlines,Jul-21,152,140,12,129,127,11,13,2021,7
Brisbane-Gladstone,Brisbane,Gladstone,All Airlines,Jul-21,169,150,19,142,141,8,9,2021,7
Brisbane-Hamilton Island,Brisbane,Hamilton Island,All Airlines,Jul-21,68,66,2,63,56,3,10,2021,7
Brisbane-Hobart,Brisbane,Hobart,All Airlines,Jul-21,82,72,10,67,65,5,7,2021,7
Brisbane-Mackay,Brisbane,Mackay,All Airlines,Jul-21,249,229,20,210,211,19,18,2021,7
Brisbane-Melbourne,Brisbane,Melbourne,All Airlines,Jul-21,573,289,284,254,232,35,57,2021,7
Brisbane-Mount Isa,Brisbane,Mount Isa,All Airlines,Jul-21,70,68,2,66,63,2,5,2021,7
Brisbane-Newcastle,Brisbane,Newcastle,All Airlines,Jul-21,168,99,69,93,94,6,5,2021,7
Brisbane-Perth,Brisbane,Perth,All Airlines,Jul-21,130,83,47,73,28,10,55,2021,7
Brisbane-Proserpine,Brisbane,Proserpine,All Airlines,Jul-21,73,73,0,65,65,8,8,2021,7
Brisbane-Rockhampton,Brisbane,Rockhampton,All Airlines,Jul-21,271,256,15,240,236,16,20,2021,7
Brisbane-Sydney,Brisbane,Sydney,All Airlines,Jul-21,463,109,354,89,97,20,12,2021,7
Brisbane-Townsville,Brisbane,Townsville,All Airlines,Jul-21,281,270,11,246,238,24,32,2021,7
Broome-Perth,Broome,Perth,All Airlines,Jul-21,145,138,7,92,103,46,35,2021,7
Cairns-Brisbane,Cairns,Brisbane,All Airlines,Jul-21,397,383,14,354,346,29,37,2021,7
Cairns-Melbourne,Cairns,Melbourne,All Airlines,Jul-21,214,182,32,160,158,22,24,2021,7
Cairns-Sydney,Cairns,Sydney,All Airlines,Jul-21,129,45,84,42,43,3,2,2021,7
Cairns-Townsville,Cairns,Townsville,All Airlines,Jul-21,140,140,0,131,128,9,12,2021,7
Canberra-Adelaide,Canberra,Adelaide,All Airlines,Jul-21,46,33,13,29,29,4,4,2021,7
Canberra-Brisbane,Canberra,Brisbane,All Airlines,Jul-21,243,191,52,174,174,17,17,2021,7
Canberra-Melbourne,Canberra,Melbourne,All Airlines,Jul-21,203,113,90,101,99,12,14,2021,7
Canberra-Sydney,Canberra,Sydney,All Airlines,Jul-21,227,87,140,67,68,20,19,2021,7
Coffs Harbour-Sydney,Coffs Harbour,Sydney,All Airlines,Jul-21,100,46,54,43,44,3,2,2021,7
Darwin-Brisbane,Darwin,Brisbane,All Airlines,Jul-21,110,93,17,72,68,21,25,2021,7
Darwin-Melbourne,Darwin,Melbourne,All Airlines,Jul-21,118,84,34,61,60,23,24,2021,7
Darwin-Perth,Darwin,Perth,All Airlines,Jul-21,69,60,9,49,48,11,12,2021,7
Dubbo-Sydney,Dubbo,Sydney,All Airlines,Jul-21,116,65,51,61,60,4,5,2021,7
Emerald-Brisbane,Emerald,Brisbane,All Airlines,Jul-21,152,139,13,129,130,10,9,2021,7
Gladstone-Brisbane,Gladstone,Brisbane,All Airlines,Jul-21,169,149,20,139,139,10,10,2021,7
Gold Coast-Adelaide,Gold Coast,Adelaide,All Airlines,Jul-21,77,35,42,34,32,1,3,2021,7
Gold Coast-Melbourne,Gold Coast,Melbourne,All Airlines,Jul-21,509,289,220,272,257,17,32,2021,7
Gold Coast-Sydney,Gold Coast,Sydney,All Airlines,Jul-21,284,62,222,58,59,4,3,2021,7
Hamilton Island-Brisbane,Hamilton Island,Brisbane,All Airlines,Jul-21,67,65,2,59,62,6,3,2021,7
Hamilton Island-Sydney,Hamilton Island,Sydney,All Airlines,Jul-21,58,23,35,22,23,1,0,2021,7
Hobart-Brisbane,Hobart,Brisbane,All Airlines,Jul-21,81,73,8,62,64,11,9,2021,7
Hobart-Melbourne,Hobart,Melbourne,All Airlines,Jul-21,317,242,75,217,215,25,27,2021,7
Hobart-Sydney,Hobart,Sydney,All Airlines,Jul-21,108,38,70,36,36,2,2,2021,7
Kalgoorlie-Perth,Kalgoorlie,Perth,All Airlines,Jul-21,132,126,6,98,95,28,31,2021,7
Karratha-Perth,Karratha,Perth,All Airlines,Jul-21,205,186,19,153,151,33,35,2021,7
Launceston-Melbourne,Launceston,Melbourne,All Airlines,Jul-21,200,152,48,136,137,16,15,2021,7
Launceston-Sydney,Launceston,Sydney,All Airlines,Jul-21,66,38,28,35,35,3,3,2021,7
Mackay-Brisbane,Mackay,Brisbane,All Airlines,Jul-21,255,235,20,212,217,23,18,2021,7
Melbourne-Adelaide,Melbourne,Adelaide,All Airlines,Jul-21,457,243,214,219,219,24,24,2021,7
Melbourne-Brisbane,Melbourne,Brisbane,All Airlines,Jul-21,574,291,283,254,268,37,23,2021,7
Melbourne-Cairns,Melbourne,Cairns,All Airlines,Jul-21,212,180,32,136,152,44,28,2021,7
Melbourne-Canberra,Melbourne,Canberra,All Airlines,Jul-21,201,109,92,98,100,11,9,2021,7
Melbourne-Darwin,Melbourne,Darwin,All Airlines,Jul-21,118,82,36,69,63,13,19,2021,7
Melbourne-Gold Coast,Melbourne,Gold Coast,All Airlines,Jul-21,513,291,222,260,271,31,20,2021,7
Melbourne-Hobart,Melbourne,Hobart,All Airlines,Jul-21,319,241,78,219,221,22,20,2021,7
Melbourne-Launceston,Melbourne,Launceston,All Airlines,Jul-21,198,150,48,133,130,17,20,2021,7
Melbourne-Mildura,Melbourne,Mildura,All Airlines,Jul-21,166,125,41,95,95,30,30,2021,7
Melbourne-Newcastle,Melbourne,Newcastle,All Airlines,Jul-21,81,42,39,38,39,4,3,2021,7
Melbourne-Perth,Melbourne,Perth,All Airlines,Jul-21,169,87,82,79,48,8,39,2021,7
Melbourne-Sunshine Coast,Melbourne,Sunshine Coast,All Airlines,Jul-21,191,121,70,110,112,11,9,2021,7
Melbourne-Sydney,Melbourne,Sydney,All Airlines,Jul-21,682,157,525,144,149,13,8,2021,7
Mildura-Melbourne,Mildura,Melbourne,All Airlines,Jul-21,163,125,38,95,97,30,28,2021,7
Mount Isa-Brisbane,Mount Isa,Brisbane,All Airlines,Jul-21,70,67,3,62,65,5,2,2021,7
Newcastle-Brisbane,Newcastle,Brisbane,All Airlines,Jul-21,167,101,66,91,90,10,11,2021,7
Newcastle-Melbourne,Newcastle,Melbourne,All Airlines,Jul-21,82,42,40,40,38,2,4,2021,7
Newman-Perth,Newman,Perth,All Airlines,Jul-21,168,159,9,134,121,25,38,2021,7
Perth-Adelaide,Perth,Adelaide,All Airlines,Jul-21,125,89,36,62,72,27,17,2021,7
Perth-Brisbane,Perth,Brisbane,All Airlines,Jul-21,140,85,55,46,61,39,24,2021,7
Perth-Broome,Perth,Broome,All Airlines,Jul-21,145,140,5,115,126,25,14,2021,7
Perth-Darwin,Perth,Darwin,All Airlines,Jul-21,69,60,9,57,55,3,5,2021,7
Perth-Kalgoorlie,Perth,Kalgoorlie,All Airlines,Jul-21,132,127,5,112,112,15,15,2021,7
Perth-Karratha,Perth,Karratha,All Airlines,Jul-21,203,185,18,173,162,12,23,2021,7
Perth-Melbourne,Perth,Melbourne,All Airlines,Jul-21,163,87,76,43,64,44,23,2021,7
Perth-Newman,Perth,Newman,All Airlines,Jul-21,169,160,9,147,146,13,14,2021,7
Perth-Port Hedland,Perth,Port Hedland,All Airlines,Jul-21,176,165,11,148,145,17,20,2021,7
Perth-Sydney,Perth,Sydney,All Airlines,Jul-21,133,58,75,43,55,15,3,2021,7
Port Hedland-Perth,Port Hedland,Perth,All Airlines,Jul-21,178,166,12,126,116,40,50,2021,7
Port Lincoln-Adelaide,Port Lincoln,Adelaide,All Airlines,Jul-21,267,208,59,177,180,31,28,2021,7
Port Macquarie-Sydney,Port Macquarie,Sydney,All Airlines,Jul-21,95,43,52,41,40,2,3,2021,7
Proserpine-Brisbane,Proserpine,Brisbane,All Airlines,Jul-21,73,73,0,62,63,11,10,2021,7
Rockhampton-Brisbane,Rockhampton,Brisbane,All Airlines,Jul-21,272,256,16,229,225,27,31,2021,7
Sunshine Coast-Melbourne,Sunshine Coast,Melbourne,All Airlines,Jul-21,188,121,67,108,99,13,22,2021,7
Sunshine Coast-Sydney,Sunshine Coast,Sydney,All Airlines,Jul-21,97,33,64,33,33,0,0,2021,7
Sydney-Adelaide,Sydney,Adelaide,All Airlines,Jul-21,219,63,156,62,60,1,3,2021,7
Sydney-Albury,Sydney,Albury,All Airlines,Jul-21,108,62,46,56,58,6,4,2021,7
Sydney-Armidale,Sydney,Armidale,All Airlines,Jul-21,72,46,26,38,38,8,8,2021,7
Sydney-Ballina,Sydney,Ballina,All Airlines,Jul-21,147,60,87,52,50,8,10,2021,7
Sydney-Brisbane,Sydney,Brisbane,All Airlines,Jul-21,461,111,350,102,105,9,6,2021,7
Sydney-Cairns,Sydney,Cairns,All Airlines,Jul-21,130,45,85,41,41,4,4,2021,7
Sydney-Canberra,Sydney,Canberra,All Airlines,Jul-21,232,89,143,80,72,9,17,2021,7
Sydney-Coffs Harbour,Sydney,Coffs Harbour,All Airlines,Jul-21,104,48,56,48,47,0,1,2021,7
Sydney-Dubbo,Sydney,Dubbo,All Airlines,Jul-21,120,63,57,62,62,1,1,2021,7
Sydney-Gold Coast,Sydney,Gold Coast,All Airlines,Jul-21,291,62,229,60,60,2,2,2021,7
Sydney-Hamilton Island,Sydney,Hamilton Island,All Airlines,Jul-21,58,23,35,20,21,3,2,2021,7
Sydney-Hobart,Sydney,Hobart,All Airlines,Jul-21,114,38,76,35,35,3,3,2021,7
Sydney-Launceston,Sydney,Launceston,All Airlines,Jul-21,65,38,27,36,36,2,2,2021,7
Sydney-Melbourne,Sydney,Melbourne,All Airlines,Jul-21,665,139,526,128,129,11,10,2021,7
Sydney-Perth,Sydney,Perth,All Airlines,Jul-21,137,59,78,53,33,6,26,2021,7
Sydney-Port Macquarie,Sydney,Port Macquarie,All Airlines,Jul-21,98,42,56,38,39,4,3,2021,7
Sydney-Sunshine Coast,Sydney,Sunshine Coast,All Airlines,Jul-21,102,33,69,33,33,0,0,2021,7
Sydney-Wagga Wagga,Sydney,Wagga Wagga,All Airlines,Jul-21,111,64,47,52,56,12,8,2021,7
Townsville-Brisbane,Townsville,Brisbane,All Airlines,Jul-21,283,269,14,241,237,28,32,2021,7
Townsville-Cairns,Townsville,Cairns,All Airlines,Jul-21,141,137,4,123,126,14,11,2021,7
Wagga Wagga-Sydney,Wagga Wagga,Sydney,All Airlines,Jul-21,108,64,44,55,56,9,8,2021,7
Adelaide-Alice Springs,Adelaide,Alice Springs,All Airlines,Aug-21,54,50,4,46,40,4,10,2021,8
Adelaide-Brisbane,Adelaide,Brisbane,All Airlines,Aug-21,101,51,50,48,48,3,3,2021,8
Adelaide-Canberra,Adelaide,Canberra,All Airlines,Aug-21,37,26,11,25,25,1,1,2021,8
Adelaide-Gold Coast,Adelaide,Gold Coast,All Airlines,Aug-21,37,32,5,30,30,2,2,2021,8
Adelaide-Melbourne,Adelaide,Melbourne,All Airlines,Aug-21,128,61,67,55,58,6,3,2021,8
Adelaide-Perth,Adelaide,Perth,All Airlines,Aug-21,84,49,35,46,43,3,6,2021,8
Adelaide-Port Lincoln,Adelaide,Port Lincoln,All Airlines,Aug-21,177,170,7,154,151,16,19,2021,8
Adelaide-Sydney,Adelaide,Sydney,All Airlines,Aug-21,39,38,1,37,37,1,1,2021,8
Albury-Sydney,Albury,Sydney,All Airlines,Aug-21,34,26,8,25,25,1,1,2021,8
Alice Springs-Adelaide,Alice Springs,Adelaide,All Airlines,Aug-21,54,50,4,37,41,13,9,2021,8
Armidale-Sydney,Armidale,Sydney,All Airlines,Aug-21,23,19,4,17,17,2,2,2021,8
Ballina-Sydney,Ballina,Sydney,All Airlines,Aug-21,40,35,5,32,32,3,3,2021,8
Brisbane-Adelaide,Brisbane,Adelaide,All Airlines,Aug-21,102,50,52,45,46,5,4,2021,8
Brisbane-Cairns,Brisbane,Cairns,All Airlines,Aug-21,324,208,116,191,178,17,30,2021,8
Brisbane-Canberra,Brisbane,Canberra,All Airlines,Aug-21,130,61,69,56,56,5,5,2021,8
Brisbane-Darwin,Brisbane,Darwin,All Airlines,Aug-21,118,78,40,72,59,6,19,2021,8
Brisbane-Emerald,Brisbane,Emerald,All Airlines,Aug-21,149,113,36,104,105,9,8,2021,8
Brisbane-Gladstone,Brisbane,Gladstone,All Airlines,Aug-21,151,98,53,92,91,6,7,2021,8
Brisbane-Hamilton Island,Brisbane,Hamilton Island,All Airlines,Aug-21,64,53,11,52,49,1,4,2021,8
Brisbane-Hobart,Brisbane,Hobart,All Airlines,Aug-21,77,50,27,44,45,6,5,2021,8
Brisbane-Mackay,Brisbane,Mackay,All Airlines,Aug-21,204,131,73,127,127,4,4,2021,8
Brisbane-Melbourne,Brisbane,Melbourne,All Airlines,Aug-21,192,58,134,44,46,14,12,2021,8
Brisbane-Mount Isa,Brisbane,Mount Isa,All Airlines,Aug-21,65,52,13,51,46,1,6,2021,8
Brisbane-Newcastle,Brisbane,Newcastle,All Airlines,Aug-21,28,22,6,21,21,1,1,2021,8
Brisbane-Perth,Brisbane,Perth,All Airlines,Aug-21,99,45,54,39,34,6,11,2021,8
Brisbane-Proserpine,Brisbane,Proserpine,All Airlines,Aug-21,73,60,13,54,51,6,9,2021,8
Brisbane-Rockhampton,Brisbane,Rockhampton,All Airlines,Aug-21,216,151,65,146,144,5,7,2021,8
Brisbane-Sydney,Brisbane,Sydney,All Airlines,Aug-21,76,55,21,38,44,17,11,2021,8
Brisbane-Townsville,Brisbane,Townsville,All Airlines,Aug-21,229,152,77,140,129,12,23,2021,8
Broome-Perth,Broome,Perth,All Airlines,Aug-21,156,151,5,129,134,22,17,2021,8
Cairns-Brisbane,Cairns,Brisbane,All Airlines,Aug-21,320,208,112,183,195,25,13,2021,8
Cairns-Melbourne,Cairns,Melbourne,All Airlines,Aug-21,78,35,43,33,34,2,1,2021,8
Cairns-Sydney,Cairns,Sydney,All Airlines,Aug-21,31,31,0,28,30,3,1,2021,8
Cairns-Townsville,Cairns,Townsville,All Airlines,Aug-21,142,139,3,127,130,12,9,2021,8
Canberra-Adelaide,Canberra,Adelaide,All Airlines,Aug-21,37,26,11,25,25,1,1,2021,8
Canberra-Brisbane,Canberra,Brisbane,All Airlines,Aug-21,130,64,66,60,61,4,3,2021,8
Canberra-Melbourne,Canberra,Melbourne,All Airlines,Aug-21,68,44,24,43,43,1,1,2021,8
Darwin-Brisbane,Darwin,Brisbane,All Airlines,Aug-21,114,76,38,53,61,23,15,2021,8
Darwin-Melbourne,Darwin,Melbourne,All Airlines,Aug-21,101,73,28,63,62,10,11,2021,8
Darwin-Perth,Darwin,Perth,All Airlines,Aug-21,75,71,4,53,47,18,24,2021,8
Dubbo-Sydney,Dubbo,Sydney,All Airlines,Aug-21,29,23,6,19,20,4,3,2021,8
Emerald-Brisbane,Emerald,Brisbane,All Airlines,Aug-21,149,113,36,107,110,6,3,2021,8
Gladstone-Brisbane,Gladstone,Brisbane,All Airlines,Aug-21,150,99,51,91,88,8,11,2021,8
Gold Coast-Adelaide,Gold Coast,Adelaide,All Airlines,Aug-21,37,32,5,31,28,1,4,2021,8
Gold Coast-Melbourne,Gold Coast,Melbourne,All Airlines,Aug-21,142,29,113,28,29,1,0,2021,8
Hamilton Island-Brisbane,Hamilton Island,Brisbane,All Airlines,Aug-21,64,53,11,50,50,3,3,2021,8
Hamilton Island-Sydney,Hamilton Island,Sydney,All Airlines,Aug-21,25,12,13,12,12,0,0,2021,8
Hobart-Brisbane,Hobart,Brisbane,All Airlines,Aug-21,78,50,28,42,41,8,9,2021,8
Hobart-Melbourne,Hobart,Melbourne,All Airlines,Aug-21,123,67,56,59,61,8,6,2021,8
Hobart-Sydney,Hobart,Sydney,All Airlines,Aug-21,33,29,4,29,29,0,0,2021,8
Kalgoorlie-Perth,Kalgoorlie,Perth,All Airlines,Aug-21,145,139,6,97,100,42,39,2021,8
Karratha-Perth,Karratha,Perth,All Airlines,Aug-21,196,189,7,163,165,26,24,2021,8
Launceston-Melbourne,Launceston,Melbourne,All Airlines,Aug-21,86,40,46,37,37,3,3,2021,8
Launceston-Sydney,Launceston,Sydney,All Airlines,Aug-21,32,32,0,30,32,2,0,2021,8
Mackay-Brisbane,Mackay,Brisbane,All Airlines,Aug-21,207,135,72,130,132,5,3,2021,8
Melbourne-Adelaide,Melbourne,Adelaide,All Airlines,Aug-21,129,61,68,57,57,4,4,2021,8
Melbourne-Brisbane,Melbourne,Brisbane,All Airlines,Aug-21,195,58,137,52,53,6,5,2021,8
Melbourne-Cairns,Melbourne,Cairns,All Airlines,Aug-21,79,35,44,34,35,1,0,2021,8
Melbourne-Canberra,Melbourne,Canberra,All Airlines,Aug-21,67,45,22,43,42,2,3,2021,8
Melbourne-Darwin,Melbourne,Darwin,All Airlines,Aug-21,102,73,29,71,65,2,8,2021,8
Melbourne-Gold Coast,Melbourne,Gold Coast,All Airlines,Aug-21,143,29,114,28,28,1,1,2021,8
Melbourne-Hobart,Melbourne,Hobart,All Airlines,Aug-21,127,69,58,63,65,6,4,2021,8
Melbourne-Launceston,Melbourne,Launceston,All Airlines,Aug-21,86,42,44,39,38,3,4,2021,8
Melbourne-Mildura,Melbourne,Mildura,All Airlines,Aug-21,73,58,15,52,53,6,5,2021,8
Melbourne-Newcastle,Melbourne,Newcastle,All Airlines,Aug-21,41,35,6,34,34,1,1,2021,8
Melbourne-Perth,Melbourne,Perth,All Airlines,Aug-21,72,52,20,42,41,10,11,2021,8
Melbourne-Sunshine Coast,Melbourne,Sunshine Coast,All Airlines,Aug-21,66,20,46,19,20,1,0,2021,8
Melbourne-Sydney,Melbourne,Sydney,All Airlines,Aug-21,95,68,27,57,61,11,7,2021,8
Mildura-Melbourne,Mildura,Melbourne,All Airlines,Aug-21,72,58,14,50,50,8,8,2021,8
Mount Isa-Brisbane,Mount Isa,Brisbane,All Airlines,Aug-21,65,52,13,48,50,4,2,2021,8
Newcastle-Brisbane,Newcastle,Brisbane,All Airlines,Aug-21,27,22,5,21,21,1,1,2021,8
Newcastle-Melbourne,Newcastle,Melbourne,All Airlines,Aug-21,36,35,1,29,29,6,6,2021,8
Newman-Perth,Newman,Perth,All Airlines,Aug-21,176,167,9,140,137,27,30,2021,8
Perth-Adelaide,Perth,Adelaide,All Airlines,Aug-21,85,50,35,46,48,4,2,2021,8
Perth-Brisbane,Perth,Brisbane,All Airlines,Aug-21,93,45,48,28,32,17,13,2021,8
Perth-Broome,Perth,Broome,All Airlines,Aug-21,155,152,3,137,142,15,10,2021,8
Perth-Darwin,Perth,Darwin,All Airlines,Aug-21,75,71,4,62,62,9,9,2021,8
Perth-Kalgoorlie,Perth,Kalgoorlie,All Airlines,Aug-21,145,139,6,122,119,17,20,2021,8
Perth-Karratha,Perth,Karratha,All Airlines,Aug-21,192,186,6,171,166,15,20,2021,8
Perth-Melbourne,Perth,Melbourne,All Airlines,Aug-21,70,52,18,34,44,18,8,2021,8
Perth-Newman,Perth,Newman,All Airlines,Aug-21,176,168,8,149,150,19,18,2021,8
Perth-Port Hedland,Perth,Port Hedland,All Airlines,Aug-21,176,170,6,161,151,9,19,2021,8
Perth-Sydney,Perth,Sydney,All Airlines,Aug-21,50,49,1,33,41,16,8,2021,8
Port Hedland-Perth,Port Hedland,Perth,All Airlines,Aug-21,177,170,7,135,128,35,42,2021,8
Port Lincoln-Adelaide,Port Lincoln,Adelaide,All Airlines,Aug-21,177,170,7,143,145,27,25,2021,8
Proserpine-Brisbane,Proserpine,Brisbane,All Airlines,Aug-21,78,60,18,51,52,9,8,2021,8
Rockhampton-Brisbane,Rockhampton,Brisbane,All Airlines,Aug-21,215,152,63,141,142,11,10,2021,8
Sunshine Coast-Melbourne,Sunshine Coast,Melbourne,All Airlines,Aug-21,65,20,45,20,20,0,0,2021,8
Sydney-Adelaide,Sydney,Adelaide,All Airlines,Aug-21,39,39,0,36,36,3,3,2021,8
Sydney-Albury,Sydney,Albury,All Airlines,Aug-21,34,26,8,24,24,2,2,2021,8
Sydney-Armidale,Sydney,Armidale,All Airlines,Aug-21,23,19,4,17,17,2,2,2021,8
Sydney-Ballina,Sydney,Ballina,All Airlines,Aug-21,40,35,5,32,33,3,2,2021,8
Sydney-Brisbane,Sydney,Brisbane,All Airlines,Aug-21,77,56,21,49,49,7,7,2021,8
Sydney-Cairns,Sydney,Cairns,All Airlines,Aug-21,31,31,0,29,30,2,1,2021,8
Sydney-Dubbo,Sydney,Dubbo,All Airlines,Aug-21,29,23,6,19,19,4,4,2021,8
Sydney-Hamilton Island,Sydney,Hamilton Island,All Airlines,Aug-21,25,12,13,12,12,0,0,2021,8
Sydney-Hobart,Sydney,Hobart,All Airlines,Aug-21,33,29,4,28,28,1,1,2021,8
Sydney-Launceston,Sydney,Launceston,All Airlines,Aug-21,32,32,0,28,29,4,3,2021,8
Sydney-Melbourne,Sydney,Melbourne,All Airlines,Aug-21,86,59,27,50,53,9,6,2021,8
Sydney-Perth,Sydney,Perth,All Airlines,Aug-21,51,50,1,41,32,9,18,2021,8
Sydney-Wagga Wagga,Sydney,Wagga Wagga,All Airlines,Aug-21,30,23,7,21,21,2,2,2021,8
Townsville-Brisbane,Townsville,Brisbane,All Airlines,Aug-21,226,152,74,132,136,20,16,2021,8
Townsville-Cairns,Townsville,Cairns,All Airlines,Aug-21,141,136,5,130,130,6,6,2021,8
Wagga Wagga-Sydney,Wagga Wagga,Sydney,All Airlines,Aug-21,30,23,7,23,23,0,0,2021,8
Adelaide-Alice Springs,Adelaide,Alice Springs,All Airlines,Sep-21,43,41,2,38,39,3,2,2021,9
Adelaide-Brisbane,Adelaide,Brisbane,All Airlines,Sep-21,154,147,7,132,140,15,7,2021,9
Adelaide-Canberra,Adelaide,Canberra,All Airlines,Sep-21,29,28,1,27,28,1,0,2021,9
Adelaide-Gold Coast,Adelaide,Gold Coast,All Airlines,Sep-21,51,45,6,43,44,2,1,2021,9
Adelaide-Melbourne,Adelaide,Melbourne,All Airlines,Sep-21,43,38,5,34,36,4,2,2021,9
Adelaide-Perth,Adelaide,Perth,All Airlines,Sep-21,155,151,4,137,131,14,20,2021,9
Adelaide-Port Lincoln,Adelaide,Port Lincoln,All Airlines,Sep-21,198,197,1,182,179,15,18,2021,9
Adelaide-Sydney,Adelaide,Sydney,All Airlines,Sep-21,38,37,1,32,34,5,3,2021,9
Albury-Sydney,Albury,Sydney,All Airlines,Sep-21,15,15,0,14,14,1,1,2021,9
Alice Springs-Adelaide,Alice Springs,Adelaide,All Airlines,Sep-21,43,41,2,35,32,6,9,2021,9
Armidale-Sydney,Armidale,Sydney,All Airlines,Sep-21,17,17,0,16,16,1,1,2021,9
Ballina-Sydney,Ballina,Sydney,All Airlines,Sep-21,33,33,0,27,28,6,5,2021,9
Brisbane-Adelaide,Brisbane,Adelaide,All Airlines,Sep-21,158,149,9,134,138,15,11,2021,9
Brisbane-Cairns,Brisbane,Cairns,All Airlines,Sep-21,365,360,5,331,331,29,29,2021,9
Brisbane-Canberra,Brisbane,Canberra,All Airlines,Sep-21,39,34,5,31,30,3,4,2021,9
Brisbane-Darwin,Brisbane,Darwin,All Airlines,Sep-21,106,106,0,98,93,8,13,2021,9
Brisbane-Emerald,Brisbane,Emerald,All Airlines,Sep-21,136,121,15,117,117,4,4,2021,9
Brisbane-Gladstone,Brisbane,Gladstone,All Airlines,Sep-21,160,127,33,125,124,2,3,2021,9
Brisbane-Hamilton Island,Brisbane,Hamilton Island,All Airlines,Sep-21,73,73,0,70,69,3,4,2021,9
Brisbane-Hobart,Brisbane,Hobart,All Airlines,Sep-21,99,99,0,94,94,5,5,2021,9
Brisbane-Mackay,Brisbane,Mackay,All Airlines,Sep-21,226,220,6,210,212,10,8,2021,9
Brisbane-Melbourne,Brisbane,Melbourne,All Airlines,Sep-21,44,39,5,27,29,12,10,2021,9
Brisbane-Mount Isa,Brisbane,Mount Isa,All Airlines,Sep-21,59,58,1,56,52,2,6,2021,9
Brisbane-Newcastle,Brisbane,Newcastle,All Airlines,Sep-21,23,23,0,23,23,0,0,2021,9
Brisbane-Perth,Brisbane,Perth,All Airlines,Sep-21,79,48,31,43,40,5,8,2021,9
Brisbane-Proserpine,Brisbane,Proserpine,All Airlines,Sep-21,94,94,0,88,88,6,6,2021,9
Brisbane-Rockhampton,Brisbane,Rockhampton,All Airlines,Sep-21,206,186,20,175,175,11,11,2021,9
Brisbane-Sydney,Brisbane,Sydney,All Airlines,Sep-21,52,52,0,40,44,12,8,2021,9
Brisbane-Townsville,Brisbane,Townsville,All Airlines,Sep-21,259,254,5,231,235,23,19,2021,9
Broome-Perth,Broome,Perth,All Airlines,Sep-21,176,175,1,153,163,22,12,2021,9
Cairns-Brisbane,Cairns,Brisbane,All Airlines,Sep-21,362,357,5,329,324,28,33,2021,9
Cairns-Melbourne,Cairns,Melbourne,All Airlines,Sep-21,33,28,5,26,26,2,2,2021,9
Cairns-Sydney,Cairns,Sydney,All Airlines,Sep-21,29,28,1,28,28,0,0,2021,9
Cairns-Townsville,Cairns,Townsville,All Airlines,Sep-21,130,127,3,121,122,6,5,2021,9
Canberra-Adelaide,Canberra,Adelaide,All Airlines,Sep-21,29,28,1,28,28,0,0,2021,9
Canberra-Brisbane,Canberra,Brisbane,All Airlines,Sep-21,38,34,4,29,30,5,4,2021,9
Canberra-Melbourne,Canberra,Melbourne,All Airlines,Sep-21,40,39,1,37,36,2,3,2021,9
Darwin-Brisbane,Darwin,Brisbane,All Airlines,Sep-21,104,104,0,84,82,20,22,2021,9
Darwin-Melbourne,Darwin,Melbourne,All Airlines,Sep-21,37,35,2,28,27,7,8,2021,9
Darwin-Perth,Darwin,Perth,All Airlines,Sep-21,91,91,0,77,74,14,17,2021,9
Dubbo-Sydney,Dubbo,Sydney,All Airlines,Sep-21,22,22,0,21,21,1,1,2021,9
Emerald-Brisbane,Emerald,Brisbane,All Airlines,Sep-21,136,121,15,117,117,4,4,2021,9
Gladstone-Brisbane,Gladstone,Brisbane,All Airlines,Sep-21,159,127,32,123,121,4,6,2021,9
Gold Coast-Adelaide,Gold Coast,Adelaide,All Airlines,Sep-21,51,45,6,43,43,2,2,2021,9
Hamilton Island-Brisbane,Hamilton Island,Brisbane,All Airlines,Sep-21,73,73,0,62,62,11,11,2021,9
Hobart-Brisbane,Hobart,Brisbane,All Airlines,Sep-21,99,99,0,90,92,9,7,2021,9
Hobart-Melbourne,Hobart,Melbourne,All Airlines,Sep-21,46,43,3,42,42,1,1,2021,9
Hobart-Sydney,Hobart,Sydney,All Airlines,Sep-21,29,29,0,29,29,0,0,2021,9
Kalgoorlie-Perth,Kalgoorlie,Perth,All Airlines,Sep-21,131,131,0,100,106,31,25,2021,9
Karratha-Perth,Karratha,Perth,All Airlines,Sep-21,192,192,0,153,162,39,30,2021,9
Launceston-Melbourne,Launceston,Melbourne,All Airlines,Sep-21,40,34,6,32,32,2,2,2021,9
Launceston-Sydney,Launceston,Sydney,All Airlines,Sep-21,28,28,0,27,27,1,1,2021,9
Mackay-Brisbane,Mackay,Brisbane,All Airlines,Sep-21,230,223,7,211,216,12,7,2021,9
Melbourne-Adelaide,Melbourne,Adelaide,All Airlines,Sep-21,43,38,5,34,33,4,5,2021,9
Melbourne-Brisbane,Melbourne,Brisbane,All Airlines,Sep-21,43,38,5,33,34,5,4,2021,9
Melbourne-Cairns,Melbourne,Cairns,All Airlines,Sep-21,33,28,5,24,26,4,2,2021,9
Melbourne-Canberra,Melbourne,Canberra,All Airlines,Sep-21,40,39,1,38,37,1,2,2021,9
Melbourne-Darwin,Melbourne,Darwin,All Airlines,Sep-21,38,36,2,34,30,2,6,2021,9
Melbourne-Hobart,Melbourne,Hobart,All Airlines,Sep-21,46,43,3,41,42,2,1,2021,9
Melbourne-Launceston,Melbourne,Launceston,All Airlines,Sep-21,40,34,6,31,32,3,2,2021,9
Melbourne-Mildura,Melbourne,Mildura,All Airlines,Sep-21,39,36,3,34,33,2,3,2021,9
Melbourne-Newcastle,Melbourne,Newcastle,All Airlines,Sep-21,34,33,1,29,30,4,3,2021,9
Melbourne-Perth,Melbourne,Perth,All Airlines,Sep-21,46,43,3,35,38,8,5,2021,9
Melbourne-Sydney,Melbourne,Sydney,All Airlines,Sep-21,83,79,4,74,75,5,4,2021,9
Mildura-Melbourne,Mildura,Melbourne,All Airlines,Sep-21,38,36,2,34,34,2,2,2021,9
Mount Isa-Brisbane,Mount Isa,Brisbane,All Airlines,Sep-21,59,57,2,51,52,6,5,2021,9
Newcastle-Brisbane,Newcastle,Brisbane,All Airlines,Sep-21,23,23,0,23,23,0,0,2021,9
Newcastle-Melbourne,Newcastle,Melbourne,All Airlines,Sep-21,34,33,1,31,30,2,3,2021,9
Newman-Perth,Newman,Perth,All Airlines,Sep-21,173,171,2,155,153,16,18,2021,9
Perth-Adelaide,Perth,Adelaide,All Airlines,Sep-21,154,151,3,126,133,25,18,2021,9
Perth-Brisbane,Perth,Brisbane,All Airlines,Sep-21,78,48,30,42,43,6,5,2021,9
Perth-Broome,Perth,Broome,All Airlines,Sep-21,174,173,1,167,168,6,5,2021,9
Perth-Darwin,Perth,Darwin,All Airlines,Sep-21,91,91,0,87,82,4,9,2021,9
Perth-Kalgoorlie,Perth,Kalgoorlie,All Airlines,Sep-21,131,131,0,123,124,8,7,2021,9
Perth-Karratha,Perth,Karratha,All Airlines,Sep-21,188,188,0,170,166,18,22,2021,9
Perth-Melbourne,Perth,Melbourne,All Airlines,Sep-21,46,43,3,27,32,16,11,2021,9
Perth-Newman,Perth,Newman,All Airlines,Sep-21,173,171,2,160,162,11,9,2021,9
Perth-Port Hedland,Perth,Port Hedland,All Airlines,Sep-21,175,175,0,171,162,4,13,2021,9
Perth-Sydney,Perth,Sydney,All Airlines,Sep-21,42,41,1,31,36,10,5,2021,9
Port Hedland-Perth,Port Hedland,Perth,All Airlines,Sep-21,174,173,1,144,138,29,35,2021,9
Port Lincoln-Adelaide,Port Lincoln,Adelaide,All Airlines,Sep-21,198,197,1,177,172,20,25,2021,9
Proserpine-Brisbane,Proserpine,Brisbane,All Airlines,Sep-21,95,94,1,87,89,7,5,2021,9
Rockhampton-Brisbane,Rockhampton,Brisbane,All Airlines,Sep-21,204,185,19,173,169,12,16,2021,9
Sydney-Adelaide,Sydney,Adelaide,All Airlines,Sep-21,39,39,0,36,35,3,4,2021,9
Sydney-Albury,Sydney,Albury,All Airlines,Sep-21,17,17,0,17,16,0,1,2021,9
Sydney-Armidale,Sydney,Armidale,All Airlines,Sep-21,17,17,0,15,15,2,2,2021,9
Sydney-Ballina,Sydney,Ballina,All Airlines,Sep-21,33,33,0,31,29,2,4,2021,9
Sydney-Brisbane,Sydney,Brisbane,All Airlines,Sep-21,58,57,1,54,55,3,2,2021,9
Sydney-Cairns,Sydney,Cairns,All Airlines,Sep-21,29,29,0,28,29,1,0,2021,9
Sydney-Dubbo,Sydney,Dubbo,All Airlines,Sep-21,22,22,0,21,21,1,1,2021,9
Sydney-Hobart,Sydney,Hobart,All Airlines,Sep-21,29,29,0,29,29,0,0,2021,9
Sydney-Launceston,Sydney,Launceston,All Airlines,Sep-21,28,28,0,24,25,4,3,2021,9
Sydney-Melbourne,Sydney,Melbourne,All Airlines,Sep-21,70,66,4,61,62,5,4,2021,9
Sydney-Perth,Sydney,Perth,All Airlines,Sep-21,43,41,2,39,37,2,4,2021,9
Sydney-Wagga Wagga,Sydney,Wagga Wagga,All Airlines,Sep-21,15,15,0,14,13,1,2,2021,9
Townsville-Brisbane,Townsville,Brisbane,All Airlines,Sep-21,257,254,3,230,229,24,25,2021,9
Townsville-Cairns,Townsville,Cairns,All Airlines,Sep-21,130,126,4,116,119,10,7,2021,9
Wagga Wagga-Sydney,Wagga Wagga,Sydney,All Airlines,Sep-21,17,17,0,14,14,3,3,2021,9
Adelaide-Alice Springs,Adelaide,Alice Springs,All Airlines,Oct-21,44,44,0,42,41,2,3,2021,10
Adelaide-Brisbane,Adelaide,Brisbane,All Airlines,Oct-21,206,185,21,170,172,15,13,2021,10
Adelaide-Canberra,Adelaide,Canberra,All Airlines,Oct-21,32,30,2,28,28,2,2,2021,10
Adelaide-Melbourne,Adelaide,Melbourne,All Airlines,Oct-21,41,41,0,35,38,6,3,2021,10
Adelaide-Perth,Adelaide,Perth,All Airlines,Oct-21,159,155,4,142,136,13,19,2021,10
Adelaide-Port Lincoln,Adelaide,Port Lincoln,All Airlines,Oct-21,221,221,0,204,195,17,26,2021,10
Adelaide-Sydney,Adelaide,Sydney,All Airlines,Oct-21,39,39,0,37,37,2,2,2021,10
Albury-Sydney,Albury,Sydney,All Airlines,Oct-21,23,23,0,21,22,2,1,2021,10
Alice Springs-Adelaide,Alice Springs,Adelaide,All Airlines,Oct-21,44,44,0,39,39,5,5,2021,10
Armidale-Sydney,Armidale,Sydney,All Airlines,Oct-21,23,22,1,17,18,5,4,2021,10
Ballina-Sydney,Ballina,Sydney,All Airlines,Oct-21,50,50,0,42,38,8,12,2021,10
Brisbane-Adelaide,Brisbane,Adelaide,All Airlines,Oct-21,207,185,22,159,160,26,25,2021,10
Brisbane-Cairns,Brisbane,Cairns,All Airlines,Oct-21,388,386,2,347,358,39,28,2021,10
Brisbane-Canberra,Brisbane,Canberra,All Airlines,Oct-21,36,36,0,31,31,5,5,2021,10
Brisbane-Darwin,Brisbane,Darwin,All Airlines,Oct-21,99,93,6,88,83,5,10,2021,10
Brisbane-Emerald,Brisbane,Emerald,All Airlines,Oct-21,143,133,10,123,123,10,10,2021,10
Brisbane-Gladstone,Brisbane,Gladstone,All Airlines,Oct-21,159,140,19,131,131,9,9,2021,10
Brisbane-Hamilton Island,Brisbane,Hamilton Island,All Airlines,Oct-21,93,93,0,86,84,7,9,2021,10
Brisbane-Hobart,Brisbane,Hobart,All Airlines,Oct-21,124,116,8,103,107,13,9,2021,10
Brisbane-Mackay,Brisbane,Mackay,All Airlines,Oct-21,256,228,28,213,216,15,12,2021,10
Brisbane-Melbourne,Brisbane,Melbourne,All Airlines,Oct-21,41,40,1,11,16,29,24,2021,10
Brisbane-Mount Isa,Brisbane,Mount Isa,All Airlines,Oct-21,70,69,1,61,59,8,10,2021,10
Brisbane-Newcastle,Brisbane,Newcastle,All Airlines,Oct-21,28,27,1,25,25,2,2,2021,10
Brisbane-Perth,Brisbane,Perth,All Airlines,Oct-21,72,59,13,53,48,6,11,2021,10
Brisbane-Proserpine,Brisbane,Proserpine,All Airlines,Oct-21,130,127,3,115,114,12,13,2021,10
Brisbane-Rockhampton,Brisbane,Rockhampton,All Airlines,Oct-21,241,221,20,199,201,22,20,2021,10
Brisbane-Sydney,Brisbane,Sydney,All Airlines,Oct-21,57,57,0,37,41,20,16,2021,10
Brisbane-Townsville,Brisbane,Townsville,All Airlines,Oct-21,295,272,23,249,248,23,24,2021,10
Broome-Perth,Broome,Perth,All Airlines,Oct-21,177,175,2,140,159,35,16,2021,10
Cairns-Brisbane,Cairns,Brisbane,All Airlines,Oct-21,388,385,3,359,344,26,41,2021,10
Cairns-Melbourne,Cairns,Melbourne,All Airlines,Oct-21,32,32,0,31,29,1,3,2021,10
Cairns-Sydney,Cairns,Sydney,All Airlines,Oct-21,33,33,0,29,29,4,4,2021,10
Cairns-Townsville,Cairns,Townsville,All Airlines,Oct-21,132,128,4,119,120,9,8,2021,10
Canberra-Adelaide,Canberra,Adelaide,All Airlines,Oct-21,32,30,2,29,29,1,1,2021,10
Canberra-Brisbane,Canberra,Brisbane,All Airlines,Oct-21,36,36,0,31,32,5,4,2021,10
Canberra-Melbourne,Canberra,Melbourne,All Airlines,Oct-21,40,40,0,37,36,3,4,2021,10
Darwin-Brisbane,Darwin,Brisbane,All Airlines,Oct-21,97,91,6,69,64,22,27,2021,10
Darwin-Perth,Darwin,Perth,All Airlines,Oct-21,97,96,1,85,83,11,13,2021,10
Dubbo-Sydney,Dubbo,Sydney,All Airlines,Oct-21,30,30,0,23,24,7,6,2021,10
Emerald-Brisbane,Emerald,Brisbane,All Airlines,Oct-21,143,133,10,123,121,10,12,2021,10
Gladstone-Brisbane,Gladstone,Brisbane,All Airlines,Oct-21,159,139,20,122,119,17,20,2021,10
Hamilton Island-Brisbane,Hamilton Island,Brisbane,All Airlines,Oct-21,92,92,0,79,75,13,17,2021,10
Hobart-Brisbane,Hobart,Brisbane,All Airlines,Oct-21,124,114,10,95,94,19,20,2021,10
Hobart-Melbourne,Hobart,Melbourne,All Airlines,Oct-21,46,46,0,41,40,5,6,2021,10
Hobart-Sydney,Hobart,Sydney,All Airlines,Oct-21,32,31,1,29,30,2,1,2021,10
Kalgoorlie-Perth,Kalgoorlie,Perth,All Airlines,Oct-21,130,128,2,100,106,28,22,2021,10
Karratha-Perth,Karratha,Perth,All Airlines,Oct-21,188,185,3,155,171,30,14,2021,10
Launceston-Melbourne,Launceston,Melbourne,All Airlines,Oct-21,35,34,1,31,31,3,3,2021,10
Launceston-Sydney,Launceston,Sydney,All Airlines,Oct-21,33,33,0,32,32,1,1,2021,10
Mackay-Brisbane,Mackay,Brisbane,All Airlines,Oct-21,260,230,30,211,210,19,20,2021,10
Melbourne-Adelaide,Melbourne,Adelaide,All Airlines,Oct-21,41,41,0,36,40,5,1,2021,10
Melbourne-Brisbane,Melbourne,Brisbane,All Airlines,Oct-21,41,41,0,37,38,4,3,2021,10
Melbourne-Cairns,Melbourne,Cairns,All Airlines,Oct-21,33,33,0,30,31,3,2,2021,10
Melbourne-Canberra,Melbourne,Canberra,All Airlines,Oct-21,40,40,0,37,37,3,3,2021,10
Melbourne-Hobart,Melbourne,Hobart,All Airlines,Oct-21,46,46,0,41,41,5,5,2021,10
Melbourne-Launceston,Melbourne,Launceston,All Airlines,Oct-21,35,34,1,32,32,2,2,2021,10
Melbourne-Mildura,Melbourne,Mildura,All Airlines,Oct-21,23,23,0,20,18,3,5,2021,10
Melbourne-Newcastle,Melbourne,Newcastle,All Airlines,Oct-21,36,36,0,31,31,5,5,2021,10
Melbourne-Perth,Melbourne,Perth,All Airlines,Oct-21,44,43,1,36,38,7,5,2021,10
Melbourne-Sydney,Melbourne,Sydney,All Airlines,Oct-21,109,107,2,97,101,10,6,2021,10
Mildura-Melbourne,Mildura,Melbourne,All Airlines,Oct-21,23,23,0,18,18,5,5,2021,10
Mount Isa-Brisbane,Mount Isa,Brisbane,All Airlines,Oct-21,70,69,1,61,58,8,11,2021,10
Newcastle-Brisbane,Newcastle,Brisbane,All Airlines,Oct-21,28,27,1,25,24,2,3,2021,10
Newcastle-Melbourne,Newcastle,Melbourne,All Airlines,Oct-21,36,36,0,31,31,5,5,2021,10
Newman-Perth,Newman,Perth,All Airlines,Oct-21,169,162,7,125,133,37,29,2021,10
Perth-Adelaide,Perth,Adelaide,All Airlines,Oct-21,158,154,4,127,136,27,18,2021,10
Perth-Brisbane,Perth,Brisbane,All Airlines,Oct-21,72,59,13,49,51,10,8,2021,10
Perth-Broome,Perth,Broome,All Airlines,Oct-21,176,174,2,163,161,11,13,2021,10
Perth-Darwin,Perth,Darwin,All Airlines,Oct-21,98,98,0,93,89,5,9,2021,10
Perth-Kalgoorlie,Perth,Kalgoorlie,All Airlines,Oct-21,131,130,1,119,118,11,12,2021,10
Perth-Karratha,Perth,Karratha,All Airlines,Oct-21,185,183,2,172,161,11,22,2021,10
Perth-Melbourne,Perth,Melbourne,All Airlines,Oct-21,44,43,1,34,35,9,8,2021,10
Perth-Newman,Perth,Newman,All Airlines,Oct-21,169,163,6,152,146,11,17,2021,10
Perth-Port Hedland,Perth,Port Hedland,All Airlines,Oct-21,171,170,1,152,142,18,28,2021,10
Perth-Sydney,Perth,Sydney,All Airlines,Oct-21,38,38,0,29,36,9,2,2021,10
Port Hedland-Perth,Port Hedland,Perth,All Airlines,Oct-21,171,170,1,136,142,34,28,2021,10
Port Lincoln-Adelaide,Port Lincoln,Adelaide,All Airlines,Oct-21,221,221,0,191,195,30,26,2021,10
Proserpine-Brisbane,Proserpine,Brisbane,All Airlines,Oct-21,130,126,4,105,103,21,23,2021,10
Rockhampton-Brisbane,Rockhampton,Brisbane,All Airlines,Oct-21,242,221,21,195,187,26,34,2021,10
Sydney-Adelaide,Sydney,Adelaide,All Airlines,Oct-21,39,38,1,36,37,2,1,2021,10
Sydney-Albury,Sydney,Albury,All Airlines,Oct-21,24,24,0,22,22,2,2,2021,10
Sydney-Armidale,Sydney,Armidale,All Airlines,Oct-21,23,22,1,17,17,5,5,2021,10
Sydney-Ballina,Sydney,Ballina,All Airlines,Oct-21,51,51,0,47,46,4,5,2021,10
Sydney-Brisbane,Sydney,Brisbane,All Airlines,Oct-21,58,57,1,51,51,6,6,2021,10
Sydney-Cairns,Sydney,Cairns,All Airlines,Oct-21,33,33,0,31,31,2,2,2021,10
Sydney-Dubbo,Sydney,Dubbo,All Airlines,Oct-21,30,30,0,23,23,7,7,2021,10
Sydney-Hobart,Sydney,Hobart,All Airlines,Oct-21,32,32,0,31,31,1,1,2021,10
Sydney-Launceston,Sydney,Launceston,All Airlines,Oct-21,33,33,0,32,33,1,0,2021,10
Sydney-Melbourne,Sydney,Melbourne,All Airlines,Oct-21,94,92,2,84,85,8,7,2021,10
Sydney-Perth,Sydney,Perth,All Airlines,Oct-21,37,37,0,33,31,4,6,2021,10
Sydney-Wagga Wagga,Sydney,Wagga Wagga,All Airlines,Oct-21,25,24,1,21,21,3,3,2021,10
Townsville-Brisbane,Townsville,Brisbane,All Airlines,Oct-21,293,271,22,247,236,24,35,2021,10
Townsville-Cairns,Townsville,Cairns,All Airlines,Oct-21,132,128,4,120,123,8,5,2021,10
Wagga Wagga-Sydney,Wagga Wagga,Sydney,All Airlines,Oct-21,26,25,1,20,21,5,4,2021,10
Adelaide-Alice Springs,Adelaide,Alice Springs,All Airlines,Nov-21,41,37,4,36,33,1,4,2021,11
Adelaide-Brisbane,Adelaide,Brisbane,All Airlines,Nov-21,215,210,5,196,195,14,15,2021,11
Adelaide-Canberra,Adelaide,Canberra,All Airlines,Nov-21,33,31,2,31,31,0,0,2021,11
Adelaide-Melbourne,Adelaide,Melbourne,All Airlines,Nov-21,118,109,9,93,95,16,14,2021,11
Adelaide-Perth,Adelaide,Perth,All Airlines,Nov-21,165,163,2,145,144,18,19,2021,11
Adelaide-Port Lincoln,Adelaide,Port Lincoln,All Airlines,Nov-21,253,251,2,222,217,29,34,2021,11
Adelaide-Sydney,Adelaide,Sydney,All Airlines,Nov-21,96,93,3,75,79,18,14,2021,11
Albury-Sydney,Albury,Sydney,All Airlines,Nov-21,80,80,0,76,75,4,5,2021,11
Alice Springs-Adelaide,Alice Springs,Adelaide,All Airlines,Nov-21,41,37,4,31,35,6,2,2021,11
Armidale-Sydney,Armidale,Sydney,All Airlines,Nov-21,85,81,4,61,61,20,20,2021,11
Ballina-Sydney,Ballina,Sydney,All Airlines,Nov-21,297,292,5,208,228,84,64,2021,11
Brisbane-Adelaide,Brisbane,Adelaide,All Airlines,Nov-21,215,209,6,190,186,19,23,2021,11
Brisbane-Cairns,Brisbane,Cairns,All Airlines,Nov-21,363,361,2,320,316,41,45,2021,11
Brisbane-Canberra,Brisbane,Canberra,All Airlines,Nov-21,35,34,1,31,31,3,3,2021,11
Brisbane-Darwin,Brisbane,Darwin,All Airlines,Nov-21,91,88,3,83,68,5,20,2021,11
Brisbane-Emerald,Brisbane,Emerald,All Airlines,Nov-21,143,142,1,131,129,11,13,2021,11
Brisbane-Gladstone,Brisbane,Gladstone,All Airlines,Nov-21,148,144,4,135,126,9,18,2021,11
Brisbane-Hamilton Island,Brisbane,Hamilton Island,All Airlines,Nov-21,95,93,2,89,84,4,9,2021,11
Brisbane-Hobart,Brisbane,Hobart,All Airlines,Nov-21,141,139,2,118,128,21,11,2021,11
Brisbane-Mackay,Brisbane,Mackay,All Airlines,Nov-21,248,241,7,213,210,28,31,2021,11
Brisbane-Melbourne,Brisbane,Melbourne,All Airlines,Nov-21,46,42,4,17,15,25,27,2021,11
Brisbane-Mount Isa,Brisbane,Mount Isa,All Airlines,Nov-21,72,71,1,70,65,1,6,2021,11
Brisbane-Newcastle,Brisbane,Newcastle,All Airlines,Nov-21,21,21,0,20,20,1,1,2021,11
Brisbane-Perth,Brisbane,Perth,All Airlines,Nov-21,150,148,2,128,100,20,48,2021,11
Brisbane-Proserpine,Brisbane,Proserpine,All Airlines,Nov-21,130,130,0,116,111,14,19,2021,11
Brisbane-Rockhampton,Brisbane,Rockhampton,All Airlines,Nov-21,258,248,10,224,217,24,31,2021,11
Brisbane-Sydney,Brisbane,Sydney,All Airlines,Nov-21,61,61,0,31,37,30,24,2021,11
Brisbane-Townsville,Brisbane,Townsville,All Airlines,Nov-21,281,272,9,244,239,28,33,2021,11
Broome-Perth,Broome,Perth,All Airlines,Nov-21,143,135,8,123,125,12,10,2021,11
Cairns-Brisbane,Cairns,Brisbane,All Airlines,Nov-21,362,359,3,320,323,39,36,2021,11
Cairns-Melbourne,Cairns,Melbourne,All Airlines,Nov-21,30,29,1,27,28,2,1,2021,11
Cairns-Sydney,Cairns,Sydney,All Airlines,Nov-21,29,28,1,25,23,3,5,2021,11
Cairns-Townsville,Cairns,Townsville,All Airlines,Nov-21,145,143,2,138,139,5,4,2021,11
Canberra-Adelaide,Canberra,Adelaide,All Airlines,Nov-21,33,31,2,30,30,1,1,2021,11
Canberra-Brisbane,Canberra,Brisbane,All Airlines,Nov-21,34,34,0,30,30,4,4,2021,11
Canberra-Melbourne,Canberra,Melbourne,All Airlines,Nov-21,166,158,8,142,142,16,16,2021,11
Canberra-Sydney,Canberra,Sydney,All Airlines,Nov-21,215,204,11,180,175,24,29,2021,11
Coffs Harbour-Sydney,Coffs Harbour,Sydney,All Airlines,Nov-21,142,139,3,121,123,18,16,2021,11
Darwin-Brisbane,Darwin,Brisbane,All Airlines,Nov-21,90,89,1,73,75,16,14,2021,11
Darwin-Melbourne,Darwin,Melbourne,All Airlines,Nov-21,30,28,2,26,27,2,1,2021,11
Darwin-Perth,Darwin,Perth,All Airlines,Nov-21,66,58,8,51,49,7,9,2021,11
Dubbo-Sydney,Dubbo,Sydney,All Airlines,Nov-21,95,93,2,70,76,23,17,2021,11
Emerald-Brisbane,Emerald,Brisbane,All Airlines,Nov-21,143,142,1,127,129,15,13,2021,11
Gladstone-Brisbane,Gladstone,Brisbane,All Airlines,Nov-21,150,147,3,129,129,18,18,2021,11
Hamilton Island-Brisbane,Hamilton Island,Brisbane,All Airlines,Nov-21,95,93,2,80,81,13,12,2021,11
Hobart-Brisbane,Hobart,Brisbane,All Airlines,Nov-21,141,138,3,116,121,22,17,2021,11
Hobart-Melbourne,Hobart,Melbourne,All Airlines,Nov-21,43,41,2,37,37,4,4,2021,11
Hobart-Sydney,Hobart,Sydney,All Airlines,Nov-21,30,30,0,26,28,4,2,2021,11
Kalgoorlie-Perth,Kalgoorlie,Perth,All Airlines,Nov-21,130,126,4,87,90,39,36,2021,11
Karratha-Perth,Karratha,Perth,All Airlines,Nov-21,195,187,8,156,162,31,25,2021,11
Launceston-Melbourne,Launceston,Melbourne,All Airlines,Nov-21,36,34,2,32,32,2,2,2021,11
Launceston-Sydney,Launceston,Sydney,All Airlines,Nov-21,30,29,1,25,25,4,4,2021,11
Mackay-Brisbane,Mackay,Brisbane,All Airlines,Nov-21,252,243,9,205,216,38,27,2021,11
Melbourne-Adelaide,Melbourne,Adelaide,All Airlines,Nov-21,119,109,10,98,99,11,10,2021,11
Melbourne-Brisbane,Melbourne,Brisbane,All Airlines,Nov-21,44,40,4,31,31,9,9,2021,11
Melbourne-Cairns,Melbourne,Cairns,All Airlines,Nov-21,30,29,1,27,27,2,2,2021,11
Melbourne-Canberra,Melbourne,Canberra,All Airlines,Nov-21,166,160,6,150,149,10,11,2021,11
Melbourne-Darwin,Melbourne,Darwin,All Airlines,Nov-21,30,28,2,27,25,1,3,2021,11
Melbourne-Hobart,Melbourne,Hobart,All Airlines,Nov-21,43,41,2,36,39,5,2,2021,11
Melbourne-Launceston,Melbourne,Launceston,All Airlines,Nov-21,36,34,2,31,33,3,1,2021,11
Melbourne-Mildura,Melbourne,Mildura,All Airlines,Nov-21,74,74,0,71,72,3,2,2021,11
Melbourne-Newcastle,Melbourne,Newcastle,All Airlines,Nov-21,85,80,5,62,58,18,22,2021,11
Melbourne-Perth,Melbourne,Perth,All Airlines,Nov-21,44,43,1,37,37,6,6,2021,11
Melbourne-Sydney,Melbourne,Sydney,All Airlines,Nov-21,869,857,12,794,791,63,66,2021,11
Mildura-Melbourne,Mildura,Melbourne,All Airlines,Nov-21,74,74,0,67,70,7,4,2021,11
Mount Isa-Brisbane,Mount Isa,Brisbane,All Airlines,Nov-21,72,71,1,63,67,8,4,2021,11
Newcastle-Brisbane,Newcastle,Brisbane,All Airlines,Nov-21,21,21,0,19,20,2,1,2021,11
Newcastle-Melbourne,Newcastle,Melbourne,All Airlines,Nov-21,83,79,4,51,60,28,19,2021,11
Newman-Perth,Newman,Perth,All Airlines,Nov-21,176,171,5,137,135,34,36,2021,11
Perth-Adelaide,Perth,Adelaide,All Airlines,Nov-21,165,163,2,141,147,22,16,2021,11
Perth-Brisbane,Perth,Brisbane,All Airlines,Nov-21,148,145,3,108,124,37,21,2021,11
Perth-Broome,Perth,Broome,All Airlines,Nov-21,144,136,8,126,128,10,8,2021,11
Perth-Darwin,Perth,Darwin,All Airlines,Nov-21,67,58,9,54,56,4,2,2021,11
Perth-Kalgoorlie,Perth,Kalgoorlie,All Airlines,Nov-21,129,128,1,109,107,19,21,2021,11
Perth-Karratha,Perth,Karratha,All Airlines,Nov-21,197,191,6,170,166,21,25,2021,11
Perth-Melbourne,Perth,Melbourne,All Airlines,Nov-21,43,43,0,30,34,13,9,2021,11
Perth-Newman,Perth,Newman,All Airlines,Nov-21,176,172,4,158,156,14,16,2021,11
Perth-Port Hedland,Perth,Port Hedland,All Airlines,Nov-21,184,183,1,165,167,18,16,2021,11
Perth-Sydney,Perth,Sydney,All Airlines,Nov-21,39,39,0,32,36,7,3,2021,11
Port Hedland-Perth,Port Hedland,Perth,All Airlines,Nov-21,184,180,4,147,142,33,38,2021,11
Port Lincoln-Adelaide,Port Lincoln,Adelaide,All Airlines,Nov-21,253,250,3,212,208,38,42,2021,11
Port Macquarie-Sydney,Port Macquarie,Sydney,All Airlines,Nov-21,99,95,4,79,79,16,16,2021,11
Proserpine-Brisbane,Proserpine,Brisbane,All Airlines,Nov-21,130,129,1,99,106,30,23,2021,11
Rockhampton-Brisbane,Rockhampton,Brisbane,All Airlines,Nov-21,257,245,12,219,217,26,28,2021,11
Sydney-Adelaide,Sydney,Adelaide,All Airlines,Nov-21,96,94,2,83,85,11,9,2021,11
Sydney-Albury,Sydney,Albury,All Airlines,Nov-21,80,80,0,70,77,10,3,2021,11
Sydney-Armidale,Sydney,Armidale,All Airlines,Nov-21,84,81,3,63,60,18,21,2021,11
Sydney-Ballina,Sydney,Ballina,All Airlines,Nov-21,298,295,3,254,244,41,51,2021,11
Sydney-Brisbane,Sydney,Brisbane,All Airlines,Nov-21,59,59,0,46,48,13,11,2021,11
Sydney-Cairns,Sydney,Cairns,All Airlines,Nov-21,29,28,1,25,25,3,3,2021,11
Sydney-Canberra,Sydney,Canberra,All Airlines,Nov-21,216,208,8,178,174,30,34,2021,11
Sydney-Coffs Harbour,Sydney,Coffs Harbour,All Airlines,Nov-21,144,141,3,125,123,16,18,2021,11
Sydney-Dubbo,Sydney,Dubbo,All Airlines,Nov-21,96,95,1,81,82,14,13,2021,11
Sydney-Hobart,Sydney,Hobart,All Airlines,Nov-21,30,30,0,29,29,1,1,2021,11
Sydney-Launceston,Sydney,Launceston,All Airlines,Nov-21,30,29,1,26,24,3,5,2021,11
Sydney-Melbourne,Sydney,Melbourne,All Airlines,Nov-21,851,838,13,735,783,103,55,2021,11
Sydney-Perth,Sydney,Perth,All Airlines,Nov-21,40,40,0,34,32,6,8,2021,11
Sydney-Port Macquarie,Sydney,Port Macquarie,All Airlines,Nov-21,98,94,4,78,80,16,14,2021,11
Sydney-Wagga Wagga,Sydney,Wagga Wagga,All Airlines,Nov-21,94,90,4,75,73,15,17,2021,11
Townsville-Brisbane,Townsville,Brisbane,All Airlines,Nov-21,283,272,11,220,230,52,42,2021,11
Townsville-Cairns,Townsville,Cairns,All Airlines,Nov-21,145,142,3,126,130,16,12,2021,11
Wagga Wagga-Sydney,Wagga Wagga,Sydney,All Airlines,Nov-21,94,90,4,71,76,19,14,2021,11
Adelaide-Alice Springs,Adelaide,Alice Springs,All Airlines,Dec-21,33,31,2,30,29,1,2,2021,12
Adelaide-Brisbane,Adelaide,Brisbane,All Airlines,Dec-21,246,218,28,195,193,23,25,2021,12
Adelaide-Canberra,Adelaide,Canberra,All Airlines,Dec-21,56,55,1,51,52,4,3,2021,12
Adelaide-Gold Coast,Adelaide,Gold Coast,All Airlines,Dec-21,95,78,17,73,71,5,7,2021,12
Adelaide-Melbourne,Adelaide,Melbourne,All Airlines,Dec-21,569,517,52,452,464,65,53,2021,12
Adelaide-Perth,Adelaide,Perth,All Airlines,Dec-21,67,40,27,31,35,9,5,2021,12
Adelaide-Port Lincoln,Adelaide,Port Lincoln,All Airlines,Dec-21,299,289,10,254,255,35,34,2021,12
Adelaide-Sydney,Adelaide,Sydney,All Airlines,Dec-21,382,343,39,318,315,25,28,2021,12
Albury-Sydney,Albury,Sydney,All Airlines,Dec-21,151,150,1,142,144,8,6,2021,12
Alice Springs-Adelaide,Alice Springs,Adelaide,All Airlines,Dec-21,33,31,2,22,29,9,2,2021,12
Armidale-Sydney,Armidale,Sydney,All Airlines,Dec-21,153,144,9,122,118,22,26,2021,12
Ballina-Sydney,Ballina,Sydney,All Airlines,Dec-21,329,319,10,224,243,95,76,2021,12
Brisbane-Adelaide,Brisbane,Adelaide,All Airlines,Dec-21,245,217,28,186,195,31,22,2021,12
Brisbane-Cairns,Brisbane,Cairns,All Airlines,Dec-21,472,457,15,375,363,82,94,2021,12
Brisbane-Canberra,Brisbane,Canberra,All Airlines,Dec-21,146,127,19,106,109,21,18,2021,12
Brisbane-Darwin,Brisbane,Darwin,All Airlines,Dec-21,98,87,11,77,75,10,12,2021,12
Brisbane-Emerald,Brisbane,Emerald,All Airlines,Dec-21,140,131,9,121,120,10,11,2021,12
Brisbane-Gladstone,Brisbane,Gladstone,All Airlines,Dec-21,159,150,9,139,136,11,14,2021,12
Brisbane-Hamilton Island,Brisbane,Hamilton Island,All Airlines,Dec-21,108,105,3,99,96,6,9,2021,12
Brisbane-Hobart,Brisbane,Hobart,All Airlines,Dec-21,181,168,13,141,149,27,19,2021,12
Brisbane-Mackay,Brisbane,Mackay,All Airlines,Dec-21,256,245,11,204,206,41,39,2021,12
Brisbane-Melbourne,Brisbane,Melbourne,All Airlines,Dec-21,539,485,54,330,352,155,133,2021,12
Brisbane-Mount Isa,Brisbane,Mount Isa,All Airlines,Dec-21,70,69,1,64,62,5,7,2021,12
Brisbane-Newcastle,Brisbane,Newcastle,All Airlines,Dec-21,111,110,1,97,99,13,11,2021,12
Brisbane-Perth,Brisbane,Perth,All Airlines,Dec-21,175,150,25,124,119,26,31,2021,12
Brisbane-Proserpine,Brisbane,Proserpine,All Airlines,Dec-21,143,134,9,112,100,22,34,2021,12
Brisbane-Rockhampton,Brisbane,Rockhampton,All Airlines,Dec-21,270,257,13,230,213,27,44,2021,12
Brisbane-Sydney,Brisbane,Sydney,All Airlines,Dec-21,620,520,100,419,444,101,76,2021,12
Brisbane-Townsville,Brisbane,Townsville,All Airlines,Dec-21,315,305,10,248,234,57,71,2021,12
Broome-Perth,Broome,Perth,All Airlines,Dec-21,145,138,7,118,122,20,16,2021,12
Cairns-Brisbane,Cairns,Brisbane,All Airlines,Dec-21,473,457,16,382,407,75,50,2021,12
Cairns-Melbourne,Cairns,Melbourne,All Airlines,Dec-21,138,127,11,97,98,30,29,2021,12
Cairns-Sydney,Cairns,Sydney,All Airlines,Dec-21,161,126,35,113,114,13,12,2021,12
Cairns-Townsville,Cairns,Townsville,All Airlines,Dec-21,160,155,5,138,141,17,14,2021,12
Canberra-Adelaide,Canberra,Adelaide,All Airlines,Dec-21,55,54,1,51,51,3,3,2021,12
Canberra-Brisbane,Canberra,Brisbane,All Airlines,Dec-21,145,128,17,99,99,29,29,2021,12
Canberra-Melbourne,Canberra,Melbourne,All Airlines,Dec-21,269,256,13,191,198,65,58,2021,12
Canberra-Sydney,Canberra,Sydney,All Airlines,Dec-21,374,329,45,300,292,29,37,2021,12
Coffs Harbour-Sydney,Coffs Harbour,Sydney,All Airlines,Dec-21,225,215,10,185,185,30,30,2021,12
Darwin-Brisbane,Darwin,Brisbane,All Airlines,Dec-21,96,86,10,53,62,33,24,2021,12
Darwin-Melbourne,Darwin,Melbourne,All Airlines,Dec-21,43,32,11,20,24,12,8,2021,12
Darwin-Perth,Darwin,Perth,All Airlines,Dec-21,44,33,11,27,30,6,3,2021,12
Dubbo-Sydney,Dubbo,Sydney,All Airlines,Dec-21,157,154,3,142,146,12,8,2021,12
Emerald-Brisbane,Emerald,Brisbane,All Airlines,Dec-21,139,131,8,119,120,12,11,2021,12
Gladstone-Brisbane,Gladstone,Brisbane,All Airlines,Dec-21,158,149,9,138,132,11,17,2021,12
Gold Coast-Adelaide,Gold Coast,Adelaide,All Airlines,Dec-21,95,78,17,61,72,17,6,2021,12
Gold Coast-Melbourne,Gold Coast,Melbourne,All Airlines,Dec-21,422,362,60,253,270,109,92,2021,12
Gold Coast-Sydney,Gold Coast,Sydney,All Airlines,Dec-21,463,371,92,279,293,92,78,2021,12
Hamilton Island-Brisbane,Hamilton Island,Brisbane,All Airlines,Dec-21,107,104,3,91,97,13,7,2021,12
Hamilton Island-Sydney,Hamilton Island,Sydney,All Airlines,Dec-21,42,41,1,29,33,12,8,2021,12
Hobart-Brisbane,Hobart,Brisbane,All Airlines,Dec-21,181,166,15,134,124,32,42,2021,12
Hobart-Melbourne,Hobart,Melbourne,All Airlines,Dec-21,242,217,25,139,141,78,76,2021,12
Hobart-Sydney,Hobart,Sydney,All Airlines,Dec-21,168,148,20,104,104,44,44,2021,12
Kalgoorlie-Perth,Kalgoorlie,Perth,All Airlines,Dec-21,127,123,4,94,98,29,25,2021,12
Karratha-Perth,Karratha,Perth,All Airlines,Dec-21,196,190,6,169,173,21,17,2021,12
Launceston-Melbourne,Launceston,Melbourne,All Airlines,Dec-21,185,172,13,120,124,52,48,2021,12
Launceston-Sydney,Launceston,Sydney,All Airlines,Dec-21,93,88,5,64,66,24,22,2021,12
Mackay-Brisbane,Mackay,Brisbane,All Airlines,Dec-21,262,249,13,200,213,49,36,2021,12
Melbourne-Adelaide,Melbourne,Adelaide,All Airlines,Dec-21,572,517,55,444,445,73,72,2021,12
Melbourne-Brisbane,Melbourne,Brisbane,All Airlines,Dec-21,537,483,54,350,324,133,159,2021,12
Melbourne-Cairns,Melbourne,Cairns,All Airlines,Dec-21,138,127,11,84,93,43,34,2021,12
Melbourne-Canberra,Melbourne,Canberra,All Airlines,Dec-21,271,260,11,209,204,51,56,2021,12
Melbourne-Darwin,Melbourne,Darwin,All Airlines,Dec-21,38,32,6,29,25,3,7,2021,12
Melbourne-Gold Coast,Melbourne,Gold Coast,All Airlines,Dec-21,424,365,59,242,250,123,115,2021,12
Melbourne-Hobart,Melbourne,Hobart,All Airlines,Dec-21,242,217,25,158,170,59,47,2021,12
Melbourne-Launceston,Melbourne,Launceston,All Airlines,Dec-21,186,174,12,120,124,54,50,2021,12
Melbourne-Mildura,Melbourne,Mildura,All Airlines,Dec-21,166,166,0,135,136,31,30,2021,12
Melbourne-Newcastle,Melbourne,Newcastle,All Airlines,Dec-21,149,141,8,107,102,34,39,2021,12
Melbourne-Perth,Melbourne,Perth,All Airlines,Dec-21,43,40,3,32,35,8,5,2021,12
Melbourne-Sunshine Coast,Melbourne,Sunshine Coast,All Airlines,Dec-21,181,164,17,118,110,46,54,2021,12
Melbourne-Sydney,Melbourne,Sydney,All Airlines,Dec-21,1843,1646,197,1421,1427,225,219,2021,12
Mildura-Melbourne,Mildura,Melbourne,All Airlines,Dec-21,166,164,2,140,140,24,24,2021,12
Mount Isa-Brisbane,Mount Isa,Brisbane,All Airlines,Dec-21,69,68,1,59,56,9,12,2021,12
Newcastle-Brisbane,Newcastle,Brisbane,All Airlines,Dec-21,110,109,1,97,96,12,13,2021,12
Newcastle-Melbourne,Newcastle,Melbourne,All Airlines,Dec-21,151,144,7,106,117,38,27,2021,12
Newman-Perth,Newman,Perth,All Airlines,Dec-21,166,162,4,133,128,29,34,2021,12
Perth-Adelaide,Perth,Adelaide,All Airlines,Dec-21,69,40,29,37,37,3,3,2021,12
Perth-Brisbane,Perth,Brisbane,All Airlines,Dec-21,174,151,23,118,122,33,29,2021,12
Perth-Broome,Perth,Broome,All Airlines,Dec-21,143,138,5,121,127,17,11,2021,12
Perth-Darwin,Perth,Darwin,All Airlines,Dec-21,44,33,11,31,31,2,2,2021,12
Perth-Kalgoorlie,Perth,Kalgoorlie,All Airlines,Dec-21,127,123,4,113,112,10,11,2021,12
Perth-Karratha,Perth,Karratha,All Airlines,Dec-21,197,191,6,179,176,12,15,2021,12
Perth-Melbourne,Perth,Melbourne,All Airlines,Dec-21,46,41,5,29,24,12,17,2021,12
Perth-Newman,Perth,Newman,All Airlines,Dec-21,166,162,4,152,151,10,11,2021,12
Perth-Port Hedland,Perth,Port Hedland,All Airlines,Dec-21,180,172,8,164,162,8,10,2021,12
Perth-Sydney,Perth,Sydney,All Airlines,Dec-21,37,33,4,23,21,10,12,2021,12
Port Hedland-Perth,Port Hedland,Perth,All Airlines,Dec-21,180,172,8,143,146,29,26,2021,12
Port Lincoln-Adelaide,Port Lincoln,Adelaide,All Airlines,Dec-21,300,289,11,259,257,30,32,2021,12
Port Macquarie-Sydney,Port Macquarie,Sydney,All Airlines,Dec-21,169,166,3,152,144,14,22,2021,12
Proserpine-Brisbane,Proserpine,Brisbane,All Airlines,Dec-21,142,133,9,83,94,50,39,2021,12
Rockhampton-Brisbane,Rockhampton,Brisbane,All Airlines,Dec-21,271,257,14,235,230,22,27,2021,12
Sunshine Coast-Melbourne,Sunshine Coast,Melbourne,All Airlines,Dec-21,181,162,19,102,105,60,57,2021,12
Sunshine Coast-Sydney,Sunshine Coast,Sydney,All Airlines,Dec-21,168,138,30,96,92,42,46,2021,12
Sydney-Adelaide,Sydney,Adelaide,All Airlines,Dec-21,383,346,37,299,316,47,30,2021,12
Sydney-Albury,Sydney,Albury,All Airlines,Dec-21,151,150,1,133,141,17,9,2021,12
Sydney-Armidale,Sydney,Armidale,All Airlines,Dec-21,153,146,7,119,122,27,24,2021,12
Sydney-Ballina,Sydney,Ballina,All Airlines,Dec-21,329,320,9,273,272,47,48,2021,12
Sydney-Brisbane,Sydney,Brisbane,All Airlines,Dec-21,614,509,105,423,426,86,83,2021,12
Sydney-Cairns,Sydney,Cairns,All Airlines,Dec-21,161,126,35,106,107,20,19,2021,12
Sydney-Canberra,Sydney,Canberra,All Airlines,Dec-21,374,331,43,297,292,34,39,2021,12
Sydney-Coffs Harbour,Sydney,Coffs Harbour,All Airlines,Dec-21,221,212,9,183,181,29,31,2021,12
Sydney-Dubbo,Sydney,Dubbo,All Airlines,Dec-21,159,156,3,129,137,27,19,2021,12
Sydney-Gold Coast,Sydney,Gold Coast,All Airlines,Dec-21,464,372,92,276,279,96,93,2021,12
Sydney-Hamilton Island,Sydney,Hamilton Island,All Airlines,Dec-21,42,41,1,35,34,6,7,2021,12
Sydney-Hobart,Sydney,Hobart,All Airlines,Dec-21,170,151,19,106,114,45,37,2021,12
Sydney-Launceston,Sydney,Launceston,All Airlines,Dec-21,93,88,5,64,68,24,20,2021,12
Sydney-Melbourne,Sydney,Melbourne,All Airlines,Dec-21,1821,1632,189,1341,1422,291,210,2021,12
Sydney-Perth,Sydney,Perth,All Airlines,Dec-21,34,28,6,18,20,10,8,2021,12
Sydney-Port Macquarie,Sydney,Port Macquarie,All Airlines,Dec-21,168,165,3,145,144,20,21,2021,12
Sydney-Sunshine Coast,Sydney,Sunshine Coast,All Airlines,Dec-21,167,138,29,110,102,28,36,2021,12
Sydney-Wagga Wagga,Sydney,Wagga Wagga,All Airlines,Dec-21,133,132,1,120,124,12,8,2021,12
Townsville-Brisbane,Townsville,Brisbane,All Airlines,Dec-21,315,306,9,222,239,84,67,2021,12
Townsville-Cairns,Townsville,Cairns,All Airlines,Dec-21,160,154,6,135,143,19,11,2021,12
Wagga Wagga-Sydney,Wagga Wagga,Sydney,All Airlines,Dec-21,135,134,1,126,123,8,11,2021,12
Adelaide-Alice Springs,Adelaide,Alice Springs,All Airlines,Jan-22,38,35,3,28,24,7,11,2022,1
Adelaide-Brisbane,Adelaide,Brisbane,All Airlines,Jan-22,189,174,15,154,163,20,11,2022,1
Adelaide-Canberra,Adelaide,Canberra,All Airlines,Jan-22,53,52,1,46,44,6,8,2022,1
Adelaide-Gold Coast,Adelaide,Gold Coast,All Airlines,Jan-22,96,83,13,81,80,2,3,2022,1
Adelaide-Melbourne,Adelaide,Melbourne,All Airlines,Jan-22,468,382,86,314,328,68,54,2022,1
Adelaide-Port Lincoln,Adelaide,Port Lincoln,All Airlines,Jan-22,241,214,27,191,186,23,28,2022,1
Adelaide-Sydney,Adelaide,Sydney,All Airlines,Jan-22,331,284,47,254,264,30,20,2022,1
Albury-Sydney,Albury,Sydney,All Airlines,Jan-22,131,124,7,114,120,10,4,2022,1
Alice Springs-Adelaide,Alice Springs,Adelaide,All Airlines,Jan-22,38,34,4,23,25,11,9,2022,1
Armidale-Sydney,Armidale,Sydney,All Airlines,Jan-22,116,98,18,79,79,19,19,2022,1
Ballina-Sydney,Ballina,Sydney,All Airlines,Jan-22,279,259,20,202,212,57,47,2022,1
Brisbane-Adelaide,Brisbane,Adelaide,All Airlines,Jan-22,190,174,16,151,157,23,17,2022,1
Brisbane-Cairns,Brisbane,Cairns,All Airlines,Jan-22,374,319,55,277,287,42,32,2022,1
Brisbane-Canberra,Brisbane,Canberra,All Airlines,Jan-22,173,155,18,138,141,17,14,2022,1
Brisbane-Darwin,Brisbane,Darwin,All Airlines,Jan-22,96,94,2,85,91,9,3,2022,1
Brisbane-Emerald,Brisbane,Emerald,All Airlines,Jan-22,109,99,10,88,90,11,9,2022,1
Brisbane-Gladstone,Brisbane,Gladstone,All Airlines,Jan-22,141,119,22,108,108,11,11,2022,1
Brisbane-Hamilton Island,Brisbane,Hamilton Island,All Airlines,Jan-22,91,77,14,76,76,1,1,2022,1
Brisbane-Hobart,Brisbane,Hobart,All Airlines,Jan-22,137,127,10,112,116,15,11,2022,1
Brisbane-Mackay,Brisbane,Mackay,All Airlines,Jan-22,221,202,19,170,178,32,24,2022,1
Brisbane-Melbourne,Brisbane,Melbourne,All Airlines,Jan-22,810,668,142,518,544,150,124,2022,1
Brisbane-Mount Isa,Brisbane,Mount Isa,All Airlines,Jan-22,64,61,3,54,56,7,5,2022,1
Brisbane-Newcastle,Brisbane,Newcastle,All Airlines,Jan-22,174,153,21,129,134,24,19,2022,1
Brisbane-Perth,Brisbane,Perth,All Airlines,Jan-22,15,15,0,15,15,0,0,2022,1
Brisbane-Proserpine,Brisbane,Proserpine,All Airlines,Jan-22,132,123,9,112,111,11,12,2022,1
Brisbane-Rockhampton,Brisbane,Rockhampton,All Airlines,Jan-22,227,204,23,183,181,21,23,2022,1
Brisbane-Sydney,Brisbane,Sydney,All Airlines,Jan-22,806,615,191,517,549,98,66,2022,1
Brisbane-Townsville,Brisbane,Townsville,All Airlines,Jan-22,253,242,11,206,211,36,31,2022,1
Broome-Perth,Broome,Perth,All Airlines,Jan-22,138,127,11,103,106,24,21,2022,1
Cairns-Brisbane,Cairns,Brisbane,All Airlines,Jan-22,371,316,55,272,275,44,41,2022,1
Cairns-Melbourne,Cairns,Melbourne,All Airlines,Jan-22,206,197,9,133,147,64,50,2022,1
Cairns-Sydney,Cairns,Sydney,All Airlines,Jan-22,213,181,32,156,155,25,26,2022,1
Cairns-Townsville,Cairns,Townsville,All Airlines,Jan-22,136,125,11,118,119,7,6,2022,1
Canberra-Adelaide,Canberra,Adelaide,All Airlines,Jan-22,54,53,1,47,46,6,7,2022,1
Canberra-Brisbane,Canberra,Brisbane,All Airlines,Jan-22,171,155,16,140,140,15,15,2022,1
Canberra-Melbourne,Canberra,Melbourne,All Airlines,Jan-22,251,215,36,180,180,35,35,2022,1
Canberra-Sydney,Canberra,Sydney,All Airlines,Jan-22,259,207,52,185,182,22,25,2022,1
Coffs Harbour-Sydney,Coffs Harbour,Sydney,All Airlines,Jan-22,185,176,9,163,162,13,14,2022,1
Darwin-Brisbane,Darwin,Brisbane,All Airlines,Jan-22,97,94,3,78,75,16,19,2022,1
Darwin-Perth,Darwin,Perth,All Airlines,Jan-22,12,12,0,9,9,3,3,2022,1
Dubbo-Sydney,Dubbo,Sydney,All Airlines,Jan-22,113,110,3,102,102,8,8,2022,1
Emerald-Brisbane,Emerald,Brisbane,All Airlines,Jan-22,108,98,10,92,92,6,6,2022,1
Gladstone-Brisbane,Gladstone,Brisbane,All Airlines,Jan-22,140,117,23,111,111,6,6,2022,1
Gold Coast-Adelaide,Gold Coast,Adelaide,All Airlines,Jan-22,96,84,12,74,76,10,8,2022,1
Gold Coast-Melbourne,Gold Coast,Melbourne,All Airlines,Jan-22,727,644,83,462,506,182,138,2022,1
Gold Coast-Sydney,Gold Coast,Sydney,All Airlines,Jan-22,677,552,125,461,481,91,71,2022,1
Hamilton Island-Brisbane,Hamilton Island,Brisbane,All Airlines,Jan-22,91,77,14,73,72,4,5,2022,1
Hamilton Island-Sydney,Hamilton Island,Sydney,All Airlines,Jan-22,79,73,6,60,61,13,12,2022,1
Hobart-Brisbane,Hobart,Brisbane,All Airlines,Jan-22,137,128,9,108,108,20,20,2022,1
Hobart-Melbourne,Hobart,Melbourne,All Airlines,Jan-22,371,315,56,251,254,64,61,2022,1
Hobart-Sydney,Hobart,Sydney,All Airlines,Jan-22,248,217,31,183,181,34,36,2022,1
Kalgoorlie-Perth,Kalgoorlie,Perth,All Airlines,Jan-22,133,131,2,113,115,18,16,2022,1
Karratha-Perth,Karratha,Perth,All Airlines,Jan-22,198,191,7,180,180,11,11,2022,1
Launceston-Melbourne,Launceston,Melbourne,All Airlines,Jan-22,278,244,34,186,194,58,50,2022,1
Launceston-Sydney,Launceston,Sydney,All Airlines,Jan-22,126,117,9,90,97,27,20,2022,1
Mackay-Brisbane,Mackay,Brisbane,All Airlines,Jan-22,223,203,20,172,180,31,23,2022,1
Melbourne-Adelaide,Melbourne,Adelaide,All Airlines,Jan-22,469,383,86,303,301,80,82,2022,1
Melbourne-Brisbane,Melbourne,Brisbane,All Airlines,Jan-22,806,665,141,540,538,125,127,2022,1
Melbourne-Cairns,Melbourne,Cairns,All Airlines,Jan-22,207,198,9,140,161,58,37,2022,1
Melbourne-Canberra,Melbourne,Canberra,All Airlines,Jan-22,251,214,37,172,169,42,45,2022,1
Melbourne-Gold Coast,Melbourne,Gold Coast,All Airlines,Jan-22,728,645,83,495,512,150,133,2022,1
Melbourne-Hobart,Melbourne,Hobart,All Airlines,Jan-22,375,319,56,266,280,53,39,2022,1
Melbourne-Launceston,Melbourne,Launceston,All Airlines,Jan-22,280,245,35,197,198,48,47,2022,1
Melbourne-Mildura,Melbourne,Mildura,All Airlines,Jan-22,147,141,6,110,111,31,30,2022,1
Melbourne-Newcastle,Melbourne,Newcastle,All Airlines,Jan-22,127,115,12,88,86,27,29,2022,1
Melbourne-Perth,Melbourne,Perth,All Airlines,Jan-22,22,21,1,14,15,7,6,2022,1
Melbourne-Sunshine Coast,Melbourne,Sunshine Coast,All Airlines,Jan-22,292,266,26,233,235,33,31,2022,1
Melbourne-Sydney,Melbourne,Sydney,All Airlines,Jan-22,1630,1232,398,1042,1071,190,161,2022,1
Mildura-Melbourne,Mildura,Melbourne,All Airlines,Jan-22,146,139,7,108,109,31,30,2022,1
Mount Isa-Brisbane,Mount Isa,Brisbane,All Airlines,Jan-22,64,61,3,54,52,7,9,2022,1
Newcastle-Brisbane,Newcastle,Brisbane,All Airlines,Jan-22,171,152,19,139,138,13,14,2022,1
Newcastle-Melbourne,Newcastle,Melbourne,All Airlines,Jan-22,126,115,11,90,91,25,24,2022,1
Newman-Perth,Newman,Perth,All Airlines,Jan-22,166,160,6,130,131,30,29,2022,1
Perth-Brisbane,Perth,Brisbane,All Airlines,Jan-22,16,16,0,10,16,6,0,2022,1
Perth-Broome,Perth,Broome,All Airlines,Jan-22,135,126,9,116,115,10,11,2022,1
Perth-Darwin,Perth,Darwin,All Airlines,Jan-22,12,12,0,11,9,1,3,2022,1
Perth-Kalgoorlie,Perth,Kalgoorlie,All Airlines,Jan-22,133,131,2,119,119,12,12,2022,1
Perth-Karratha,Perth,Karratha,All Airlines,Jan-22,206,201,5,189,185,12,16,2022,1
Perth-Melbourne,Perth,Melbourne,All Airlines,Jan-22,23,22,1,6,7,16,15,2022,1
Perth-Newman,Perth,Newman,All Airlines,Jan-22,164,158,6,144,144,14,14,2022,1
Perth-Port Hedland,Perth,Port Hedland,All Airlines,Jan-22,179,173,6,154,158,19,15,2022,1
Port Hedland-Perth,Port Hedland,Perth,All Airlines,Jan-22,179,170,9,149,150,21,20,2022,1
Port Lincoln-Adelaide,Port Lincoln,Adelaide,All Airlines,Jan-22,238,213,25,180,177,33,36,2022,1
Port Macquarie-Sydney,Port Macquarie,Sydney,All Airlines,Jan-22,146,137,9,127,119,10,18,2022,1
Proserpine-Brisbane,Proserpine,Brisbane,All Airlines,Jan-22,133,123,10,99,100,24,23,2022,1
Rockhampton-Brisbane,Rockhampton,Brisbane,All Airlines,Jan-22,227,203,24,184,184,19,19,2022,1
Sunshine Coast-Melbourne,Sunshine Coast,Melbourne,All Airlines,Jan-22,291,265,26,206,206,59,59,2022,1
Sunshine Coast-Sydney,Sunshine Coast,Sydney,All Airlines,Jan-22,232,196,36,164,158,32,38,2022,1
Sydney-Adelaide,Sydney,Adelaide,All Airlines,Jan-22,331,284,47,254,265,30,19,2022,1
Sydney-Albury,Sydney,Albury,All Airlines,Jan-22,131,124,7,118,117,6,7,2022,1
Sydney-Armidale,Sydney,Armidale,All Airlines,Jan-22,118,100,18,76,79,24,21,2022,1
Sydney-Ballina,Sydney,Ballina,All Airlines,Jan-22,279,258,21,225,219,33,39,2022,1
Sydney-Brisbane,Sydney,Brisbane,All Airlines,Jan-22,806,617,189,535,553,82,64,2022,1
Sydney-Cairns,Sydney,Cairns,All Airlines,Jan-22,213,178,35,153,156,25,22,2022,1
Sydney-Canberra,Sydney,Canberra,All Airlines,Jan-22,260,209,51,170,167,39,42,2022,1
Sydney-Coffs Harbour,Sydney,Coffs Harbour,All Airlines,Jan-22,187,177,10,163,164,14,13,2022,1
Sydney-Dubbo,Sydney,Dubbo,All Airlines,Jan-22,119,113,6,102,104,11,9,2022,1
Sydney-Gold Coast,Sydney,Gold Coast,All Airlines,Jan-22,680,550,130,490,490,60,60,2022,1
Sydney-Hamilton Island,Sydney,Hamilton Island,All Airlines,Jan-22,78,73,5,69,69,4,4,2022,1
Sydney-Hobart,Sydney,Hobart,All Airlines,Jan-22,253,214,39,177,183,37,31,2022,1
Sydney-Launceston,Sydney,Launceston,All Airlines,Jan-22,126,117,9,95,95,22,22,2022,1
Sydney-Melbourne,Sydney,Melbourne,All Airlines,Jan-22,1617,1221,396,1033,1095,188,126,2022,1
Sydney-Port Macquarie,Sydney,Port Macquarie,All Airlines,Jan-22,148,139,9,124,123,15,16,2022,1
Sydney-Sunshine Coast,Sydney,Sunshine Coast,All Airlines,Jan-22,232,196,36,176,173,20,23,2022,1
Sydney-Wagga Wagga,Sydney,Wagga Wagga,All Airlines,Jan-22,121,117,4,99,107,18,10,2022,1
Townsville-Brisbane,Townsville,Brisbane,All Airlines,Jan-22,251,240,11,195,205,45,35,2022,1
Townsville-Cairns,Townsville,Cairns,All Airlines,Jan-22,136,126,10,121,121,5,5,2022,1
Wagga Wagga-Sydney,Wagga Wagga,Sydney,All Airlines,Jan-22,121,116,5,109,109,7,7,2022,1
Adelaide-Alice Springs,Adelaide,Alice Springs,All Airlines,Feb-22,31,31,0,26,28,5,3,2022,2
Adelaide-Brisbane,Adelaide,Brisbane,All Airlines,Feb-22,135,134,1,121,112,13,22,2022,2
Adelaide-Canberra,Adelaide,Canberra,All Airlines,Feb-22,64,61,3,55,54,6,7,2022,2
Adelaide-Gold Coast,Adelaide,Gold Coast,All Airlines,Feb-22,45,43,2,41,38,2,5,2022,2
Adelaide-Melbourne,Adelaide,Melbourne,All Airlines,Feb-22,363,358,5,307,324,51,34,2022,2
Adelaide-Perth,Adelaide,Perth,All Airlines,Feb-22,22,21,1,9,13,12,8,2022,2
Adelaide-Port Lincoln,Adelaide,Port Lincoln,All Airlines,Feb-22,219,214,5,196,198,18,16,2022,2
Adelaide-Sydney,Adelaide,Sydney,All Airlines,Feb-22,274,263,11,241,236,22,27,2022,2
Albury-Sydney,Albury,Sydney,All Airlines,Feb-22,139,138,1,122,126,16,12,2022,2
Alice Springs-Adelaide,Alice Springs,Adelaide,All Airlines,Feb-22,31,31,0,23,22,8,9,2022,2
Armidale-Sydney,Armidale,Sydney,All Airlines,Feb-22,111,109,2,84,83,25,26,2022,2
Ballina-Sydney,Ballina,Sydney,All Airlines,Feb-22,181,167,14,120,123,47,44,2022,2
Brisbane-Adelaide,Brisbane,Adelaide,All Airlines,Feb-22,133,130,3,101,112,29,18,2022,2
Brisbane-Cairns,Brisbane,Cairns,All Airlines,Feb-22,236,226,10,170,156,56,70,2022,2
Brisbane-Canberra,Brisbane,Canberra,All Airlines,Feb-22,188,177,11,138,144,39,33,2022,2
Brisbane-Darwin,Brisbane,Darwin,All Airlines,Feb-22,60,58,2,48,50,10,8,2022,2
Brisbane-Emerald,Brisbane,Emerald,All Airlines,Feb-22,107,101,6,90,92,11,9,2022,2
Brisbane-Gladstone,Brisbane,Gladstone,All Airlines,Feb-22,130,121,9,103,101,18,20,2022,2
Brisbane-Hamilton Island,Brisbane,Hamilton Island,All Airlines,Feb-22,49,49,0,39,37,10,12,2022,2
Brisbane-Hobart,Brisbane,Hobart,All Airlines,Feb-22,76,75,1,54,69,21,6,2022,2
Brisbane-Mackay,Brisbane,Mackay,All Airlines,Feb-22,179,166,13,126,119,40,47,2022,2
Brisbane-Melbourne,Brisbane,Melbourne,All Airlines,Feb-22,581,560,21,417,453,143,107,2022,2
Brisbane-Mount Isa,Brisbane,Mount Isa,All Airlines,Feb-22,60,57,3,49,49,8,8,2022,2
Brisbane-Newcastle,Brisbane,Newcastle,All Airlines,Feb-22,147,138,9,106,108,32,30,2022,2
Brisbane-Perth,Brisbane,Perth,All Airlines,Feb-22,45,45,0,15,34,30,11,2022,2
Brisbane-Proserpine,Brisbane,Proserpine,All Airlines,Feb-22,74,72,2,61,54,11,18,2022,2
Brisbane-Rockhampton,Brisbane,Rockhampton,All Airlines,Feb-22,176,169,7,139,130,30,39,2022,2
Brisbane-Sydney,Brisbane,Sydney,All Airlines,Feb-22,719,677,42,521,550,156,127,2022,2
Brisbane-Townsville,Brisbane,Townsville,All Airlines,Feb-22,198,189,9,160,150,29,39,2022,2
Broome-Perth,Broome,Perth,All Airlines,Feb-22,104,101,3,89,93,12,8,2022,2
Cairns-Brisbane,Cairns,Brisbane,All Airlines,Feb-22,233,224,9,187,195,37,29,2022,2
Cairns-Melbourne,Cairns,Melbourne,All Airlines,Feb-22,92,91,1,65,75,26,16,2022,2
Cairns-Sydney,Cairns,Sydney,All Airlines,Feb-22,95,94,1,82,83,12,11,2022,2
Cairns-Townsville,Cairns,Townsville,All Airlines,Feb-22,101,101,0,91,94,10,7,2022,2
Canberra-Adelaide,Canberra,Adelaide,All Airlines,Feb-22,64,61,3,56,57,5,4,2022,2
Canberra-Brisbane,Canberra,Brisbane,All Airlines,Feb-22,189,179,10,149,141,30,38,2022,2
Canberra-Melbourne,Canberra,Melbourne,All Airlines,Feb-22,242,231,11,197,199,34,32,2022,2
Canberra-Sydney,Canberra,Sydney,All Airlines,Feb-22,352,296,56,245,238,51,58,2022,2
Coffs Harbour-Sydney,Coffs Harbour,Sydney,All Airlines,Feb-22,157,155,2,125,119,30,36,2022,2
Darwin-Brisbane,Darwin,Brisbane,All Airlines,Feb-22,60,58,2,39,43,19,15,2022,2
Darwin-Perth,Darwin,Perth,All Airlines,Feb-22,16,16,0,14,16,2,0,2022,2
Dubbo-Sydney,Dubbo,Sydney,All Airlines,Feb-22,147,147,0,129,125,18,22,2022,2
Emerald-Brisbane,Emerald,Brisbane,All Airlines,Feb-22,107,99,8,91,89,8,10,2022,2
Gladstone-Brisbane,Gladstone,Brisbane,All Airlines,Feb-22,129,122,7,105,101,17,21,2022,2
Gold Coast-Adelaide,Gold Coast,Adelaide,All Airlines,Feb-22,45,42,3,31,36,11,6,2022,2
Gold Coast-Melbourne,Gold Coast,Melbourne,All Airlines,Feb-22,446,421,25,317,363,104,58,2022,2
Gold Coast-Sydney,Gold Coast,Sydney,All Airlines,Feb-22,470,439,31,336,341,103,98,2022,2
Hamilton Island-Brisbane,Hamilton Island,Brisbane,All Airlines,Feb-22,49,49,0,28,32,21,17,2022,2
Hamilton Island-Sydney,Hamilton Island,Sydney,All Airlines,Feb-22,64,64,0,43,47,21,17,2022,2
Hobart-Brisbane,Hobart,Brisbane,All Airlines,Feb-22,75,74,1,55,51,19,23,2022,2
Hobart-Melbourne,Hobart,Melbourne,All Airlines,Feb-22,241,238,3,185,193,53,45,2022,2
Hobart-Sydney,Hobart,Sydney,All Airlines,Feb-22,144,138,6,111,107,27,31,2022,2
Kalgoorlie-Perth,Kalgoorlie,Perth,All Airlines,Feb-22,124,124,0,108,108,16,16,2022,2
Karratha-Perth,Karratha,Perth,All Airlines,Feb-22,184,182,2,171,170,11,12,2022,2
Launceston-Melbourne,Launceston,Melbourne,All Airlines,Feb-22,163,157,6,122,122,35,35,2022,2
Launceston-Sydney,Launceston,Sydney,All Airlines,Feb-22,68,68,0,52,52,16,16,2022,2
Mackay-Brisbane,Mackay,Brisbane,All Airlines,Feb-22,182,169,13,129,136,40,33,2022,2
Melbourne-Adelaide,Melbourne,Adelaide,All Airlines,Feb-22,363,356,7,314,311,42,45,2022,2
Melbourne-Brisbane,Melbourne,Brisbane,All Airlines,Feb-22,579,560,19,482,444,78,116,2022,2
Melbourne-Cairns,Melbourne,Cairns,All Airlines,Feb-22,92,91,1,64,68,27,23,2022,2
Melbourne-Canberra,Melbourne,Canberra,All Airlines,Feb-22,244,235,9,202,198,33,37,2022,2
Melbourne-Gold Coast,Melbourne,Gold Coast,All Airlines,Feb-22,444,420,24,339,330,81,90,2022,2
Melbourne-Hobart,Melbourne,Hobart,All Airlines,Feb-22,241,238,3,185,199,53,39,2022,2
Melbourne-Launceston,Melbourne,Launceston,All Airlines,Feb-22,163,159,4,135,136,24,23,2022,2
Melbourne-Mildura,Melbourne,Mildura,All Airlines,Feb-22,132,131,1,111,118,20,13,2022,2
Melbourne-Newcastle,Melbourne,Newcastle,All Airlines,Feb-22,84,83,1,65,59,18,24,2022,2
Melbourne-Perth,Melbourne,Perth,All Airlines,Feb-22,70,69,1,22,41,47,28,2022,2
Melbourne-Sunshine Coast,Melbourne,Sunshine Coast,All Airlines,Feb-22,161,159,2,138,132,21,27,2022,2
Melbourne-Sydney,Melbourne,Sydney,All Airlines,Feb-22,1300,1229,71,1095,1091,134,138,2022,2
Mildura-Melbourne,Mildura,Melbourne,All Airlines,Feb-22,131,129,2,115,113,14,16,2022,2
Mount Isa-Brisbane,Mount Isa,Brisbane,All Airlines,Feb-22,60,55,5,47,47,8,8,2022,2
Newcastle-Brisbane,Newcastle,Brisbane,All Airlines,Feb-22,145,136,9,104,97,32,39,2022,2
Newcastle-Melbourne,Newcastle,Melbourne,All Airlines,Feb-22,85,83,2,60,69,23,14,2022,2
Newman-Perth,Newman,Perth,All Airlines,Feb-22,161,158,3,118,123,40,35,2022,2
Perth-Adelaide,Perth,Adelaide,All Airlines,Feb-22,21,21,0,14,15,7,6,2022,2
Perth-Brisbane,Perth,Brisbane,All Airlines,Feb-22,43,43,0,31,28,12,15,2022,2
Perth-Broome,Perth,Broome,All Airlines,Feb-22,103,101,2,93,93,8,8,2022,2
Perth-Darwin,Perth,Darwin,All Airlines,Feb-22,16,16,0,16,16,0,0,2022,2
Perth-Kalgoorlie,Perth,Kalgoorlie,All Airlines,Feb-22,124,124,0,115,114,9,10,2022,2
Perth-Karratha,Perth,Karratha,All Airlines,Feb-22,184,182,2,172,172,10,10,2022,2
Perth-Melbourne,Perth,Melbourne,All Airlines,Feb-22,65,63,2,29,30,34,33,2022,2
Perth-Newman,Perth,Newman,All Airlines,Feb-22,162,159,3,141,142,18,17,2022,2
Perth-Port Hedland,Perth,Port Hedland,All Airlines,Feb-22,167,164,3,153,144,11,20,2022,2
Perth-Sydney,Perth,Sydney,All Airlines,Feb-22,50,48,2,34,38,14,10,2022,2
Port Hedland-Perth,Port Hedland,Perth,All Airlines,Feb-22,168,163,5,127,127,36,36,2022,2
Port Lincoln-Adelaide,Port Lincoln,Adelaide,All Airlines,Feb-22,215,211,4,189,185,22,26,2022,2
Port Macquarie-Sydney,Port Macquarie,Sydney,All Airlines,Feb-22,128,128,0,110,103,18,25,2022,2
Proserpine-Brisbane,Proserpine,Brisbane,All Airlines,Feb-22,76,73,3,47,50,26,23,2022,2
Rockhampton-Brisbane,Rockhampton,Brisbane,All Airlines,Feb-22,176,168,8,138,140,30,28,2022,2
Sunshine Coast-Melbourne,Sunshine Coast,Melbourne,All Airlines,Feb-22,162,160,2,109,122,51,38,2022,2
Sunshine Coast-Sydney,Sunshine Coast,Sydney,All Airlines,Feb-22,128,123,5,81,80,42,43,2022,2
Sydney-Adelaide,Sydney,Adelaide,All Airlines,Feb-22,276,267,9,223,236,44,31,2022,2
Sydney-Albury,Sydney,Albury,All Airlines,Feb-22,140,139,1,127,129,12,10,2022,2
Sydney-Armidale,Sydney,Armidale,All Airlines,Feb-22,111,109,2,93,89,16,20,2022,2
Sydney-Ballina,Sydney,Ballina,All Airlines,Feb-22,181,166,15,133,132,33,34,2022,2
Sydney-Brisbane,Sydney,Brisbane,All Airlines,Feb-22,717,674,43,570,553,104,121,2022,2
Sydney-Cairns,Sydney,Cairns,All Airlines,Feb-22,94,94,0,80,76,14,18,2022,2
Sydney-Canberra,Sydney,Canberra,All Airlines,Feb-22,351,299,52,234,238,65,61,2022,2
Sydney-Coffs Harbour,Sydney,Coffs Harbour,All Airlines,Feb-22,157,155,2,125,123,30,32,2022,2
Sydney-Dubbo,Sydney,Dubbo,All Airlines,Feb-22,151,150,1,129,129,21,21,2022,2
Sydney-Gold Coast,Sydney,Gold Coast,All Airlines,Feb-22,471,444,27,365,349,79,95,2022,2
Sydney-Hamilton Island,Sydney,Hamilton Island,All Airlines,Feb-22,64,64,0,57,52,7,12,2022,2
Sydney-Hobart,Sydney,Hobart,All Airlines,Feb-22,147,140,7,121,124,19,16,2022,2
Sydney-Launceston,Sydney,Launceston,All Airlines,Feb-22,69,69,0,58,56,11,13,2022,2
Sydney-Melbourne,Sydney,Melbourne,All Airlines,Feb-22,1281,1212,69,988,1078,224,134,2022,2
Sydney-Perth,Sydney,Perth,All Airlines,Feb-22,46,45,1,15,28,30,17,2022,2
Sydney-Port Macquarie,Sydney,Port Macquarie,All Airlines,Feb-22,128,128,0,109,109,19,19,2022,2
Sydney-Sunshine Coast,Sydney,Sunshine Coast,All Airlines,Feb-22,129,128,1,106,102,22,26,2022,2
Sydney-Wagga Wagga,Sydney,Wagga Wagga,All Airlines,Feb-22,125,124,1,99,107,25,17,2022,2
Townsville-Brisbane,Townsville,Brisbane,All Airlines,Feb-22,198,188,10,142,146,46,42,2022,2
Townsville-Cairns,Townsville,Cairns,All Airlines,Feb-22,101,99,2,85,88,14,11,2022,2
Wagga Wagga-Sydney,Wagga Wagga,Sydney,All Airlines,Feb-22,124,124,0,114,113,10,11,2022,2
Adelaide-Alice Springs,Adelaide,Alice Springs,All Airlines,Mar-22,42,42,0,36,35,6,7,2022,3
Adelaide-Brisbane,Adelaide,Brisbane,All Airlines,Mar-22,194,194,0,176,171,18,23,2022,3
Adelaide-Canberra,Adelaide,Canberra,All Airlines,Mar-22,75,75,0,62,59,13,16,2022,3
Adelaide-Gold Coast,Adelaide,Gold Coast,All Airlines,Mar-22,58,58,0,51,49,7,9,2022,3
Adelaide-Melbourne,Adelaide,Melbourne,All Airlines,Mar-22,542,535,7,425,445,110,90,2022,3
Adelaide-Perth,Adelaide,Perth,All Airlines,Mar-22,82,82,0,61,71,21,11,2022,3
Adelaide-Port Lincoln,Adelaide,Port Lincoln,All Airlines,Mar-22,304,298,6,272,266,26,32,2022,3
Adelaide-Sydney,Adelaide,Sydney,All Airlines,Mar-22,393,389,4,330,313,59,76,2022,3
Albury-Sydney,Albury,Sydney,All Airlines,Mar-22,178,178,0,157,152,21,26,2022,3
Alice Springs-Adelaide,Alice Springs,Adelaide,All Airlines,Mar-22,42,42,0,28,26,14,16,2022,3
Armidale-Sydney,Armidale,Sydney,All Airlines,Mar-22,143,134,9,75,63,59,71,2022,3
Ballina-Sydney,Ballina,Sydney,All Airlines,Mar-22,245,189,56,132,133,57,56,2022,3
Brisbane-Adelaide,Brisbane,Adelaide,All Airlines,Mar-22,193,192,1,145,161,47,31,2022,3
Brisbane-Cairns,Brisbane,Cairns,All Airlines,Mar-22,312,307,5,217,204,90,103,2022,3
Brisbane-Canberra,Brisbane,Canberra,All Airlines,Mar-22,235,229,6,165,178,64,51,2022,3
Brisbane-Darwin,Brisbane,Darwin,All Airlines,Mar-22,86,82,4,70,66,12,16,2022,3
Brisbane-Emerald,Brisbane,Emerald,All Airlines,Mar-22,129,123,6,108,110,15,13,2022,3
Brisbane-Gladstone,Brisbane,Gladstone,All Airlines,Mar-22,156,153,3,129,126,24,27,2022,3
Brisbane-Hamilton Island,Brisbane,Hamilton Island,All Airlines,Mar-22,69,69,0,64,60,5,9,2022,3
Brisbane-Hobart,Brisbane,Hobart,All Airlines,Mar-22,92,91,1,65,79,26,12,2022,3
Brisbane-Mackay,Brisbane,Mackay,All Airlines,Mar-22,246,243,3,179,182,64,61,2022,3
Brisbane-Melbourne,Brisbane,Melbourne,All Airlines,Mar-22,809,788,21,525,587,263,201,2022,3
Brisbane-Mount Isa,Brisbane,Mount Isa,All Airlines,Mar-22,67,66,1,58,58,8,8,2022,3
Brisbane-Newcastle,Brisbane,Newcastle,All Airlines,Mar-22,199,195,4,156,151,39,44,2022,3
Brisbane-Perth,Brisbane,Perth,All Airlines,Mar-22,110,108,2,79,96,29,12,2022,3
Brisbane-Proserpine,Brisbane,Proserpine,All Airlines,Mar-22,88,86,2,59,52,27,34,2022,3
Brisbane-Rockhampton,Brisbane,Rockhampton,All Airlines,Mar-22,224,217,7,176,168,41,49,2022,3
Brisbane-Sydney,Brisbane,Sydney,All Airlines,Mar-22,1031,1009,22,791,821,218,188,2022,3
Brisbane-Townsville,Brisbane,Townsville,All Airlines,Mar-22,268,265,3,220,214,45,51,2022,3
Broome-Perth,Broome,Perth,All Airlines,Mar-22,117,107,10,89,96,18,11,2022,3
Cairns-Brisbane,Cairns,Brisbane,All Airlines,Mar-22,313,308,5,241,257,67,51,2022,3
Cairns-Melbourne,Cairns,Melbourne,All Airlines,Mar-22,146,145,1,101,108,44,37,2022,3
Cairns-Sydney,Cairns,Sydney,All Airlines,Mar-22,152,151,1,117,126,34,25,2022,3
Cairns-Townsville,Cairns,Townsville,All Airlines,Mar-22,131,131,0,114,117,17,14,2022,3
Canberra-Adelaide,Canberra,Adelaide,All Airlines,Mar-22,75,74,1,60,63,14,11,2022,3
Canberra-Brisbane,Canberra,Brisbane,All Airlines,Mar-22,235,229,6,170,164,59,65,2022,3
Canberra-Melbourne,Canberra,Melbourne,All Airlines,Mar-22,335,323,12,223,233,100,90,2022,3
Canberra-Sydney,Canberra,Sydney,All Airlines,Mar-22,530,501,29,426,379,75,122,2022,3
Coffs Harbour-Sydney,Coffs Harbour,Sydney,All Airlines,Mar-22,205,192,13,145,145,47,47,2022,3
Darwin-Brisbane,Darwin,Brisbane,All Airlines,Mar-22,85,81,4,55,63,26,18,2022,3
Dubbo-Sydney,Dubbo,Sydney,All Airlines,Mar-22,221,217,4,180,168,37,49,2022,3
Emerald-Brisbane,Emerald,Brisbane,All Airlines,Mar-22,129,123,6,105,108,18,15,2022,3
Gladstone-Brisbane,Gladstone,Brisbane,All Airlines,Mar-22,156,151,5,121,119,30,32,2022,3
Gold Coast-Adelaide,Gold Coast,Adelaide,All Airlines,Mar-22,58,57,1,35,51,22,6,2022,3
Gold Coast-Melbourne,Gold Coast,Melbourne,All Airlines,Mar-22,578,561,17,377,435,184,126,2022,3
Gold Coast-Sydney,Gold Coast,Sydney,All Airlines,Mar-22,635,613,22,421,449,192,164,2022,3
Hamilton Island-Brisbane,Hamilton Island,Brisbane,All Airlines,Mar-22,69,69,0,49,56,20,13,2022,3
Hamilton Island-Sydney,Hamilton Island,Sydney,All Airlines,Mar-22,73,73,0,53,57,20,16,2022,3
Hobart-Brisbane,Hobart,Brisbane,All Airlines,Mar-22,92,90,2,67,58,23,32,2022,3
Hobart-Melbourne,Hobart,Melbourne,All Airlines,Mar-22,330,326,4,209,210,117,116,2022,3
Hobart-Sydney,Hobart,Sydney,All Airlines,Mar-22,212,209,3,168,137,41,72,2022,3
Kalgoorlie-Perth,Kalgoorlie,Perth,All Airlines,Mar-22,141,134,7,106,111,28,23,2022,3
Karratha-Perth,Karratha,Perth,All Airlines,Mar-22,207,202,5,185,184,17,18,2022,3
Launceston-Melbourne,Launceston,Melbourne,All Airlines,Mar-22,250,239,11,143,154,96,85,2022,3
Launceston-Sydney,Launceston,Sydney,All Airlines,Mar-22,80,80,0,49,54,31,26,2022,3
Mackay-Brisbane,Mackay,Brisbane,All Airlines,Mar-22,251,244,7,196,201,48,43,2022,3
Melbourne-Adelaide,Melbourne,Adelaide,All Airlines,Mar-22,544,539,5,406,417,133,122,2022,3
Melbourne-Brisbane,Melbourne,Brisbane,All Airlines,Mar-22,810,791,19,614,541,177,250,2022,3
Melbourne-Cairns,Melbourne,Cairns,All Airlines,Mar-22,146,145,1,95,96,50,49,2022,3
Melbourne-Canberra,Melbourne,Canberra,All Airlines,Mar-22,335,322,13,220,220,102,102,2022,3
Melbourne-Gold Coast,Melbourne,Gold Coast,All Airlines,Mar-22,579,561,18,419,390,142,171,2022,3
Melbourne-Hobart,Melbourne,Hobart,All Airlines,Mar-22,328,325,3,219,234,106,91,2022,3
Melbourne-Launceston,Melbourne,Launceston,All Airlines,Mar-22,250,241,9,170,159,71,82,2022,3
Melbourne-Mildura,Melbourne,Mildura,All Airlines,Mar-22,197,197,0,142,158,55,39,2022,3
Melbourne-Newcastle,Melbourne,Newcastle,All Airlines,Mar-22,119,117,2,84,75,33,42,2022,3
Melbourne-Perth,Melbourne,Perth,All Airlines,Mar-22,201,198,3,119,159,79,39,2022,3
Melbourne-Sunshine Coast,Melbourne,Sunshine Coast,All Airlines,Mar-22,239,237,2,172,155,65,82,2022,3
Melbourne-Sydney,Melbourne,Sydney,All Airlines,Mar-22,1826,1775,51,1442,1354,333,421,2022,3
Mildura-Melbourne,Mildura,Melbourne,All Airlines,Mar-22,197,197,0,148,134,49,63,2022,3
Mount Isa-Brisbane,Mount Isa,Brisbane,All Airlines,Mar-22,68,66,2,58,57,8,9,2022,3
Newcastle-Brisbane,Newcastle,Brisbane,All Airlines,Mar-22,199,195,4,158,141,37,54,2022,3
Newcastle-Melbourne,Newcastle,Melbourne,All Airlines,Mar-22,119,118,1,77,83,41,35,2022,3
Newman-Perth,Newman,Perth,All Airlines,Mar-22,186,182,4,149,145,33,37,2022,3
Perth-Adelaide,Perth,Adelaide,All Airlines,Mar-22,83,83,0,71,72,12,11,2022,3
Perth-Brisbane,Perth,Brisbane,All Airlines,Mar-22,111,109,2,84,73,25,36,2022,3
Perth-Broome,Perth,Broome,All Airlines,Mar-22,117,108,9,95,97,13,11,2022,3
Perth-Kalgoorlie,Perth,Kalgoorlie,All Airlines,Mar-22,141,135,6,124,124,11,11,2022,3
Perth-Karratha,Perth,Karratha,All Airlines,Mar-22,207,205,2,187,187,18,18,2022,3
Perth-Melbourne,Perth,Melbourne,All Airlines,Mar-22,203,199,4,144,120,55,79,2022,3
Perth-Newman,Perth,Newman,All Airlines,Mar-22,186,182,4,169,168,13,14,2022,3
Perth-Port Hedland,Perth,Port Hedland,All Airlines,Mar-22,191,189,2,165,161,24,28,2022,3
Perth-Sydney,Perth,Sydney,All Airlines,Mar-22,148,144,4,99,102,45,42,2022,3
Port Hedland-Perth,Port Hedland,Perth,All Airlines,Mar-22,190,188,2,147,146,41,42,2022,3
Port Lincoln-Adelaide,Port Lincoln,Adelaide,All Airlines,Mar-22,303,296,7,257,259,39,37,2022,3
Port Macquarie-Sydney,Port Macquarie,Sydney,All Airlines,Mar-22,172,168,4,131,114,37,54,2022,3
Proserpine-Brisbane,Proserpine,Brisbane,All Airlines,Mar-22,88,86,2,37,45,49,41,2022,3
Rockhampton-Brisbane,Rockhampton,Brisbane,All Airlines,Mar-22,224,217,7,173,176,44,41,2022,3
Sunshine Coast-Melbourne,Sunshine Coast,Melbourne,All Airlines,Mar-22,238,234,4,143,157,91,77,2022,3
Sunshine Coast-Sydney,Sunshine Coast,Sydney,All Airlines,Mar-22,189,187,2,134,124,53,63,2022,3
Sydney-Adelaide,Sydney,Adelaide,All Airlines,Mar-22,394,392,2,290,328,102,64,2022,3
Sydney-Albury,Sydney,Albury,All Airlines,Mar-22,177,177,0,142,156,35,21,2022,3
Sydney-Armidale,Sydney,Armidale,All Airlines,Mar-22,139,135,4,78,76,57,59,2022,3
Sydney-Ballina,Sydney,Ballina,All Airlines,Mar-22,243,190,53,155,149,35,41,2022,3
Sydney-Brisbane,Sydney,Brisbane,All Airlines,Mar-22,1033,1006,27,791,771,215,235,2022,3
Sydney-Cairns,Sydney,Cairns,All Airlines,Mar-22,152,151,1,122,112,29,39,2022,3
Sydney-Canberra,Sydney,Canberra,All Airlines,Mar-22,529,498,31,375,384,123,114,2022,3
Sydney-Coffs Harbour,Sydney,Coffs Harbour,All Airlines,Mar-22,208,197,11,150,144,47,53,2022,3
Sydney-Dubbo,Sydney,Dubbo,All Airlines,Mar-22,225,224,1,162,177,62,47,2022,3
Sydney-Gold Coast,Sydney,Gold Coast,All Airlines,Mar-22,635,616,19,468,441,148,175,2022,3
Sydney-Hamilton Island,Sydney,Hamilton Island,All Airlines,Mar-22,73,73,0,62,61,11,12,2022,3
Sydney-Hobart,Sydney,Hobart,All Airlines,Mar-22,212,211,1,157,174,54,37,2022,3
Sydney-Launceston,Sydney,Launceston,All Airlines,Mar-22,79,79,0,55,60,24,19,2022,3
Sydney-Melbourne,Sydney,Melbourne,All Airlines,Mar-22,1806,1754,52,1273,1457,481,297,2022,3
Sydney-Perth,Sydney,Perth,All Airlines,Mar-22,148,144,4,68,105,76,39,2022,3
Sydney-Port Macquarie,Sydney,Port Macquarie,All Airlines,Mar-22,172,169,3,115,118,54,51,2022,3
Sydney-Sunshine Coast,Sydney,Sunshine Coast,All Airlines,Mar-22,190,189,1,156,145,33,44,2022,3
Sydney-Wagga Wagga,Sydney,Wagga Wagga,All Airlines,Mar-22,158,158,0,105,118,53,40,2022,3
Townsville-Brisbane,Townsville,Brisbane,All Airlines,Mar-22,268,264,4,205,216,59,48,2022,3
Townsville-Cairns,Townsville,Cairns,All Airlines,Mar-22,132,131,1,122,122,9,9,2022,3
Wagga Wagga-Sydney,Wagga Wagga,Sydney,All Airlines,Mar-22,157,156,1,132,117,24,39,2022,3
Adelaide-Alice Springs,Adelaide,Alice Springs,All Airlines,Apr-22,54,53,1,39,40,14,13,2022,4
Adelaide-Brisbane,Adelaide,Brisbane,All Airlines,Apr-22,250,236,14,154,156,82,80,2022,4
Adelaide-Canberra,Adelaide,Canberra,All Airlines,Apr-22,78,74,4,56,55,18,19,2022,4
Adelaide-Gold Coast,Adelaide,Gold Coast,All Airlines,Apr-22,77,76,1,59,58,17,18,2022,4
Adelaide-Melbourne,Adelaide,Melbourne,All Airlines,Apr-22,682,665,17,396,402,269,263,2022,4
Adelaide-Perth,Adelaide,Perth,All Airlines,Apr-22,159,158,1,87,107,71,51,2022,4
Adelaide-Port Lincoln,Adelaide,Port Lincoln,All Airlines,Apr-22,300,295,5,250,240,45,55,2022,4
Adelaide-Sydney,Adelaide,Sydney,All Airlines,Apr-22,460,450,10,296,269,154,181,2022,4
Albury-Sydney,Albury,Sydney,All Airlines,Apr-22,188,187,1,137,132,50,55,2022,4
Alice Springs-Adelaide,Alice Springs,Adelaide,All Airlines,Apr-22,54,53,1,23,28,30,25,2022,4
Armidale-Sydney,Armidale,Sydney,All Airlines,Apr-22,159,154,5,105,97,49,57,2022,4
Ballina-Sydney,Ballina,Sydney,All Airlines,Apr-22,299,257,42,149,153,108,104,2022,4
Brisbane-Adelaide,Brisbane,Adelaide,All Airlines,Apr-22,251,237,14,145,184,92,53,2022,4
Brisbane-Cairns,Brisbane,Cairns,All Airlines,Apr-22,365,355,10,213,236,142,119,2022,4
Brisbane-Canberra,Brisbane,Canberra,All Airlines,Apr-22,238,231,7,130,155,101,76,2022,4
Brisbane-Darwin,Brisbane,Darwin,All Airlines,Apr-22,123,122,1,80,99,42,23,2022,4
Brisbane-Emerald,Brisbane,Emerald,All Airlines,Apr-22,122,119,3,93,103,26,16,2022,4
Brisbane-Gladstone,Brisbane,Gladstone,All Airlines,Apr-22,156,146,10,89,93,57,53,2022,4
Brisbane-Hamilton Island,Brisbane,Hamilton Island,All Airlines,Apr-22,96,89,7,75,74,14,15,2022,4
Brisbane-Hobart,Brisbane,Hobart,All Airlines,Apr-22,122,120,2,93,98,27,22,2022,4
Brisbane-Mackay,Brisbane,Mackay,All Airlines,Apr-22,250,248,2,196,199,52,49,2022,4
Brisbane-Melbourne,Brisbane,Melbourne,All Airlines,Apr-22,998,944,54,507,556,437,388,2022,4
Brisbane-Mount Isa,Brisbane,Mount Isa,All Airlines,Apr-22,64,62,2,48,52,14,10,2022,4
Brisbane-Newcastle,Brisbane,Newcastle,All Airlines,Apr-22,263,255,8,164,173,91,82,2022,4
Brisbane-Perth,Brisbane,Perth,All Airlines,Apr-22,183,183,0,109,147,74,36,2022,4
Brisbane-Proserpine,Brisbane,Proserpine,All Airlines,Apr-22,129,122,7,81,79,41,43,2022,4
Brisbane-Rockhampton,Brisbane,Rockhampton,All Airlines,Apr-22,213,212,1,139,133,73,79,2022,4
Brisbane-Sydney,Brisbane,Sydney,All Airlines,Apr-22,1211,1154,57,739,744,415,410,2022,4
Brisbane-Townsville,Brisbane,Townsville,All Airlines,Apr-22,277,275,2,196,210,79,65,2022,4
Broome-Perth,Broome,Perth,All Airlines,Apr-22,151,139,12,81,106,58,33,2022,4
Cairns-Brisbane,Cairns,Brisbane,All Airlines,Apr-22,365,352,13,259,257,93,95,2022,4
Cairns-Melbourne,Cairns,Melbourne,All Airlines,Apr-22,268,255,13,154,165,101,90,2022,4
Cairns-Sydney,Cairns,Sydney,All Airlines,Apr-22,292,285,7,189,206,96,79,2022,4
Cairns-Townsville,Cairns,Townsville,All Airlines,Apr-22,156,151,5,126,125,25,26,2022,4
Canberra-Adelaide,Canberra,Adelaide,All Airlines,Apr-22,78,74,4,45,47,29,27,2022,4
Canberra-Brisbane,Canberra,Brisbane,All Airlines,Apr-22,241,232,9,143,149,89,83,2022,4
Canberra-Melbourne,Canberra,Melbourne,All Airlines,Apr-22,401,390,11,216,208,174,182,2022,4
Canberra-Sydney,Canberra,Sydney,All Airlines,Apr-22,819,747,72,599,558,148,189,2022,4
Coffs Harbour-Sydney,Coffs Harbour,Sydney,All Airlines,Apr-22,194,193,1,118,116,75,77,2022,4
Darwin-Brisbane,Darwin,Brisbane,All Airlines,Apr-22,123,120,3,68,66,52,54,2022,4
Darwin-Melbourne,Darwin,Melbourne,All Airlines,Apr-22,84,81,3,32,31,49,50,2022,4
Darwin-Perth,Darwin,Perth,All Airlines,Apr-22,49,49,0,23,28,26,21,2022,4
Dubbo-Sydney,Dubbo,Sydney,All Airlines,Apr-22,192,190,2,133,125,57,65,2022,4
Emerald-Brisbane,Emerald,Brisbane,All Airlines,Apr-22,122,119,3,95,90,24,29,2022,4
Gladstone-Brisbane,Gladstone,Brisbane,All Airlines,Apr-22,158,147,11,105,102,42,45,2022,4
Gold Coast-Adelaide,Gold Coast,Adelaide,All Airlines,Apr-22,77,76,1,43,53,33,23,2022,4
Gold Coast-Melbourne,Gold Coast,Melbourne,All Airlines,Apr-22,763,742,21,412,462,330,280,2022,4
Gold Coast-Sydney,Gold Coast,Sydney,All Airlines,Apr-22,844,816,28,487,529,329,287,2022,4
Hamilton Island-Brisbane,Hamilton Island,Brisbane,All Airlines,Apr-22,96,89,7,64,68,25,21,2022,4
Hamilton Island-Sydney,Hamilton Island,Sydney,All Airlines,Apr-22,98,97,1,58,60,39,37,2022,4
Hobart-Brisbane,Hobart,Brisbane,All Airlines,Apr-22,122,120,2,83,83,37,37,2022,4
Hobart-Melbourne,Hobart,Melbourne,All Airlines,Apr-22,405,397,8,192,189,205,208,2022,4
Hobart-Sydney,Hobart,Sydney,All Airlines,Apr-22,270,262,8,178,152,84,110,2022,4
Kalgoorlie-Perth,Kalgoorlie,Perth,All Airlines,Apr-22,131,125,6,66,81,59,44,2022,4
Karratha-Perth,Karratha,Perth,All Airlines,Apr-22,193,180,13,142,160,38,20,2022,4
Launceston-Melbourne,Launceston,Melbourne,All Airlines,Apr-22,326,308,18,131,114,177,194,2022,4
Launceston-Sydney,Launceston,Sydney,All Airlines,Apr-22,118,117,1,67,64,50,53,2022,4
Mackay-Brisbane,Mackay,Brisbane,All Airlines,Apr-22,255,251,4,180,180,71,71,2022,4
Melbourne-Adelaide,Melbourne,Adelaide,All Airlines,Apr-22,681,664,17,326,369,338,295,2022,4
Melbourne-Brisbane,Melbourne,Brisbane,All Airlines,Apr-22,1005,964,41,478,480,486,484,2022,4
Melbourne-Cairns,Melbourne,Cairns,All Airlines,Apr-22,268,256,12,119,131,137,125,2022,4
Melbourne-Canberra,Melbourne,Canberra,All Airlines,Apr-22,402,391,11,208,202,183,189,2022,4
Melbourne-Darwin,Melbourne,Darwin,All Airlines,Apr-22,82,81,1,44,48,37,33,2022,4
Melbourne-Gold Coast,Melbourne,Gold Coast,All Airlines,Apr-22,763,742,21,412,414,330,328,2022,4
Melbourne-Hobart,Melbourne,Hobart,All Airlines,Apr-22,405,397,8,201,221,196,176,2022,4
Melbourne-Launceston,Melbourne,Launceston,All Airlines,Apr-22,324,308,16,148,141,160,167,2022,4
Melbourne-Mildura,Melbourne,Mildura,All Airlines,Apr-22,174,173,1,85,86,88,87,2022,4
Melbourne-Newcastle,Melbourne,Newcastle,All Airlines,Apr-22,172,168,4,76,67,92,101,2022,4
Melbourne-Perth,Melbourne,Perth,All Airlines,Apr-22,279,278,1,90,141,188,137,2022,4
Melbourne-Sunshine Coast,Melbourne,Sunshine Coast,All Airlines,Apr-22,301,292,9,143,152,149,140,2022,4
Melbourne-Sydney,Melbourne,Sydney,All Airlines,Apr-22,2164,1919,245,1069,987,850,932,2022,4
Mildura-Melbourne,Mildura,Melbourne,All Airlines,Apr-22,176,175,1,96,85,79,90,2022,4
Mount Isa-Brisbane,Mount Isa,Brisbane,All Airlines,Apr-22,64,61,3,49,49,12,12,2022,4
Newcastle-Brisbane,Newcastle,Brisbane,All Airlines,Apr-22,266,256,10,173,167,83,89,2022,4
Newcastle-Melbourne,Newcastle,Melbourne,All Airlines,Apr-22,172,167,5,74,76,93,91,2022,4
Newman-Perth,Newman,Perth,All Airlines,Apr-22,165,149,16,113,120,36,29,2022,4
Perth-Adelaide,Perth,Adelaide,All Airlines,Apr-22,159,158,1,98,89,60,69,2022,4
Perth-Brisbane,Perth,Brisbane,All Airlines,Apr-22,185,185,0,111,106,74,79,2022,4
Perth-Broome,Perth,Broome,All Airlines,Apr-22,151,142,9,102,114,40,28,2022,4
Perth-Darwin,Perth,Darwin,All Airlines,Apr-22,49,49,0,30,29,19,20,2022,4
Perth-Kalgoorlie,Perth,Kalgoorlie,All Airlines,Apr-22,131,125,6,92,90,33,35,2022,4
Perth-Karratha,Perth,Karratha,All Airlines,Apr-22,196,185,11,154,152,31,33,2022,4
Perth-Melbourne,Perth,Melbourne,All Airlines,Apr-22,278,276,2,167,137,109,139,2022,4
Perth-Newman,Perth,Newman,All Airlines,Apr-22,166,151,15,124,125,27,26,2022,4
Perth-Port Hedland,Perth,Port Hedland,All Airlines,Apr-22,171,160,11,130,127,30,33,2022,4
Perth-Sydney,Perth,Sydney,All Airlines,Apr-22,266,262,4,155,155,107,107,2022,4
Port Hedland-Perth,Port Hedland,Perth,All Airlines,Apr-22,171,159,12,99,112,60,47,2022,4
Port Lincoln-Adelaide,Port Lincoln,Adelaide,All Airlines,Apr-22,301,296,5,249,245,47,51,2022,4
Port Macquarie-Sydney,Port Macquarie,Sydney,All Airlines,Apr-22,179,177,2,122,104,55,73,2022,4
Proserpine-Brisbane,Proserpine,Brisbane,All Airlines,Apr-22,129,121,8,53,62,68,59,2022,4
Rockhampton-Brisbane,Rockhampton,Brisbane,All Airlines,Apr-22,214,212,2,126,125,86,87,2022,4
Sunshine Coast-Melbourne,Sunshine Coast,Melbourne,All Airlines,Apr-22,299,287,12,140,133,147,154,2022,4
Sunshine Coast-Sydney,Sunshine Coast,Sydney,All Airlines,Apr-22,295,276,19,184,167,92,109,2022,4
Sydney-Adelaide,Sydney,Adelaide,All Airlines,Apr-22,459,448,11,245,273,203,175,2022,4
Sydney-Albury,Sydney,Albury,All Airlines,Apr-22,187,186,1,132,143,54,43,2022,4
Sydney-Armidale,Sydney,Armidale,All Airlines,Apr-22,156,151,5,91,102,60,49,2022,4
Sydney-Ballina,Sydney,Ballina,All Airlines,Apr-22,300,262,38,167,149,95,113,2022,4
Sydney-Brisbane,Sydney,Brisbane,All Airlines,Apr-22,1210,1152,58,655,668,497,484,2022,4
Sydney-Cairns,Sydney,Cairns,All Airlines,Apr-22,292,285,7,170,189,115,96,2022,4
Sydney-Canberra,Sydney,Canberra,All Airlines,Apr-22,817,751,66,523,543,228,208,2022,4
Sydney-Coffs Harbour,Sydney,Coffs Harbour,All Airlines,Apr-22,192,191,1,108,115,83,76,2022,4
Sydney-Dubbo,Sydney,Dubbo,All Airlines,Apr-22,195,194,1,112,120,82,74,2022,4
Sydney-Gold Coast,Sydney,Gold Coast,All Airlines,Apr-22,847,818,29,503,488,315,330,2022,4
Sydney-Hamilton Island,Sydney,Hamilton Island,All Airlines,Apr-22,98,97,1,73,72,24,25,2022,4
Sydney-Hobart,Sydney,Hobart,All Airlines,Apr-22,270,264,6,178,197,86,67,2022,4
Sydney-Launceston,Sydney,Launceston,All Airlines,Apr-22,118,117,1,62,75,55,42,2022,4
Sydney-Melbourne,Sydney,Melbourne,All Airlines,Apr-22,2149,1911,238,996,1094,915,817,2022,4
Sydney-Perth,Sydney,Perth,All Airlines,Apr-22,267,265,2,94,139,171,126,2022,4
Sydney-Port Macquarie,Sydney,Port Macquarie,All Airlines,Apr-22,177,176,1,99,107,77,69,2022,4
Sydney-Sunshine Coast,Sydney,Sunshine Coast,All Airlines,Apr-22,294,278,16,187,182,91,96,2022,4
Sydney-Wagga Wagga,Sydney,Wagga Wagga,All Airlines,Apr-22,163,163,0,93,105,70,58,2022,4
Townsville-Brisbane,Townsville,Brisbane,All Airlines,Apr-22,277,275,2,201,204,74,71,2022,4
Townsville-Cairns,Townsville,Cairns,All Airlines,Apr-22,156,153,3,116,120,37,33,2022,4
Wagga Wagga-Sydney,Wagga Wagga,Sydney,All Airlines,Apr-22,164,162,2,131,127,31,35,2022,4
Adelaide-Alice Springs,Adelaide,Alice Springs,All Airlines,May-22,59,58,1,50,49,8,9,2022,5
Adelaide-Brisbane,Adelaide,Brisbane,All Airlines,May-22,248,240,8,162,159,78,81,2022,5
Adelaide-Canberra,Adelaide,Canberra,All Airlines,May-22,88,84,4,75,67,9,17,2022,5
Adelaide-Gold Coast,Adelaide,Gold Coast,All Airlines,May-22,58,57,1,51,50,6,7,2022,5
Adelaide-Melbourne,Adelaide,Melbourne,All Airlines,May-22,698,655,43,416,430,239,225,2022,5
Adelaide-Perth,Adelaide,Perth,All Airlines,May-22,185,176,9,109,118,67,58,2022,5
Adelaide-Port Lincoln,Adelaide,Port Lincoln,All Airlines,May-22,318,304,14,256,251,48,53,2022,5
Adelaide-Sydney,Adelaide,Sydney,All Airlines,May-22,485,469,16,299,273,170,196,2022,5
Albury-Sydney,Albury,Sydney,All Airlines,May-22,199,196,3,140,136,56,60,2022,5
Alice Springs-Adelaide,Alice Springs,Adelaide,All Airlines,May-22,59,58,1,45,44,13,14,2022,5
Armidale-Sydney,Armidale,Sydney,All Airlines,May-22,171,155,16,95,89,60,66,2022,5
Ballina-Sydney,Ballina,Sydney,All Airlines,May-22,300,282,18,169,170,113,112,2022,5
Brisbane-Adelaide,Brisbane,Adelaide,All Airlines,May-22,249,241,8,147,170,94,71,2022,5
Brisbane-Cairns,Brisbane,Cairns,All Airlines,May-22,335,335,0,210,216,125,119,2022,5
Brisbane-Canberra,Brisbane,Canberra,All Airlines,May-22,293,283,10,169,192,114,91,2022,5
Brisbane-Darwin,Brisbane,Darwin,All Airlines,May-22,119,119,0,71,79,48,40,2022,5
Brisbane-Emerald,Brisbane,Emerald,All Airlines,May-22,152,145,7,112,113,33,32,2022,5
Brisbane-Gladstone,Brisbane,Gladstone,All Airlines,May-22,186,176,10,114,106,62,70,2022,5
Brisbane-Hamilton Island,Brisbane,Hamilton Island,All Airlines,May-22,75,74,1,62,63,12,11,2022,5
Brisbane-Hobart,Brisbane,Hobart,All Airlines,May-22,92,89,3,62,70,27,19,2022,5
Brisbane-Mackay,Brisbane,Mackay,All Airlines,May-22,283,278,5,198,188,80,90,2022,5
Brisbane-Melbourne,Brisbane,Melbourne,All Airlines,May-22,917,844,73,476,545,368,299,2022,5
Brisbane-Mount Isa,Brisbane,Mount Isa,All Airlines,May-22,66,66,0,43,42,23,24,2022,5
Brisbane-Newcastle,Brisbane,Newcastle,All Airlines,May-22,273,260,13,160,159,100,101,2022,5
Brisbane-Perth,Brisbane,Perth,All Airlines,May-22,254,247,7,152,169,95,78,2022,5
Brisbane-Proserpine,Brisbane,Proserpine,All Airlines,May-22,93,90,3,54,45,36,45,2022,5
Brisbane-Rockhampton,Brisbane,Rockhampton,All Airlines,May-22,259,249,10,170,158,79,91,2022,5
Brisbane-Sydney,Brisbane,Sydney,All Airlines,May-22,1368,1278,90,849,865,429,413,2022,5
Brisbane-Townsville,Brisbane,Townsville,All Airlines,May-22,314,310,4,220,228,90,82,2022,5
Broome-Perth,Broome,Perth,All Airlines,May-22,161,149,12,73,85,76,64,2022,5
Cairns-Brisbane,Cairns,Brisbane,All Airlines,May-22,335,335,0,223,228,112,107,2022,5
Cairns-Melbourne,Cairns,Melbourne,All Airlines,May-22,210,202,8,114,124,88,78,2022,5
Cairns-Sydney,Cairns,Sydney,All Airlines,May-22,226,220,6,142,148,78,72,2022,5
Cairns-Townsville,Cairns,Townsville,All Airlines,May-22,162,157,5,127,129,30,28,2022,5
Canberra-Adelaide,Canberra,Adelaide,All Airlines,May-22,88,84,4,66,69,18,15,2022,5
Canberra-Brisbane,Canberra,Brisbane,All Airlines,May-22,292,282,10,193,181,89,101,2022,5
Canberra-Melbourne,Canberra,Melbourne,All Airlines,May-22,453,428,25,285,279,143,149,2022,5
Canberra-Sydney,Canberra,Sydney,All Airlines,May-22,874,809,65,641,605,168,204,2022,5
Coffs Harbour-Sydney,Coffs Harbour,Sydney,All Airlines,May-22,194,187,7,127,123,60,64,2022,5
Darwin-Brisbane,Darwin,Brisbane,All Airlines,May-22,118,118,0,44,55,74,63,2022,5
Darwin-Melbourne,Darwin,Melbourne,All Airlines,May-22,93,92,1,31,38,61,54,2022,5
Darwin-Perth,Darwin,Perth,All Airlines,May-22,58,56,2,18,20,38,36,2022,5
Darwin-Sydney,Darwin,Sydney,All Airlines,May-22,86,84,2,32,43,52,41,2022,5
Dubbo-Sydney,Dubbo,Sydney,All Airlines,May-22,196,195,1,119,120,76,75,2022,5
Emerald-Brisbane,Emerald,Brisbane,All Airlines,May-22,149,145,4,104,108,41,37,2022,5
Gladstone-Brisbane,Gladstone,Brisbane,All Airlines,May-22,185,173,12,108,102,65,71,2022,5
Gold Coast-Adelaide,Gold Coast,Adelaide,All Airlines,May-22,58,57,1,37,42,20,15,2022,5
Gold Coast-Melbourne,Gold Coast,Melbourne,All Airlines,May-22,669,615,54,349,427,266,188,2022,5
Gold Coast-Sydney,Gold Coast,Sydney,All Airlines,May-22,849,790,59,525,553,265,237,2022,5
Hamilton Island-Brisbane,Hamilton Island,Brisbane,All Airlines,May-22,75,73,2,46,50,27,23,2022,5
Hamilton Island-Sydney,Hamilton Island,Sydney,All Airlines,May-22,80,80,0,40,47,40,33,2022,5
Hobart-Brisbane,Hobart,Brisbane,All Airlines,May-22,92,89,3,50,43,39,46,2022,5
Hobart-Melbourne,Hobart,Melbourne,All Airlines,May-22,389,371,18,204,186,167,185,2022,5
Hobart-Sydney,Hobart,Sydney,All Airlines,May-22,229,225,4,141,116,84,109,2022,5
Kalgoorlie-Perth,Kalgoorlie,Perth,All Airlines,May-22,137,127,10,51,66,76,61,2022,5
Karratha-Perth,Karratha,Perth,All Airlines,May-22,201,185,16,100,109,85,76,2022,5
Launceston-Melbourne,Launceston,Melbourne,All Airlines,May-22,291,256,35,108,92,148,164,2022,5
Launceston-Sydney,Launceston,Sydney,All Airlines,May-22,72,72,0,43,39,29,33,2022,5
Mackay-Brisbane,Mackay,Brisbane,All Airlines,May-22,285,277,8,199,198,78,79,2022,5
Melbourne-Adelaide,Melbourne,Adelaide,All Airlines,May-22,698,657,41,395,407,262,250,2022,5
Melbourne-Brisbane,Melbourne,Brisbane,All Airlines,May-22,916,842,74,478,454,364,388,2022,5
Melbourne-Cairns,Melbourne,Cairns,All Airlines,May-22,210,203,7,110,117,93,86,2022,5
Melbourne-Canberra,Melbourne,Canberra,All Airlines,May-22,451,429,22,257,266,172,163,2022,5
Melbourne-Darwin,Melbourne,Darwin,All Airlines,May-22,93,92,1,51,60,41,32,2022,5
Melbourne-Gold Coast,Melbourne,Gold Coast,All Airlines,May-22,668,615,53,379,347,236,268,2022,5
Melbourne-Hobart,Melbourne,Hobart,All Airlines,May-22,389,374,15,212,207,162,167,2022,5
Melbourne-Launceston,Melbourne,Launceston,All Airlines,May-22,293,260,33,124,113,136,147,2022,5
Melbourne-Mildura,Melbourne,Mildura,All Airlines,May-22,207,205,2,104,101,101,104,2022,5
Melbourne-Newcastle,Melbourne,Newcastle,All Airlines,May-22,152,148,4,74,71,74,77,2022,5
Melbourne-Perth,Melbourne,Perth,All Airlines,May-22,364,356,8,172,209,184,147,2022,5
Melbourne-Sunshine Coast,Melbourne,Sunshine Coast,All Airlines,May-22,192,183,9,109,101,74,82,2022,5
Melbourne-Sydney,Melbourne,Sydney,All Airlines,May-22,2400,2011,389,1270,1234,741,777,2022,5
Mildura-Melbourne,Mildura,Melbourne,All Airlines,May-22,205,203,2,114,107,89,96,2022,5
Mount Isa-Brisbane,Mount Isa,Brisbane,All Airlines,May-22,66,66,0,41,45,25,21,2022,5
Newcastle-Brisbane,Newcastle,Brisbane,All Airlines,May-22,272,259,13,164,151,95,108,2022,5
Newcastle-Melbourne,Newcastle,Melbourne,All Airlines,May-22,156,150,6,81,82,69,68,2022,5
Newman-Perth,Newman,Perth,All Airlines,May-22,178,165,13,112,102,53,63,2022,5
Perth-Adelaide,Perth,Adelaide,All Airlines,May-22,185,177,8,108,109,69,68,2022,5
Perth-Brisbane,Perth,Brisbane,All Airlines,May-22,253,247,6,142,151,105,96,2022,5
Perth-Broome,Perth,Broome,All Airlines,May-22,161,152,9,99,109,53,43,2022,5
Perth-Darwin,Perth,Darwin,All Airlines,May-22,58,56,2,27,34,29,22,2022,5
Perth-Kalgoorlie,Perth,Kalgoorlie,All Airlines,May-22,136,129,7,95,88,34,41,2022,5
Perth-Karratha,Perth,Karratha,All Airlines,May-22,205,191,14,135,123,56,68,2022,5
Perth-Melbourne,Perth,Melbourne,All Airlines,May-22,361,353,8,191,194,162,159,2022,5
Perth-Newman,Perth,Newman,All Airlines,May-22,178,167,11,126,133,41,34,2022,5
Perth-Port Hedland,Perth,Port Hedland,All Airlines,May-22,180,171,9,126,122,45,49,2022,5
Perth-Sydney,Perth,Sydney,All Airlines,May-22,315,308,7,166,195,142,113,2022,5
Port Hedland-Perth,Port Hedland,Perth,All Airlines,May-22,182,173,9,99,105,74,68,2022,5
Port Lincoln-Adelaide,Port Lincoln,Adelaide,All Airlines,May-22,315,302,13,251,238,51,64,2022,5
Port Macquarie-Sydney,Port Macquarie,Sydney,All Airlines,May-22,188,183,5,134,117,49,66,2022,5
Proserpine-Brisbane,Proserpine,Brisbane,All Airlines,May-22,93,90,3,36,45,54,45,2022,5
Rockhampton-Brisbane,Rockhampton,Brisbane,All Airlines,May-22,259,247,12,153,147,94,100,2022,5
Sunshine Coast-Melbourne,Sunshine Coast,Melbourne,All Airlines,May-22,193,183,10,78,85,105,98,2022,5
Sunshine Coast-Sydney,Sunshine Coast,Sydney,All Airlines,May-22,274,260,14,157,154,103,106,2022,5
Sydney-Adelaide,Sydney,Adelaide,All Airlines,May-22,488,474,14,252,261,222,213,2022,5
Sydney-Albury,Sydney,Albury,All Airlines,May-22,200,198,2,133,137,65,61,2022,5
Sydney-Armidale,Sydney,Armidale,All Airlines,May-22,167,156,11,85,93,71,63,2022,5
Sydney-Ballina,Sydney,Ballina,All Airlines,May-22,301,285,16,191,156,94,129,2022,5
Sydney-Brisbane,Sydney,Brisbane,All Airlines,May-22,1373,1288,85,833,764,455,524,2022,5
Sydney-Cairns,Sydney,Cairns,All Airlines,May-22,227,222,5,148,155,74,67,2022,5
Sydney-Canberra,Sydney,Canberra,All Airlines,May-22,878,813,65,568,570,245,243,2022,5
Sydney-Coffs Harbour,Sydney,Coffs Harbour,All Airlines,May-22,198,193,5,117,118,76,75,2022,5
Sydney-Darwin,Sydney,Darwin,All Airlines,May-22,85,83,2,48,54,35,29,2022,5
Sydney-Dubbo,Sydney,Dubbo,All Airlines,May-22,201,200,1,122,121,78,79,2022,5
Sydney-Gold Coast,Sydney,Gold Coast,All Airlines,May-22,848,791,57,545,503,246,288,2022,5
Sydney-Hamilton Island,Sydney,Hamilton Island,All Airlines,May-22,80,80,0,63,57,17,23,2022,5
Sydney-Hobart,Sydney,Hobart,All Airlines,May-22,230,227,3,130,150,97,77,2022,5
Sydney-Launceston,Sydney,Launceston,All Airlines,May-22,71,71,0,42,49,29,22,2022,5
Sydney-Melbourne,Sydney,Melbourne,All Airlines,May-22,2387,1994,393,1221,1245,773,749,2022,5
Sydney-Perth,Sydney,Perth,All Airlines,May-22,311,309,2,140,161,169,148,2022,5
Sydney-Port Macquarie,Sydney,Port Macquarie,All Airlines,May-22,190,186,4,109,117,77,69,2022,5
Sydney-Sunshine Coast,Sydney,Sunshine Coast,All Airlines,May-22,271,258,13,191,162,67,96,2022,5
Sydney-Wagga Wagga,Sydney,Wagga Wagga,All Airlines,May-22,177,176,1,117,117,59,59,2022,5
Townsville-Brisbane,Townsville,Brisbane,All Airlines,May-22,313,308,5,233,222,75,86,2022,5
Townsville-Cairns,Townsville,Cairns,All Airlines,May-22,162,158,4,116,122,42,36,2022,5
Wagga Wagga-Sydney,Wagga Wagga,Sydney,All Airlines,May-22,176,175,1,134,128,41,47,2022,5
Adelaide-Alice Springs,Adelaide,Alice Springs,All Airlines,Jun-22,40,39,1,33,34,6,5,2022,6
Adelaide-Brisbane,Adelaide,Brisbane,All Airlines,Jun-22,251,247,4,166,176,81,71,2022,6
Adelaide-Canberra,Adelaide,Canberra,All Airlines,Jun-22,78,77,1,66,60,11,17,2022,6
Adelaide-Gold Coast,Adelaide,Gold Coast,All Airlines,Jun-22,55,54,1,42,42,12,12,2022,6
Adelaide-Melbourne,Adelaide,Melbourne,All Airlines,Jun-22,670,629,41,396,414,233,215,2022,6
Adelaide-Perth,Adelaide,Perth,All Airlines,Jun-22,179,172,7,115,105,57,67,2022,6
Adelaide-Port Lincoln,Adelaide,Port Lincoln,All Airlines,Jun-22,312,310,2,253,239,57,71,2022,6
Adelaide-Sydney,Adelaide,Sydney,All Airlines,Jun-22,453,432,21,255,258,177,174,2022,6
Albury-Sydney,Albury,Sydney,All Airlines,Jun-22,198,191,7,136,138,55,53,2022,6
Alice Springs-Adelaide,Alice Springs,Adelaide,All Airlines,Jun-22,40,39,1,23,21,16,18,2022,6
Armidale-Sydney,Armidale,Sydney,All Airlines,Jun-22,167,162,5,132,121,30,41,2022,6
Ballina-Sydney,Ballina,Sydney,All Airlines,Jun-22,273,245,28,155,140,90,105,2022,6
Brisbane-Adelaide,Brisbane,Adelaide,All Airlines,Jun-22,251,246,5,157,172,89,74,2022,6
Brisbane-Cairns,Brisbane,Cairns,All Airlines,Jun-22,350,342,8,185,165,157,177,2022,6
Brisbane-Canberra,Brisbane,Canberra,All Airlines,Jun-22,281,267,14,160,175,107,92,2022,6
Brisbane-Darwin,Brisbane,Darwin,All Airlines,Jun-22,128,126,2,84,84,42,42,2022,6
Brisbane-Emerald,Brisbane,Emerald,All Airlines,Jun-22,135,133,2,105,102,28,31,2022,6
Brisbane-Gladstone,Brisbane,Gladstone,All Airlines,Jun-22,182,169,13,105,112,64,57,2022,6
Brisbane-Hamilton Island,Brisbane,Hamilton Island,All Airlines,Jun-22,68,65,3,52,52,13,13,2022,6
Brisbane-Hobart,Brisbane,Hobart,All Airlines,Jun-22,94,88,6,51,49,37,39,2022,6
Brisbane-Mackay,Brisbane,Mackay,All Airlines,Jun-22,272,263,9,182,183,81,80,2022,6
Brisbane-Melbourne,Brisbane,Melbourne,All Airlines,Jun-22,867,808,59,441,448,367,360,2022,6
Brisbane-Mount Isa,Brisbane,Mount Isa,All Airlines,Jun-22,64,64,0,46,41,18,23,2022,6
Brisbane-Newcastle,Brisbane,Newcastle,All Airlines,Jun-22,243,230,13,169,159,61,71,2022,6
Brisbane-Perth,Brisbane,Perth,All Airlines,Jun-22,268,261,7,165,173,96,88,2022,6
Brisbane-Proserpine,Brisbane,Proserpine,All Airlines,Jun-22,90,89,1,59,51,30,38,2022,6
Brisbane-Rockhampton,Brisbane,Rockhampton,All Airlines,Jun-22,271,263,8,184,156,79,107,2022,6
Brisbane-Sydney,Brisbane,Sydney,All Airlines,Jun-22,1302,1178,124,746,767,432,411,2022,6
Brisbane-Townsville,Brisbane,Townsville,All Airlines,Jun-22,313,308,5,208,193,100,115,2022,6
Broome-Perth,Broome,Perth,All Airlines,Jun-22,157,146,11,44,54,102,92,2022,6
Cairns-Brisbane,Cairns,Brisbane,All Airlines,Jun-22,347,343,4,184,206,159,137,2022,6
Cairns-Melbourne,Cairns,Melbourne,All Airlines,Jun-22,224,217,7,95,75,122,142,2022,6
Cairns-Sydney,Cairns,Sydney,All Airlines,Jun-22,239,234,5,128,124,106,110,2022,6
Cairns-Townsville,Cairns,Townsville,All Airlines,Jun-22,151,146,5,124,123,22,23,2022,6
Canberra-Adelaide,Canberra,Adelaide,All Airlines,Jun-22,78,76,2,51,55,25,21,2022,6
Canberra-Brisbane,Canberra,Brisbane,All Airlines,Jun-22,280,266,14,162,165,104,101,2022,6
Canberra-Melbourne,Canberra,Melbourne,All Airlines,Jun-22,446,399,47,210,200,189,199,2022,6
Canberra-Sydney,Canberra,Sydney,All Airlines,Jun-22,746,666,80,484,493,182,173,2022,6
Coffs Harbour-Sydney,Coffs Harbour,Sydney,All Airlines,Jun-22,198,193,5,146,140,47,53,2022,6
Darwin-Brisbane,Darwin,Brisbane,All Airlines,Jun-22,127,124,3,51,65,73,59,2022,6
Darwin-Melbourne,Darwin,Melbourne,All Airlines,Jun-22,101,99,2,23,24,76,75,2022,6
Darwin-Perth,Darwin,Perth,All Airlines,Jun-22,62,58,4,17,17,41,41,2022,6
Darwin-Sydney,Darwin,Sydney,All Airlines,Jun-22,89,88,1,24,45,64,43,2022,6
Dubbo-Sydney,Dubbo,Sydney,All Airlines,Jun-22,193,191,2,136,132,55,59,2022,6
Emerald-Brisbane,Emerald,Brisbane,All Airlines,Jun-22,135,133,2,93,97,40,36,2022,6
Gladstone-Brisbane,Gladstone,Brisbane,All Airlines,Jun-22,181,168,13,120,111,48,57,2022,6
Gold Coast-Adelaide,Gold Coast,Adelaide,All Airlines,Jun-22,55,54,1,35,34,19,20,2022,6
Gold Coast-Melbourne,Gold Coast,Melbourne,All Airlines,Jun-22,645,610,35,327,346,283,264,2022,6
Gold Coast-Sydney,Gold Coast,Sydney,All Airlines,Jun-22,759,692,67,468,472,224,220,2022,6
Hamilton Island-Brisbane,Hamilton Island,Brisbane,All Airlines,Jun-22,68,64,4,36,41,28,23,2022,6
Hamilton Island-Sydney,Hamilton Island,Sydney,All Airlines,Jun-22,79,77,2,36,42,41,35,2022,6
Hobart-Brisbane,Hobart,Brisbane,All Airlines,Jun-22,95,88,7,34,39,54,49,2022,6
Hobart-Melbourne,Hobart,Melbourne,All Airlines,Jun-22,383,369,14,192,191,177,178,2022,6
Hobart-Sydney,Hobart,Sydney,All Airlines,Jun-22,237,223,14,133,121,90,102,2022,6
Kalgoorlie-Perth,Kalgoorlie,Perth,All Airlines,Jun-22,138,131,7,45,60,86,71,2022,6
Karratha-Perth,Karratha,Perth,All Airlines,Jun-22,200,194,6,99,106,95,88,2022,6
Launceston-Melbourne,Launceston,Melbourne,All Airlines,Jun-22,298,281,17,149,138,132,143,2022,6
Launceston-Sydney,Launceston,Sydney,All Airlines,Jun-22,79,77,2,45,42,32,35,2022,6
Mackay-Brisbane,Mackay,Brisbane,All Airlines,Jun-22,277,266,11,171,183,95,83,2022,6
Melbourne-Adelaide,Melbourne,Adelaide,All Airlines,Jun-22,670,631,39,355,372,276,259,2022,6
Melbourne-Brisbane,Melbourne,Brisbane,All Airlines,Jun-22,876,818,58,405,454,413,364,2022,6
Melbourne-Cairns,Melbourne,Cairns,All Airlines,Jun-22,226,220,6,100,108,120,112,2022,6
Melbourne-Canberra,Melbourne,Canberra,All Airlines,Jun-22,447,401,46,196,213,205,188,2022,6
Melbourne-Darwin,Melbourne,Darwin,All Airlines,Jun-22,102,101,1,43,41,58,60,2022,6
Melbourne-Gold Coast,Melbourne,Gold Coast,All Airlines,Jun-22,644,610,34,321,368,289,242,2022,6
Melbourne-Hobart,Melbourne,Hobart,All Airlines,Jun-22,381,370,11,178,170,192,200,2022,6
Melbourne-Launceston,Melbourne,Launceston,All Airlines,Jun-22,298,283,15,134,121,149,162,2022,6
Melbourne-Mildura,Melbourne,Mildura,All Airlines,Jun-22,205,197,8,96,93,101,104,2022,6
Melbourne-Newcastle,Melbourne,Newcastle,All Airlines,Jun-22,142,134,8,68,74,66,60,2022,6
Melbourne-Perth,Melbourne,Perth,All Airlines,Jun-22,386,375,11,163,195,212,180,2022,6
Melbourne-Sunshine Coast,Melbourne,Sunshine Coast,All Airlines,Jun-22,227,214,13,115,127,99,87,2022,6
Melbourne-Sydney,Melbourne,Sydney,All Airlines,Jun-22,2248,1912,336,1115,1161,797,751,2022,6
Mildura-Melbourne,Mildura,Melbourne,All Airlines,Jun-22,205,197,8,108,101,89,96,2022,6
Mount Isa-Brisbane,Mount Isa,Brisbane,All Airlines,Jun-22,64,64,0,38,45,26,19,2022,6
Newcastle-Brisbane,Newcastle,Brisbane,All Airlines,Jun-22,242,228,14,171,176,57,52,2022,6
Newcastle-Melbourne,Newcastle,Melbourne,All Airlines,Jun-22,142,136,6,74,73,62,63,2022,6
Newman-Perth,Newman,Perth,All Airlines,Jun-22,176,165,11,108,95,57,70,2022,6
Perth-Adelaide,Perth,Adelaide,All Airlines,Jun-22,181,172,9,103,106,69,66,2022,6
Perth-Brisbane,Perth,Brisbane,All Airlines,Jun-22,265,258,7,146,178,112,80,2022,6
Perth-Broome,Perth,Broome,All Airlines,Jun-22,157,149,8,73,94,76,55,2022,6
Perth-Darwin,Perth,Darwin,All Airlines,Jun-22,62,58,4,27,28,31,30,2022,6
Perth-Kalgoorlie,Perth,Kalgoorlie,All Airlines,Jun-22,137,130,7,82,75,48,55,2022,6
Perth-Karratha,Perth,Karratha,All Airlines,Jun-22,199,194,5,125,119,69,75,2022,6
Perth-Melbourne,Perth,Melbourne,All Airlines,Jun-22,390,376,14,210,215,166,161,2022,6
Perth-Newman,Perth,Newman,All Airlines,Jun-22,173,162,11,109,120,53,42,2022,6
Perth-Port Hedland,Perth,Port Hedland,All Airlines,Jun-22,172,165,7,108,111,57,54,2022,6
Perth-Sydney,Perth,Sydney,All Airlines,Jun-22,346,332,14,162,211,170,121,2022,6
Port Hedland-Perth,Port Hedland,Perth,All Airlines,Jun-22,177,169,8,78,76,91,93,2022,6
Port Lincoln-Adelaide,Port Lincoln,Adelaide,All Airlines,Jun-22,313,310,3,249,247,61,63,2022,6
Port Macquarie-Sydney,Port Macquarie,Sydney,All Airlines,Jun-22,181,179,2,140,125,39,54,2022,6
Proserpine-Brisbane,Proserpine,Brisbane,All Airlines,Jun-22,91,89,2,34,44,55,45,2022,6
Rockhampton-Brisbane,Rockhampton,Brisbane,All Airlines,Jun-22,268,256,12,161,167,95,89,2022,6
Sunshine Coast-Melbourne,Sunshine Coast,Melbourne,All Airlines,Jun-22,226,212,14,110,82,102,130,2022,6
Sunshine Coast-Sydney,Sunshine Coast,Sydney,All Airlines,Jun-22,252,226,26,144,125,82,101,2022,6
Sydney-Adelaide,Sydney,Adelaide,All Airlines,Jun-22,453,433,20,258,240,175,193,2022,6
Sydney-Albury,Sydney,Albury,All Airlines,Jun-22,198,191,7,143,146,48,45,2022,6
Sydney-Armidale,Sydney,Armidale,All Airlines,Jun-22,167,162,5,123,128,39,34,2022,6
Sydney-Ballina,Sydney,Ballina,All Airlines,Jun-22,274,247,27,170,160,77,87,2022,6
Sydney-Brisbane,Sydney,Brisbane,All Airlines,Jun-22,1301,1170,131,687,688,483,482,2022,6
Sydney-Cairns,Sydney,Cairns,All Airlines,Jun-22,239,236,3,132,151,104,85,2022,6
Sydney-Canberra,Sydney,Canberra,All Airlines,Jun-22,747,664,83,441,443,223,221,2022,6
Sydney-Coffs Harbour,Sydney,Coffs Harbour,All Airlines,Jun-22,199,194,5,131,155,63,39,2022,6
Sydney-Darwin,Sydney,Darwin,All Airlines,Jun-22,89,89,0,46,44,43,45,2022,6
Sydney-Dubbo,Sydney,Dubbo,All Airlines,Jun-22,197,196,1,129,132,67,64,2022,6
Sydney-Gold Coast,Sydney,Gold Coast,All Airlines,Jun-22,759,694,65,446,450,248,244,2022,6
Sydney-Hamilton Island,Sydney,Hamilton Island,All Airlines,Jun-22,79,77,2,45,51,32,26,2022,6
Sydney-Hobart,Sydney,Hobart,All Airlines,Jun-22,240,227,13,133,142,94,85,2022,6
Sydney-Launceston,Sydney,Launceston,All Airlines,Jun-22,78,76,2,43,49,33,27,2022,6
Sydney-Melbourne,Sydney,Melbourne,All Airlines,Jun-22,2255,1909,346,1083,1103,826,806,2022,6
Sydney-Perth,Sydney,Perth,All Airlines,Jun-22,340,330,10,162,154,168,176,2022,6
Sydney-Port Macquarie,Sydney,Port Macquarie,All Airlines,Jun-22,181,179,2,116,133,63,46,2022,6
Sydney-Sunshine Coast,Sydney,Sunshine Coast,All Airlines,Jun-22,251,226,25,157,153,69,73,2022,6
Sydney-Wagga Wagga,Sydney,Wagga Wagga,All Airlines,Jun-22,170,169,1,107,102,62,67,2022,6
Townsville-Brisbane,Townsville,Brisbane,All Airlines,Jun-22,313,308,5,205,222,103,86,2022,6
Townsville-Cairns,Townsville,Cairns,All Airlines,Jun-22,151,144,7,108,112,36,32,2022,6
Wagga Wagga-Sydney,Wagga Wagga,Sydney,All Airlines,Jun-22,170,169,1,119,118,50,51,2022,6
Adelaide-Alice Springs,Adelaide,Alice Springs,All Airlines,Jul-22,45,44,1,35,34,9,10,2022,7
Adelaide-Brisbane,Adelaide,Brisbane,All Airlines,Jul-22,239,228,11,139,156,89,72,2022,7
Adelaide-Canberra,Adelaide,Canberra,All Airlines,Jul-22,80,78,2,67,63,11,15,2022,7
Adelaide-Gold Coast,Adelaide,Gold Coast,All Airlines,Jul-22,62,61,1,41,38,20,23,2022,7
Adelaide-Melbourne,Adelaide,Melbourne,All Airlines,Jul-22,671,632,39,343,363,289,269,2022,7
Adelaide-Perth,Adelaide,Perth,All Airlines,Jul-22,179,169,10,87,66,82,103,2022,7
Adelaide-Port Lincoln,Adelaide,Port Lincoln,All Airlines,Jul-22,313,302,11,236,235,66,67,2022,7
Adelaide-Sydney,Adelaide,Sydney,All Airlines,Jul-22,451,412,39,195,175,217,237,2022,7
Albury-Sydney,Albury,Sydney,All Airlines,Jul-22,227,217,10,136,111,81,106,2022,7
Alice Springs-Adelaide,Alice Springs,Adelaide,All Airlines,Jul-22,45,44,1,22,22,22,22,2022,7
Armidale-Sydney,Armidale,Sydney,All Airlines,Jul-22,176,154,22,88,78,66,76,2022,7
Ballina-Sydney,Ballina,Sydney,All Airlines,Jul-22,214,198,16,94,78,104,120,2022,7
Brisbane-Adelaide,Brisbane,Adelaide,All Airlines,Jul-22,238,228,10,146,173,82,55,2022,7
Brisbane-Cairns,Brisbane,Cairns,All Airlines,Jul-22,374,366,8,163,174,203,192,2022,7
Brisbane-Canberra,Brisbane,Canberra,All Airlines,Jul-22,291,269,22,120,141,149,128,2022,7
Brisbane-Darwin,Brisbane,Darwin,All Airlines,Jul-22,112,110,2,54,71,56,39,2022,7
Brisbane-Emerald,Brisbane,Emerald,All Airlines,Jul-22,135,133,2,105,103,28,30,2022,7
Brisbane-Gladstone,Brisbane,Gladstone,All Airlines,Jul-22,181,166,15,113,104,53,62,2022,7
Brisbane-Hamilton Island,Brisbane,Hamilton Island,All Airlines,Jul-22,69,68,1,54,54,14,14,2022,7
Brisbane-Hobart,Brisbane,Hobart,All Airlines,Jul-22,90,86,4,47,53,39,33,2022,7
Brisbane-Mackay,Brisbane,Mackay,All Airlines,Jul-22,259,248,11,139,138,109,110,2022,7
Brisbane-Melbourne,Brisbane,Melbourne,All Airlines,Jul-22,858,797,61,378,401,419,396,2022,7
Brisbane-Mount Isa,Brisbane,Mount Isa,All Airlines,Jul-22,65,64,1,41,40,23,24,2022,7
Brisbane-Newcastle,Brisbane,Newcastle,All Airlines,Jul-22,253,240,13,166,142,74,98,2022,7
Brisbane-Perth,Brisbane,Perth,All Airlines,Jul-22,273,266,7,118,98,148,168,2022,7
Brisbane-Proserpine,Brisbane,Proserpine,All Airlines,Jul-22,99,90,9,59,54,31,36,2022,7
Brisbane-Rockhampton,Brisbane,Rockhampton,All Airlines,Jul-22,263,257,6,159,120,98,137,2022,7
Brisbane-Sydney,Brisbane,Sydney,All Airlines,Jul-22,1313,1167,146,625,601,542,566,2022,7
Brisbane-Townsville,Brisbane,Townsville,All Airlines,Jul-22,299,289,10,135,146,154,143,2022,7
Broome-Perth,Broome,Perth,All Airlines,Jul-22,169,158,11,54,60,104,98,2022,7
Cairns-Brisbane,Cairns,Brisbane,All Airlines,Jul-22,372,364,8,186,187,178,177,2022,7
Cairns-Melbourne,Cairns,Melbourne,All Airlines,Jul-22,233,224,9,99,85,125,139,2022,7
Cairns-Sydney,Cairns,Sydney,All Airlines,Jul-22,254,253,1,113,109,140,144,2022,7
Cairns-Townsville,Cairns,Townsville,All Airlines,Jul-22,161,156,5,133,134,23,22,2022,7
Canberra-Adelaide,Canberra,Adelaide,All Airlines,Jul-22,80,78,2,40,40,38,38,2022,7
Canberra-Brisbane,Canberra,Brisbane,All Airlines,Jul-22,290,270,20,116,111,154,159,2022,7
Canberra-Melbourne,Canberra,Melbourne,All Airlines,Jul-22,436,387,49,194,199,193,188,2022,7
Canberra-Sydney,Canberra,Sydney,All Airlines,Jul-22,728,661,67,432,406,229,255,2022,7
Coffs Harbour-Sydney,Coffs Harbour,Sydney,All Airlines,Jul-22,240,227,13,129,126,98,101,2022,7
Darwin-Brisbane,Darwin,Brisbane,All Airlines,Jul-22,113,111,2,31,31,80,80,2022,7
Darwin-Melbourne,Darwin,Melbourne,All Airlines,Jul-22,112,109,3,40,35,69,74,2022,7
Darwin-Perth,Darwin,Perth,All Airlines,Jul-22,63,56,7,19,25,37,31,2022,7
Darwin-Sydney,Darwin,Sydney,All Airlines,Jul-22,109,106,3,28,21,78,85,2022,7
Dubbo-Sydney,Dubbo,Sydney,All Airlines,Jul-22,238,225,13,143,133,82,92,2022,7
Emerald-Brisbane,Emerald,Brisbane,All Airlines,Jul-22,135,133,2,90,96,43,37,2022,7
Gladstone-Brisbane,Gladstone,Brisbane,All Airlines,Jul-22,180,165,15,111,104,54,61,2022,7
Gold Coast-Adelaide,Gold Coast,Adelaide,All Airlines,Jul-22,62,61,1,34,38,27,23,2022,7
Gold Coast-Melbourne,Gold Coast,Melbourne,All Airlines,Jul-22,645,582,63,264,315,318,267,2022,7
Gold Coast-Sydney,Gold Coast,Sydney,All Airlines,Jul-22,748,690,58,372,368,318,322,2022,7
Hamilton Island-Brisbane,Hamilton Island,Brisbane,All Airlines,Jul-22,69,68,1,34,41,34,27,2022,7
Hamilton Island-Sydney,Hamilton Island,Sydney,All Airlines,Jul-22,87,82,5,43,36,39,46,2022,7
Hobart-Brisbane,Hobart,Brisbane,All Airlines,Jul-22,90,87,3,25,26,62,61,2022,7
Hobart-Melbourne,Hobart,Melbourne,All Airlines,Jul-22,357,338,19,139,133,199,205,2022,7
Hobart-Sydney,Hobart,Sydney,All Airlines,Jul-22,241,218,23,113,95,105,123,2022,7
Kalgoorlie-Perth,Kalgoorlie,Perth,All Airlines,Jul-22,142,133,9,54,64,79,69,2022,7
Karratha-Perth,Karratha,Perth,All Airlines,Jul-22,199,184,15,68,83,116,101,2022,7
Launceston-Melbourne,Launceston,Melbourne,All Airlines,Jul-22,271,241,30,123,115,118,126,2022,7
Launceston-Sydney,Launceston,Sydney,All Airlines,Jul-22,92,85,7,50,46,35,39,2022,7
Mackay-Brisbane,Mackay,Brisbane,All Airlines,Jul-22,263,250,13,133,137,117,113,2022,7
Melbourne-Adelaide,Melbourne,Adelaide,All Airlines,Jul-22,670,632,38,320,360,312,272,2022,7
Melbourne-Brisbane,Melbourne,Brisbane,All Airlines,Jul-22,859,791,68,367,381,424,410,2022,7
Melbourne-Cairns,Melbourne,Cairns,All Airlines,Jul-22,233,224,9,101,127,123,97,2022,7
Melbourne-Canberra,Melbourne,Canberra,All Airlines,Jul-22,436,387,49,216,221,171,166,2022,7
Melbourne-Darwin,Melbourne,Darwin,All Airlines,Jul-22,112,109,3,47,72,62,37,2022,7
Melbourne-Gold Coast,Melbourne,Gold Coast,All Airlines,Jul-22,640,581,59,285,314,296,267,2022,7
Melbourne-Hobart,Melbourne,Hobart,All Airlines,Jul-22,356,339,17,151,160,188,179,2022,7
Melbourne-Launceston,Melbourne,Launceston,All Airlines,Jul-22,271,241,30,127,112,114,129,2022,7
Melbourne-Mildura,Melbourne,Mildura,All Airlines,Jul-22,222,215,7,132,130,83,85,2022,7
Melbourne-Newcastle,Melbourne,Newcastle,All Airlines,Jul-22,123,115,8,55,51,60,64,2022,7
Melbourne-Perth,Melbourne,Perth,All Airlines,Jul-22,376,362,14,140,129,222,233,2022,7
Melbourne-Sunshine Coast,Melbourne,Sunshine Coast,All Airlines,Jul-22,222,204,18,103,116,101,88,2022,7
Melbourne-Sydney,Melbourne,Sydney,All Airlines,Jul-22,2113,1819,294,941,884,878,935,2022,7
Mildura-Melbourne,Mildura,Melbourne,All Airlines,Jul-22,222,215,7,153,132,62,83,2022,7
Mount Isa-Brisbane,Mount Isa,Brisbane,All Airlines,Jul-22,65,64,1,33,36,31,28,2022,7
Newcastle-Brisbane,Newcastle,Brisbane,All Airlines,Jul-22,256,241,15,156,142,85,99,2022,7
Newcastle-Melbourne,Newcastle,Melbourne,All Airlines,Jul-22,124,117,7,50,49,67,68,2022,7
Newman-Perth,Newman,Perth,All Airlines,Jul-22,166,150,16,88,83,62,67,2022,7
Perth-Adelaide,Perth,Adelaide,All Airlines,Jul-22,181,170,11,55,93,115,77,2022,7
Perth-Brisbane,Perth,Brisbane,All Airlines,Jul-22,273,267,6,102,153,165,114,2022,7
Perth-Broome,Perth,Broome,All Airlines,Jul-22,170,161,9,84,107,77,54,2022,7
Perth-Darwin,Perth,Darwin,All Airlines,Jul-22,63,57,6,27,32,30,25,2022,7
Perth-Kalgoorlie,Perth,Kalgoorlie,All Airlines,Jul-22,141,132,9,74,77,58,55,2022,7
Perth-Karratha,Perth,Karratha,All Airlines,Jul-22,199,186,13,99,93,87,93,2022,7
Perth-Melbourne,Perth,Melbourne,All Airlines,Jul-22,376,361,15,155,204,206,157,2022,7
Perth-Newman,Perth,Newman,All Airlines,Jul-22,168,151,17,98,103,53,48,2022,7
Perth-Port Hedland,Perth,Port Hedland,All Airlines,Jul-22,170,163,7,91,98,72,65,2022,7
Perth-Sydney,Perth,Sydney,All Airlines,Jul-22,360,342,18,120,184,222,158,2022,7
Port Hedland-Perth,Port Hedland,Perth,All Airlines,Jul-22,169,163,6,65,70,98,93,2022,7
Port Lincoln-Adelaide,Port Lincoln,Adelaide,All Airlines,Jul-22,313,301,12,241,239,60,62,2022,7
Port Macquarie-Sydney,Port Macquarie,Sydney,All Airlines,Jul-22,213,209,4,130,112,79,97,2022,7
Proserpine-Brisbane,Proserpine,Brisbane,All Airlines,Jul-22,101,92,9,36,42,56,50,2022,7
Rockhampton-Brisbane,Rockhampton,Brisbane,All Airlines,Jul-22,263,253,10,139,134,114,119,2022,7
Sunshine Coast-Melbourne,Sunshine Coast,Melbourne,All Airlines,Jul-22,222,202,20,89,77,113,125,2022,7
Sunshine Coast-Sydney,Sunshine Coast,Sydney,All Airlines,Jul-22,227,206,21,86,70,120,136,2022,7
Sydney-Adelaide,Sydney,Adelaide,All Airlines,Jul-22,452,413,39,184,176,229,237,2022,7
Sydney-Albury,Sydney,Albury,All Airlines,Jul-22,225,216,9,125,140,91,76,2022,7
Sydney-Armidale,Sydney,Armidale,All Airlines,Jul-22,173,154,19,79,89,75,65,2022,7
Sydney-Ballina,Sydney,Ballina,All Airlines,Jul-22,213,198,15,116,103,82,95,2022,7
Sydney-Brisbane,Sydney,Brisbane,All Airlines,Jul-22,1309,1174,135,582,554,592,620,2022,7
Sydney-Cairns,Sydney,Cairns,All Airlines,Jul-22,253,251,2,112,126,139,125,2022,7
Sydney-Canberra,Sydney,Canberra,All Airlines,Jul-22,729,661,68,353,411,308,250,2022,7
Sydney-Coffs Harbour,Sydney,Coffs Harbour,All Airlines,Jul-22,243,229,14,115,135,114,94,2022,7
Sydney-Darwin,Sydney,Darwin,All Airlines,Jul-22,110,107,3,47,70,60,37,2022,7
Sydney-Dubbo,Sydney,Dubbo,All Airlines,Jul-22,239,228,11,127,138,101,90,2022,7
Sydney-Gold Coast,Sydney,Gold Coast,All Airlines,Jul-22,748,690,58,351,347,339,343,2022,7
Sydney-Hamilton Island,Sydney,Hamilton Island,All Airlines,Jul-22,87,83,4,46,52,37,31,2022,7
Sydney-Hobart,Sydney,Hobart,All Airlines,Jul-22,244,222,22,108,130,114,92,2022,7
Sydney-Launceston,Sydney,Launceston,All Airlines,Jul-22,90,83,7,50,56,33,27,2022,7
Sydney-Melbourne,Sydney,Melbourne,All Airlines,Jul-22,2110,1817,293,772,888,1045,929,2022,7
Sydney-Perth,Sydney,Perth,All Airlines,Jul-22,355,341,14,123,89,218,252,2022,7
Sydney-Port Macquarie,Sydney,Port Macquarie,All Airlines,Jul-22,213,209,4,104,120,105,89,2022,7
Sydney-Sunshine Coast,Sydney,Sunshine Coast,All Airlines,Jul-22,227,207,20,115,114,92,93,2022,7
Sydney-Wagga Wagga,Sydney,Wagga Wagga,All Airlines,Jul-22,212,209,3,103,107,106,102,2022,7
Townsville-Brisbane,Townsville,Brisbane,All Airlines,Jul-22,299,288,11,131,137,157,151,2022,7
Townsville-Cairns,Townsville,Cairns,All Airlines,Jul-22,161,157,4,109,110,48,47,2022,7
Wagga Wagga-Sydney,Wagga Wagga,Sydney,All Airlines,Jul-22,210,206,4,127,113,79,93,2022,7
Adelaide-Alice Springs,Adelaide,Alice Springs,All Airlines,Aug-22,58,58,0,44,41,14,17,2022,8
Adelaide-Brisbane,Adelaide,Brisbane,All Airlines,Aug-22,229,226,3,154,171,72,55,2022,8
Adelaide-Canberra,Adelaide,Canberra,All Airlines,Aug-22,88,87,1,67,68,20,19,2022,8
Adelaide-Gold Coast,Adelaide,Gold Coast,All Airlines,Aug-22,53,53,0,45,45,8,8,2022,8
Adelaide-Melbourne,Adelaide,Melbourne,All Airlines,Aug-22,641,623,18,410,438,213,185,2022,8
Adelaide-Perth,Adelaide,Perth,All Airlines,Aug-22,178,169,9,93,93,76,76,2022,8
Adelaide-Port Lincoln,Adelaide,Port Lincoln,All Airlines,Aug-22,321,314,7,252,230,62,84,2022,8
Adelaide-Sydney,Adelaide,Sydney,All Airlines,Aug-22,422,413,9,261,264,152,149,2022,8
Albury-Sydney,Albury,Sydney,All Airlines,Aug-22,241,235,6,190,185,45,50,2022,8
Alice Springs-Adelaide,Alice Springs,Adelaide,All Airlines,Aug-22,58,58,0,33,36,25,22,2022,8
Armidale-Sydney,Armidale,Sydney,All Airlines,Aug-22,183,176,7,153,132,23,44,2022,8
Ballina-Sydney,Ballina,Sydney,All Airlines,Aug-22,202,198,4,122,104,76,94,2022,8
Brisbane-Adelaide,Brisbane,Adelaide,All Airlines,Aug-22,229,226,3,160,165,66,61,2022,8
Brisbane-Cairns,Brisbane,Cairns,All Airlines,Aug-22,318,318,0,210,218,108,100,2022,8
Brisbane-Canberra,Brisbane,Canberra,All Airlines,Aug-22,280,273,7,174,179,99,94,2022,8
Brisbane-Darwin,Brisbane,Darwin,All Airlines,Aug-22,88,87,1,64,71,23,16,2022,8
Brisbane-Emerald,Brisbane,Emerald,All Airlines,Aug-22,148,148,0,126,123,22,25,2022,8
Brisbane-Gladstone,Brisbane,Gladstone,All Airlines,Aug-22,164,162,2,130,117,32,45,2022,8
Brisbane-Hamilton Island,Brisbane,Hamilton Island,All Airlines,Aug-22,62,59,3,53,54,6,5,2022,8
Brisbane-Hobart,Brisbane,Hobart,All Airlines,Aug-22,71,70,1,51,59,19,11,2022,8
Brisbane-Launceston,Brisbane,Launceston,All Airlines,Aug-22,40,40,0,24,25,16,15,2022,8
Brisbane-Mackay,Brisbane,Mackay,All Airlines,Aug-22,263,261,2,180,180,81,81,2022,8
Brisbane-Melbourne,Brisbane,Melbourne,All Airlines,Aug-22,822,803,19,479,487,324,316,2022,8
Brisbane-Mount Isa,Brisbane,Mount Isa,All Airlines,Aug-22,69,69,0,50,47,19,22,2022,8
Brisbane-Newcastle,Brisbane,Newcastle,All Airlines,Aug-22,250,244,6,175,162,69,82,2022,8
Brisbane-Perth,Brisbane,Perth,All Airlines,Aug-22,265,256,9,179,138,77,118,2022,8
Brisbane-Proserpine,Brisbane,Proserpine,All Airlines,Aug-22,85,85,0,65,56,20,29,2022,8
Brisbane-Rockhampton,Brisbane,Rockhampton,All Airlines,Aug-22,247,245,2,166,145,79,100,2022,8
Brisbane-Sydney,Brisbane,Sydney,All Airlines,Aug-22,1196,1147,49,874,829,273,318,2022,8
Brisbane-Townsville,Brisbane,Townsville,All Airlines,Aug-22,298,296,2,197,205,99,91,2022,8
Broome-Perth,Broome,Perth,All Airlines,Aug-22,169,156,13,63,69,93,87,2022,8
Cairns-Brisbane,Cairns,Brisbane,All Airlines,Aug-22,317,317,0,229,219,88,98,2022,8
Cairns-Gold Coast,Cairns,Gold Coast,All Airlines,Aug-22,46,46,0,25,28,21,18,2022,8
Cairns-Melbourne,Cairns,Melbourne,All Airlines,Aug-22,246,244,2,132,133,112,111,2022,8
Cairns-Sydney,Cairns,Sydney,All Airlines,Aug-22,236,233,3,128,127,105,106,2022,8
Cairns-Townsville,Cairns,Townsville,All Airlines,Aug-22,159,157,2,136,139,21,18,2022,8
Canberra-Adelaide,Canberra,Adelaide,All Airlines,Aug-22,87,86,1,63,58,23,28,2022,8
Canberra-Brisbane,Canberra,Brisbane,All Airlines,Aug-22,278,270,8,158,173,112,97,2022,8
Canberra-Gold Coast,Canberra,Gold Coast,All Airlines,Aug-22,42,42,0,25,26,17,16,2022,8
Canberra-Melbourne,Canberra,Melbourne,All Airlines,Aug-22,420,404,16,286,281,118,123,2022,8
Canberra-Sydney,Canberra,Sydney,All Airlines,Aug-22,711,659,52,522,507,137,152,2022,8
Coffs Harbour-Sydney,Coffs Harbour,Sydney,All Airlines,Aug-22,251,250,1,195,178,55,72,2022,8
Darwin-Brisbane,Darwin,Brisbane,All Airlines,Aug-22,88,87,1,32,27,55,60,2022,8
Darwin-Melbourne,Darwin,Melbourne,All Airlines,Aug-22,85,85,0,27,33,58,52,2022,8
Darwin-Perth,Darwin,Perth,All Airlines,Aug-22,65,63,2,34,37,29,26,2022,8
Darwin-Sydney,Darwin,Sydney,All Airlines,Aug-22,109,107,2,26,36,81,71,2022,8
Dubbo-Sydney,Dubbo,Sydney,All Airlines,Aug-22,251,245,6,199,198,46,47,2022,8
Emerald-Brisbane,Emerald,Brisbane,All Airlines,Aug-22,148,148,0,118,119,30,29,2022,8
Gladstone-Brisbane,Gladstone,Brisbane,All Airlines,Aug-22,164,162,2,120,111,42,51,2022,8
Gold Coast-Adelaide,Gold Coast,Adelaide,All Airlines,Aug-22,53,53,0,36,31,17,22,2022,8
Gold Coast-Cairns,Gold Coast,Cairns,All Airlines,Aug-22,46,46,0,38,37,8,9,2022,8
Gold Coast-Canberra,Gold Coast,Canberra,All Airlines,Aug-22,42,42,0,22,21,20,21,2022,8
Gold Coast-Melbourne,Gold Coast,Melbourne,All Airlines,Aug-22,523,507,16,321,348,186,159,2022,8
Gold Coast-Sydney,Gold Coast,Sydney,All Airlines,Aug-22,689,662,27,458,440,204,222,2022,8
Hamilton Island-Brisbane,Hamilton Island,Brisbane,All Airlines,Aug-22,59,58,1,41,45,17,13,2022,8
Hamilton Island-Sydney,Hamilton Island,Sydney,All Airlines,Aug-22,84,79,5,53,46,26,33,2022,8
Hobart-Brisbane,Hobart,Brisbane,All Airlines,Aug-22,71,70,1,45,48,25,22,2022,8
Hobart-Melbourne,Hobart,Melbourne,All Airlines,Aug-22,333,325,8,206,195,119,130,2022,8
Hobart-Sydney,Hobart,Sydney,All Airlines,Aug-22,190,186,4,120,103,66,83,2022,8
Kalgoorlie-Perth,Kalgoorlie,Perth,All Airlines,Aug-22,155,148,7,73,81,75,67,2022,8
Karratha-Perth,Karratha,Perth,All Airlines,Aug-22,204,192,12,105,119,87,73,2022,8
Launceston-Brisbane,Launceston,Brisbane,All Airlines,Aug-22,40,39,1,19,19,20,20,2022,8
Launceston-Melbourne,Launceston,Melbourne,All Airlines,Aug-22,183,182,1,96,91,86,91,2022,8
Launceston-Sydney,Launceston,Sydney,All Airlines,Aug-22,73,73,0,55,52,18,21,2022,8
Mackay-Brisbane,Mackay,Brisbane,All Airlines,Aug-22,267,264,3,180,189,84,75,2022,8
Melbourne-Adelaide,Melbourne,Adelaide,All Airlines,Aug-22,641,625,16,413,412,212,213,2022,8
Melbourne-Brisbane,Melbourne,Brisbane,All Airlines,Aug-22,819,798,21,532,574,266,224,2022,8
Melbourne-Cairns,Melbourne,Cairns,All Airlines,Aug-22,246,244,2,131,146,113,98,2022,8
Melbourne-Canberra,Melbourne,Canberra,All Airlines,Aug-22,420,407,13,303,304,104,103,2022,8
Melbourne-Darwin,Melbourne,Darwin,All Airlines,Aug-22,84,84,0,36,47,48,37,2022,8
Melbourne-Gold Coast,Melbourne,Gold Coast,All Airlines,Aug-22,526,511,15,348,371,163,140,2022,8
Melbourne-Hobart,Melbourne,Hobart,All Airlines,Aug-22,333,326,7,217,221,109,105,2022,8
Melbourne-Launceston,Melbourne,Launceston,All Airlines,Aug-22,183,183,0,94,79,89,104,2022,8
Melbourne-Mildura,Melbourne,Mildura,All Airlines,Aug-22,227,226,1,169,155,57,71,2022,8
Melbourne-Newcastle,Melbourne,Newcastle,All Airlines,Aug-22,105,105,0,67,65,38,40,2022,8
Melbourne-Perth,Melbourne,Perth,All Airlines,Aug-22,386,371,15,224,227,147,144,2022,8
Melbourne-Sunshine Coast,Melbourne,Sunshine Coast,All Airlines,Aug-22,170,167,3,100,109,67,58,2022,8
Melbourne-Sydney,Melbourne,Sydney,All Airlines,Aug-22,2079,1845,234,1283,1262,562,583,2022,8
Mildura-Melbourne,Mildura,Melbourne,All Airlines,Aug-22,227,227,0,174,163,53,64,2022,8
Mount Isa-Brisbane,Mount Isa,Brisbane,All Airlines,Aug-22,69,68,1,40,47,28,21,2022,8
Newcastle-Brisbane,Newcastle,Brisbane,All Airlines,Aug-22,249,243,6,182,184,61,59,2022,8
Newcastle-Melbourne,Newcastle,Melbourne,All Airlines,Aug-22,106,106,0,59,55,47,51,2022,8
Newman-Perth,Newman,Perth,All Airlines,Aug-22,183,167,16,102,93,65,74,2022,8
Perth-Adelaide,Perth,Adelaide,All Airlines,Aug-22,178,169,9,90,92,79,77,2022,8
Perth-Brisbane,Perth,Brisbane,All Airlines,Aug-22,265,259,6,139,179,120,80,2022,8
Perth-Broome,Perth,Broome,All Airlines,Aug-22,168,157,11,94,111,63,46,2022,8
Perth-Darwin,Perth,Darwin,All Airlines,Aug-22,65,63,2,39,42,24,21,2022,8
Perth-Kalgoorlie,Perth,Kalgoorlie,All Airlines,Aug-22,155,149,6,95,88,54,61,2022,8
Perth-Karratha,Perth,Karratha,All Airlines,Aug-22,206,196,10,126,121,70,75,2022,8
Perth-Melbourne,Perth,Melbourne,All Airlines,Aug-22,382,367,15,204,229,163,138,2022,8
Perth-Newman,Perth,Newman,All Airlines,Aug-22,184,170,14,117,117,53,53,2022,8
Perth-Port Hedland,Perth,Port Hedland,All Airlines,Aug-22,189,178,11,116,111,62,67,2022,8
Perth-Sydney,Perth,Sydney,All Airlines,Aug-22,364,350,14,180,236,170,114,2022,8
Port Hedland-Perth,Port Hedland,Perth,All Airlines,Aug-22,191,181,10,92,96,89,85,2022,8
Port Lincoln-Adelaide,Port Lincoln,Adelaide,All Airlines,Aug-22,323,314,9,235,234,79,80,2022,8
Port Macquarie-Sydney,Port Macquarie,Sydney,All Airlines,Aug-22,212,208,4,189,163,19,45,2022,8
Proserpine-Brisbane,Proserpine,Brisbane,All Airlines,Aug-22,86,86,0,42,52,44,34,2022,8
Rockhampton-Brisbane,Rockhampton,Brisbane,All Airlines,Aug-22,249,245,4,152,144,93,101,2022,8
Sunshine Coast-Melbourne,Sunshine Coast,Melbourne,All Airlines,Aug-22,171,168,3,74,65,94,103,2022,8
Sunshine Coast-Sydney,Sunshine Coast,Sydney,All Airlines,Aug-22,211,209,2,137,108,72,101,2022,8
Sydney-Adelaide,Sydney,Adelaide,All Airlines,Aug-22,422,413,9,258,226,155,187,2022,8
Sydney-Albury,Sydney,Albury,All Airlines,Aug-22,239,234,5,193,195,41,39,2022,8
Sydney-Armidale,Sydney,Armidale,All Airlines,Aug-22,185,178,7,125,144,53,34,2022,8
Sydney-Ballina,Sydney,Ballina,All Airlines,Aug-22,202,198,4,131,123,67,75,2022,8
Sydney-Brisbane,Sydney,Brisbane,All Airlines,Aug-22,1197,1148,49,771,768,377,380,2022,8
Sydney-Cairns,Sydney,Cairns,All Airlines,Aug-22,236,233,3,145,158,88,75,2022,8
Sydney-Canberra,Sydney,Canberra,All Airlines,Aug-22,711,659,52,484,504,175,155,2022,8
Sydney-Coffs Harbour,Sydney,Coffs Harbour,All Airlines,Aug-22,250,250,0,181,191,69,59,2022,8
Sydney-Darwin,Sydney,Darwin,All Airlines,Aug-22,107,106,1,53,52,53,54,2022,8
Sydney-Dubbo,Sydney,Dubbo,All Airlines,Aug-22,254,250,4,193,190,57,60,2022,8
Sydney-Gold Coast,Sydney,Gold Coast,All Airlines,Aug-22,690,663,27,451,449,212,214,2022,8
Sydney-Hamilton Island,Sydney,Hamilton Island,All Airlines,Aug-22,81,81,0,55,58,26,23,2022,8
Sydney-Hobart,Sydney,Hobart,All Airlines,Aug-22,189,185,4,109,122,76,63,2022,8
Sydney-Launceston,Sydney,Launceston,All Airlines,Aug-22,73,73,0,55,57,18,16,2022,8
Sydney-Melbourne,Sydney,Melbourne,All Airlines,Aug-22,2075,1846,229,1154,1187,692,659,2022,8
Sydney-Perth,Sydney,Perth,All Airlines,Aug-22,362,352,10,207,177,145,175,2022,8
Sydney-Port Macquarie,Sydney,Port Macquarie,All Airlines,Aug-22,212,207,5,160,174,47,33,2022,8
Sydney-Sunshine Coast,Sydney,Sunshine Coast,All Airlines,Aug-22,209,208,1,161,155,47,53,2022,8
Sydney-Wagga Wagga,Sydney,Wagga Wagga,All Airlines,Aug-22,223,222,1,156,162,66,60,2022,8
Townsville-Brisbane,Townsville,Brisbane,All Airlines,Aug-22,298,294,4,197,189,97,105,2022,8
Townsville-Cairns,Townsville,Cairns,All Airlines,Aug-22,159,157,2,133,136,24,21,2022,8
Wagga Wagga-Sydney,Wagga Wagga,Sydney,All Airlines,Aug-22,222,221,1,167,158,54,63,2022,8
Adelaide-Alice Springs,Adelaide,Alice Springs,All Airlines,Sep-22,56,55,1,46,44,9,11,2022,9
Adelaide-Brisbane,Adelaide,Brisbane,All Airlines,Sep-22,223,218,5,164,174,54,44,2022,9
Adelaide-Canberra,Adelaide,Canberra,All Airlines,Sep-22,87,86,1,67,63,19,23,2022,9
Adelaide-Gold Coast,Adelaide,Gold Coast,All Airlines,Sep-22,54,53,1,38,38,15,15,2022,9
Adelaide-Melbourne,Adelaide,Melbourne,All Airlines,Sep-22,638,621,17,453,471,168,150,2022,9
Adelaide-Perth,Adelaide,Perth,All Airlines,Sep-22,180,174,6,111,120,63,54,2022,9
Adelaide-Port Lincoln,Adelaide,Port Lincoln,All Airlines,Sep-22,304,284,20,215,211,69,73,2022,9
Adelaide-Sydney,Adelaide,Sydney,All Airlines,Sep-22,408,389,19,234,219,155,170,2022,9
Albury-Sydney,Albury,Sydney,All Airlines,Sep-22,215,211,4,148,144,63,67,2022,9
Alice Springs-Adelaide,Alice Springs,Adelaide,All Airlines,Sep-22,56,55,1,35,33,20,22,2022,9
Armidale-Sydney,Armidale,Sydney,All Airlines,Sep-22,169,162,7,121,109,41,53,2022,9
Ballina-Sydney,Ballina,Sydney,All Airlines,Sep-22,181,175,6,87,78,88,97,2022,9
Brisbane-Adelaide,Brisbane,Adelaide,All Airlines,Sep-22,223,219,4,157,173,62,46,2022,9
Brisbane-Cairns,Brisbane,Cairns,All Airlines,Sep-22,354,349,5,232,240,117,109,2022,9
Brisbane-Canberra,Brisbane,Canberra,All Airlines,Sep-22,264,263,1,168,187,95,76,2022,9
Brisbane-Darwin,Brisbane,Darwin,All Airlines,Sep-22,99,99,0,70,78,29,21,2022,9
Brisbane-Emerald,Brisbane,Emerald,All Airlines,Sep-22,144,144,0,124,121,20,23,2022,9
Brisbane-Gladstone,Brisbane,Gladstone,All Airlines,Sep-22,153,152,1,118,117,34,35,2022,9
Brisbane-Hamilton Island,Brisbane,Hamilton Island,All Airlines,Sep-22,58,58,0,49,52,9,6,2022,9
Brisbane-Hobart,Brisbane,Hobart,All Airlines,Sep-22,80,79,1,48,51,31,28,2022,9
Brisbane-Launceston,Brisbane,Launceston,All Airlines,Sep-22,46,46,0,31,35,15,11,2022,9
Brisbane-Mackay,Brisbane,Mackay,All Airlines,Sep-22,258,254,4,167,165,87,89,2022,9
Brisbane-Melbourne,Brisbane,Melbourne,All Airlines,Sep-22,838,801,37,482,515,319,286,2022,9
Brisbane-Mount Isa,Brisbane,Mount Isa,All Airlines,Sep-22,65,65,0,52,45,13,20,2022,9
Brisbane-Newcastle,Brisbane,Newcastle,All Airlines,Sep-22,249,244,5,180,176,64,68,2022,9
Brisbane-Perth,Brisbane,Perth,All Airlines,Sep-22,271,265,6,183,176,82,89,2022,9
Brisbane-Proserpine,Brisbane,Proserpine,All Airlines,Sep-22,95,94,1,71,62,23,32,2022,9
Brisbane-Rockhampton,Brisbane,Rockhampton,All Airlines,Sep-22,221,219,2,145,125,74,94,2022,9
Brisbane-Sydney,Brisbane,Sydney,All Airlines,Sep-22,1157,1096,61,770,746,326,350,2022,9
Brisbane-Townsville,Brisbane,Townsville,All Airlines,Sep-22,295,290,5,179,184,111,106,2022,9
Broome-Perth,Broome,Perth,All Airlines,Sep-22,164,162,2,90,106,72,56,2022,9
Cairns-Brisbane,Cairns,Brisbane,All Airlines,Sep-22,352,346,6,243,242,103,104,2022,9
Cairns-Gold Coast,Cairns,Gold Coast,All Airlines,Sep-22,53,52,1,30,29,22,23,2022,9
Cairns-Melbourne,Cairns,Melbourne,All Airlines,Sep-22,246,243,3,160,154,83,89,2022,9
Cairns-Sydney,Cairns,Sydney,All Airlines,Sep-22,231,218,13,143,132,75,86,2022,9
Cairns-Townsville,Cairns,Townsville,All Airlines,Sep-22,152,149,3,130,131,19,18,2022,9
Canberra-Adelaide,Canberra,Adelaide,All Airlines,Sep-22,87,86,1,53,53,33,33,2022,9
Canberra-Brisbane,Canberra,Brisbane,All Airlines,Sep-22,263,258,5,155,174,103,84,2022,9
Canberra-Gold Coast,Canberra,Gold Coast,All Airlines,Sep-22,48,47,1,23,24,24,23,2022,9
Canberra-Melbourne,Canberra,Melbourne,All Airlines,Sep-22,376,371,5,241,258,130,113,2022,9
Canberra-Sydney,Canberra,Sydney,All Airlines,Sep-22,616,594,22,464,452,130,142,2022,9
Coffs Harbour-Sydney,Coffs Harbour,Sydney,All Airlines,Sep-22,236,232,4,164,154,68,78,2022,9
Darwin-Brisbane,Darwin,Brisbane,All Airlines,Sep-22,100,100,0,54,48,46,52,2022,9
Darwin-Melbourne,Darwin,Melbourne,All Airlines,Sep-22,84,80,4,37,36,43,44,2022,9
Darwin-Perth,Darwin,Perth,All Airlines,Sep-22,60,60,0,29,33,31,27,2022,9
Darwin-Sydney,Darwin,Sydney,All Airlines,Sep-22,105,103,2,49,49,54,54,2022,9
Dubbo-Sydney,Dubbo,Sydney,All Airlines,Sep-22,233,230,3,173,174,57,56,2022,9
Emerald-Brisbane,Emerald,Brisbane,All Airlines,Sep-22,144,142,2,115,116,27,26,2022,9
Gladstone-Brisbane,Gladstone,Brisbane,All Airlines,Sep-22,154,152,2,115,97,37,55,2022,9
Gold Coast-Adelaide,Gold Coast,Adelaide,All Airlines,Sep-22,54,52,2,31,32,21,20,2022,9
Gold Coast-Cairns,Gold Coast,Cairns,All Airlines,Sep-22,52,51,1,37,34,14,17,2022,9
Gold Coast-Canberra,Gold Coast,Canberra,All Airlines,Sep-22,48,47,1,17,17,30,30,2022,9
Gold Coast-Melbourne,Gold Coast,Melbourne,All Airlines,Sep-22,603,569,34,348,380,221,189,2022,9
Gold Coast-Sydney,Gold Coast,Sydney,All Airlines,Sep-22,645,602,43,361,368,241,234,2022,9
Hamilton Island-Brisbane,Hamilton Island,Brisbane,All Airlines,Sep-22,59,58,1,39,41,19,17,2022,9
Hamilton Island-Sydney,Hamilton Island,Sydney,All Airlines,Sep-22,82,78,4,52,47,26,31,2022,9
Hobart-Brisbane,Hobart,Brisbane,All Airlines,Sep-22,80,79,1,32,36,47,43,2022,9
Hobart-Melbourne,Hobart,Melbourne,All Airlines,Sep-22,318,312,6,190,185,122,127,2022,9
Hobart-Sydney,Hobart,Sydney,All Airlines,Sep-22,217,204,13,144,124,60,80,2022,9
Kalgoorlie-Perth,Kalgoorlie,Perth,All Airlines,Sep-22,135,133,2,75,84,58,49,2022,9
Karratha-Perth,Karratha,Perth,All Airlines,Sep-22,197,193,4,93,113,100,80,2022,9
Launceston-Brisbane,Launceston,Brisbane,All Airlines,Sep-22,46,46,0,31,32,15,14,2022,9
Launceston-Melbourne,Launceston,Melbourne,All Airlines,Sep-22,229,223,6,158,154,65,69,2022,9
Launceston-Sydney,Launceston,Sydney,All Airlines,Sep-22,78,74,4,44,46,30,28,2022,9
Mackay-Brisbane,Mackay,Brisbane,All Airlines,Sep-22,264,258,6,156,156,102,102,2022,9
Melbourne-Adelaide,Melbourne,Adelaide,All Airlines,Sep-22,638,625,13,440,450,185,175,2022,9
Melbourne-Brisbane,Melbourne,Brisbane,All Airlines,Sep-22,836,803,33,529,574,274,229,2022,9
Melbourne-Cairns,Melbourne,Cairns,All Airlines,Sep-22,245,243,2,165,182,78,61,2022,9
Melbourne-Canberra,Melbourne,Canberra,All Airlines,Sep-22,377,373,4,280,277,93,96,2022,9
Melbourne-Darwin,Melbourne,Darwin,All Airlines,Sep-22,81,80,1,44,48,36,32,2022,9
Melbourne-Gold Coast,Melbourne,Gold Coast,All Airlines,Sep-22,604,572,32,394,398,178,174,2022,9
Melbourne-Hobart,Melbourne,Hobart,All Airlines,Sep-22,318,313,5,191,198,122,115,2022,9
Melbourne-Launceston,Melbourne,Launceston,All Airlines,Sep-22,229,224,5,151,143,73,81,2022,9
Melbourne-Mildura,Melbourne,Mildura,All Airlines,Sep-22,221,216,5,140,130,76,86,2022,9
Melbourne-Newcastle,Melbourne,Newcastle,All Airlines,Sep-22,121,120,1,81,73,39,47,2022,9
Melbourne-Perth,Melbourne,Perth,All Airlines,Sep-22,399,390,9,229,269,161,121,2022,9
Melbourne-Sunshine Coast,Melbourne,Sunshine Coast,All Airlines,Sep-22,214,213,1,141,143,72,70,2022,9
Melbourne-Sydney,Melbourne,Sydney,All Airlines,Sep-22,1992,1840,152,1294,1260,546,580,2022,9
Mildura-Melbourne,Mildura,Melbourne,All Airlines,Sep-22,220,216,4,146,139,70,77,2022,9
Mount Isa-Brisbane,Mount Isa,Brisbane,All Airlines,Sep-22,64,63,1,39,42,24,21,2022,9
Newcastle-Brisbane,Newcastle,Brisbane,All Airlines,Sep-22,252,248,4,186,183,62,65,2022,9
Newcastle-Melbourne,Newcastle,Melbourne,All Airlines,Sep-22,122,121,1,64,69,57,52,2022,9
Newman-Perth,Newman,Perth,All Airlines,Sep-22,166,163,3,116,112,47,51,2022,9
Perth-Adelaide,Perth,Adelaide,All Airlines,Sep-22,182,175,7,97,99,78,76,2022,9
Perth-Brisbane,Perth,Brisbane,All Airlines,Sep-22,268,266,2,160,198,106,68,2022,9
Perth-Broome,Perth,Broome,All Airlines,Sep-22,165,164,1,112,126,52,38,2022,9
Perth-Darwin,Perth,Darwin,All Airlines,Sep-22,60,60,0,38,38,22,22,2022,9
Perth-Kalgoorlie,Perth,Kalgoorlie,All Airlines,Sep-22,133,131,2,103,102,28,29,2022,9
Perth-Karratha,Perth,Karratha,All Airlines,Sep-22,194,191,3,137,121,54,70,2022,9
Perth-Melbourne,Perth,Melbourne,All Airlines,Sep-22,407,395,12,243,253,152,142,2022,9
Perth-Newman,Perth,Newman,All Airlines,Sep-22,163,161,2,132,130,29,31,2022,9
Perth-Port Hedland,Perth,Port Hedland,All Airlines,Sep-22,174,171,3,138,136,33,35,2022,9
Perth-Sydney,Perth,Sydney,All Airlines,Sep-22,339,323,16,165,219,158,104,2022,9
Port Hedland-Perth,Port Hedland,Perth,All Airlines,Sep-22,177,173,4,128,130,45,43,2022,9
Port Lincoln-Adelaide,Port Lincoln,Adelaide,All Airlines,Sep-22,303,284,19,222,218,62,66,2022,9
Port Macquarie-Sydney,Port Macquarie,Sydney,All Airlines,Sep-22,201,194,7,149,120,45,74,2022,9
Proserpine-Brisbane,Proserpine,Brisbane,All Airlines,Sep-22,97,95,2,53,54,42,41,2022,9
Rockhampton-Brisbane,Rockhampton,Brisbane,All Airlines,Sep-22,219,217,2,114,106,103,111,2022,9
Sunshine Coast-Melbourne,Sunshine Coast,Melbourne,All Airlines,Sep-22,214,211,3,123,108,88,103,2022,9
Sunshine Coast-Sydney,Sunshine Coast,Sydney,All Airlines,Sep-22,221,214,7,127,103,87,111,2022,9
Sydney-Adelaide,Sydney,Adelaide,All Airlines,Sep-22,409,390,19,237,226,153,164,2022,9
Sydney-Albury,Sydney,Albury,All Airlines,Sep-22,217,214,3,143,154,71,60,2022,9
Sydney-Armidale,Sydney,Armidale,All Airlines,Sep-22,165,160,5,115,125,45,35,2022,9
Sydney-Ballina,Sydney,Ballina,All Airlines,Sep-22,181,176,5,109,87,67,89,2022,9
Sydney-Brisbane,Sydney,Brisbane,All Airlines,Sep-22,1165,1102,63,699,718,403,384,2022,9
Sydney-Cairns,Sydney,Cairns,All Airlines,Sep-22,229,217,12,127,151,90,66,2022,9
Sydney-Canberra,Sydney,Canberra,All Airlines,Sep-22,616,595,21,441,464,154,131,2022,9
Sydney-Coffs Harbour,Sydney,Coffs Harbour,All Airlines,Sep-22,236,232,4,140,159,92,73,2022,9
Sydney-Darwin,Sydney,Darwin,All Airlines,Sep-22,104,102,2,67,67,35,35,2022,9
Sydney-Dubbo,Sydney,Dubbo,All Airlines,Sep-22,238,235,3,153,161,82,74,2022,9
Sydney-Gold Coast,Sydney,Gold Coast,All Airlines,Sep-22,644,603,41,386,377,217,226,2022,9
Sydney-Hamilton Island,Sydney,Hamilton Island,All Airlines,Sep-22,82,79,3,45,61,34,18,2022,9
Sydney-Hobart,Sydney,Hobart,All Airlines,Sep-22,217,203,14,143,151,60,52,2022,9
Sydney-Launceston,Sydney,Launceston,All Airlines,Sep-22,78,74,4,48,55,26,19,2022,9
Sydney-Melbourne,Sydney,Melbourne,All Airlines,Sep-22,1980,1834,146,1131,1190,703,644,2022,9
Sydney-Perth,Sydney,Perth,All Airlines,Sep-22,336,324,12,169,175,155,149,2022,9
Sydney-Port Macquarie,Sydney,Port Macquarie,All Airlines,Sep-22,201,196,5,135,143,61,53,2022,9
Sydney-Sunshine Coast,Sydney,Sunshine Coast,All Airlines,Sep-22,219,214,5,132,136,82,78,2022,9
Sydney-Wagga Wagga,Sydney,Wagga Wagga,All Airlines,Sep-22,206,202,4,146,144,56,58,2022,9
Townsville-Brisbane,Townsville,Brisbane,All Airlines,Sep-22,296,290,6,173,177,117,113,2022,9
Townsville-Cairns,Townsville,Cairns,All Airlines,Sep-22,152,149,3,116,118,33,31,2022,9
Wagga Wagga-Sydney,Wagga Wagga,Sydney,All Airlines,Sep-22,207,202,5,154,157,48,45,2022,9
Adelaide-Alice Springs,Adelaide,Alice Springs,All Airlines,Oct-22,56,56,0,51,44,5,12,2022,10
Adelaide-Brisbane,Adelaide,Brisbane,All Airlines,Oct-22,255,247,8,188,202,59,45,2022,10
Adelaide-Canberra,Adelaide,Canberra,All Airlines,Oct-22,87,87,0,65,63,22,24,2022,10
Adelaide-Gold Coast,Adelaide,Gold Coast,All Airlines,Oct-22,68,68,0,58,55,10,13,2022,10
Adelaide-Melbourne,Adelaide,Melbourne,All Airlines,Oct-22,651,640,11,426,464,214,176,2022,10
Adelaide-Perth,Adelaide,Perth,All Airlines,Oct-22,185,181,4,116,120,65,61,2022,10
Adelaide-Port Lincoln,Adelaide,Port Lincoln,All Airlines,Oct-22,300,291,9,230,223,61,68,2022,10
Adelaide-Sydney,Adelaide,Sydney,All Airlines,Oct-22,453,444,9,252,259,192,185,2022,10
Albury-Sydney,Albury,Sydney,All Airlines,Oct-22,205,203,2,140,138,63,65,2022,10
Alice Springs-Adelaide,Alice Springs,Adelaide,All Airlines,Oct-22,57,57,0,41,42,16,15,2022,10
Armidale-Sydney,Armidale,Sydney,All Airlines,Oct-22,164,154,10,103,107,51,47,2022,10
Ballina-Sydney,Ballina,Sydney,All Airlines,Oct-22,196,193,3,107,105,86,88,2022,10
Brisbane-Adelaide,Brisbane,Adelaide,All Airlines,Oct-22,256,247,9,177,199,70,48,2022,10
Brisbane-Cairns,Brisbane,Cairns,All Airlines,Oct-22,358,354,4,249,281,105,73,2022,10
Brisbane-Canberra,Brisbane,Canberra,All Airlines,Oct-22,265,257,8,173,187,84,70,2022,10
Brisbane-Darwin,Brisbane,Darwin,All Airlines,Oct-22,102,101,1,67,80,34,21,2022,10
Brisbane-Emerald,Brisbane,Emerald,All Airlines,Oct-22,143,143,0,121,116,22,27,2022,10
Brisbane-Gladstone,Brisbane,Gladstone,All Airlines,Oct-22,158,154,4,106,99,48,55,2022,10
Brisbane-Hamilton Island,Brisbane,Hamilton Island,All Airlines,Oct-22,66,64,2,48,53,16,11,2022,10
Brisbane-Hobart,Brisbane,Hobart,All Airlines,Oct-22,89,88,1,62,67,26,21,2022,10
Brisbane-Launceston,Brisbane,Launceston,All Airlines,Oct-22,49,49,0,35,37,14,12,2022,10
Brisbane-Mackay,Brisbane,Mackay,All Airlines,Oct-22,269,267,2,192,207,75,60,2022,10
Brisbane-Melbourne,Brisbane,Melbourne,All Airlines,Oct-22,881,863,18,518,562,345,301,2022,10
Brisbane-Mount Isa,Brisbane,Mount Isa,All Airlines,Oct-22,65,65,0,56,56,9,9,2022,10
Brisbane-Newcastle,Brisbane,Newcastle,All Airlines,Oct-22,269,261,8,191,186,70,75,2022,10
Brisbane-Perth,Brisbane,Perth,All Airlines,Oct-22,275,268,7,175,166,93,102,2022,10
Brisbane-Proserpine,Brisbane,Proserpine,All Airlines,Oct-22,97,97,0,75,78,22,19,2022,10
Brisbane-Rockhampton,Brisbane,Rockhampton,All Airlines,Oct-22,242,240,2,194,173,46,67,2022,10
Brisbane-Sydney,Brisbane,Sydney,All Airlines,Oct-22,1188,1136,52,786,778,350,358,2022,10
Brisbane-Townsville,Brisbane,Townsville,All Airlines,Oct-22,314,309,5,226,243,83,66,2022,10
Broome-Perth,Broome,Perth,All Airlines,Oct-22,148,142,6,92,105,50,37,2022,10
Cairns-Brisbane,Cairns,Brisbane,All Airlines,Oct-22,359,355,4,280,269,75,86,2022,10
Cairns-Gold Coast,Cairns,Gold Coast,All Airlines,Oct-22,35,35,0,23,22,12,13,2022,10
Cairns-Melbourne,Cairns,Melbourne,All Airlines,Oct-22,240,236,4,153,160,83,76,2022,10
Cairns-Sydney,Cairns,Sydney,All Airlines,Oct-22,256,249,7,191,185,58,64,2022,10
Cairns-Townsville,Cairns,Townsville,All Airlines,Oct-22,150,147,3,131,131,16,16,2022,10
Canberra-Adelaide,Canberra,Adelaide,All Airlines,Oct-22,87,86,1,59,55,27,31,2022,10
Canberra-Brisbane,Canberra,Brisbane,All Airlines,Oct-22,265,258,7,188,190,70,68,2022,10
Canberra-Gold Coast,Canberra,Gold Coast,All Airlines,Oct-22,52,52,0,32,29,20,23,2022,10
Canberra-Melbourne,Canberra,Melbourne,All Airlines,Oct-22,390,381,9,282,274,99,107,2022,10
Canberra-Sydney,Canberra,Sydney,All Airlines,Oct-22,614,598,16,469,473,129,125,2022,10
Coffs Harbour-Sydney,Coffs Harbour,Sydney,All Airlines,Oct-22,230,227,3,144,139,83,88,2022,10
Darwin-Brisbane,Darwin,Brisbane,All Airlines,Oct-22,103,102,1,64,57,38,45,2022,10
Darwin-Melbourne,Darwin,Melbourne,All Airlines,Oct-22,85,85,0,43,50,42,35,2022,10
Darwin-Perth,Darwin,Perth,All Airlines,Oct-22,54,54,0,34,37,20,17,2022,10
Darwin-Sydney,Darwin,Sydney,All Airlines,Oct-22,109,107,2,53,55,54,52,2022,10
Dubbo-Sydney,Dubbo,Sydney,All Airlines,Oct-22,226,222,4,162,163,60,59,2022,10
Emerald-Brisbane,Emerald,Brisbane,All Airlines,Oct-22,143,143,0,114,114,29,29,2022,10
Gladstone-Brisbane,Gladstone,Brisbane,All Airlines,Oct-22,157,153,4,116,95,37,58,2022,10
Gold Coast-Adelaide,Gold Coast,Adelaide,All Airlines,Oct-22,68,68,0,47,45,21,23,2022,10
Gold Coast-Cairns,Gold Coast,Cairns,All Airlines,Oct-22,35,34,1,27,26,7,8,2022,10
Gold Coast-Canberra,Gold Coast,Canberra,All Airlines,Oct-22,52,52,0,30,31,22,21,2022,10
Gold Coast-Melbourne,Gold Coast,Melbourne,All Airlines,Oct-22,590,563,27,317,364,246,199,2022,10
Gold Coast-Sydney,Gold Coast,Sydney,All Airlines,Oct-22,700,667,33,413,422,254,245,2022,10
Hamilton Island-Brisbane,Hamilton Island,Brisbane,All Airlines,Oct-22,66,64,2,46,45,18,19,2022,10
Hamilton Island-Sydney,Hamilton Island,Sydney,All Airlines,Oct-22,91,90,1,53,48,37,42,2022,10
Hobart-Brisbane,Hobart,Brisbane,All Airlines,Oct-22,88,87,1,55,53,32,34,2022,10
Hobart-Melbourne,Hobart,Melbourne,All Airlines,Oct-22,350,344,6,214,199,130,145,2022,10
Hobart-Sydney,Hobart,Sydney,All Airlines,Oct-22,218,211,7,141,117,70,94,2022,10
Kalgoorlie-Perth,Kalgoorlie,Perth,All Airlines,Oct-22,130,129,1,82,89,47,40,2022,10
Karratha-Perth,Karratha,Perth,All Airlines,Oct-22,191,189,2,128,152,61,37,2022,10
Launceston-Brisbane,Launceston,Brisbane,All Airlines,Oct-22,49,49,0,29,28,20,21,2022,10
Launceston-Melbourne,Launceston,Melbourne,All Airlines,Oct-22,270,260,10,168,156,92,104,2022,10
Launceston-Sydney,Launceston,Sydney,All Airlines,Oct-22,86,84,2,33,33,51,51,2022,10
Mackay-Brisbane,Mackay,Brisbane,All Airlines,Oct-22,273,272,1,192,191,80,81,2022,10
Melbourne-Adelaide,Melbourne,Adelaide,All Airlines,Oct-22,647,640,7,450,451,190,189,2022,10
Melbourne-Brisbane,Melbourne,Brisbane,All Airlines,Oct-22,881,858,23,569,577,289,281,2022,10
Melbourne-Cairns,Melbourne,Cairns,All Airlines,Oct-22,240,237,3,156,177,81,60,2022,10
Melbourne-Canberra,Melbourne,Canberra,All Airlines,Oct-22,389,382,7,272,272,110,110,2022,10
Melbourne-Darwin,Melbourne,Darwin,All Airlines,Oct-22,85,85,0,55,52,30,33,2022,10
Melbourne-Gold Coast,Melbourne,Gold Coast,All Airlines,Oct-22,585,557,28,360,364,197,193,2022,10
Melbourne-Hobart,Melbourne,Hobart,All Airlines,Oct-22,350,345,5,203,216,142,129,2022,10
Melbourne-Launceston,Melbourne,Launceston,All Airlines,Oct-22,271,262,9,154,150,108,112,2022,10
Melbourne-Mildura,Melbourne,Mildura,All Airlines,Oct-22,220,217,3,136,125,81,92,2022,10
Melbourne-Newcastle,Melbourne,Newcastle,All Airlines,Oct-22,129,127,2,89,79,38,48,2022,10
Melbourne-Perth,Melbourne,Perth,All Airlines,Oct-22,402,391,11,217,253,174,138,2022,10
Melbourne-Sunshine Coast,Melbourne,Sunshine Coast,All Airlines,Oct-22,216,210,6,138,139,72,71,2022,10
Melbourne-Sydney,Melbourne,Sydney,All Airlines,Oct-22,1983,1867,116,1286,1269,581,598,2022,10
Mildura-Melbourne,Mildura,Melbourne,All Airlines,Oct-22,221,217,4,135,131,82,86,2022,10
Mount Isa-Brisbane,Mount Isa,Brisbane,All Airlines,Oct-22,65,64,1,54,53,10,11,2022,10
Newcastle-Brisbane,Newcastle,Brisbane,All Airlines,Oct-22,268,260,8,201,197,59,63,2022,10
Newcastle-Melbourne,Newcastle,Melbourne,All Airlines,Oct-22,129,123,6,68,69,55,54,2022,10
Newman-Perth,Newman,Perth,All Airlines,Oct-22,168,163,5,130,129,33,34,2022,10
Perth-Adelaide,Perth,Adelaide,All Airlines,Oct-22,184,179,5,104,115,75,64,2022,10
Perth-Brisbane,Perth,Brisbane,All Airlines,Oct-22,274,267,7,161,194,106,73,2022,10
Perth-Broome,Perth,Broome,All Airlines,Oct-22,148,142,6,111,124,31,18,2022,10
Perth-Darwin,Perth,Darwin,All Airlines,Oct-22,54,54,0,44,44,10,10,2022,10
Perth-Kalgoorlie,Perth,Kalgoorlie,All Airlines,Oct-22,130,130,0,103,104,27,26,2022,10
Perth-Karratha,Perth,Karratha,All Airlines,Oct-22,191,189,2,150,154,39,35,2022,10
Perth-Melbourne,Perth,Melbourne,All Airlines,Oct-22,402,386,16,239,265,147,121,2022,10
Perth-Newman,Perth,Newman,All Airlines,Oct-22,168,163,5,137,138,26,25,2022,10
Perth-Port Hedland,Perth,Port Hedland,All Airlines,Oct-22,174,171,3,135,134,36,37,2022,10
Perth-Sydney,Perth,Sydney,All Airlines,Oct-22,368,360,8,211,265,149,95,2022,10
Port Hedland-Perth,Port Hedland,Perth,All Airlines,Oct-22,176,173,3,106,126,67,47,2022,10
Port Lincoln-Adelaide,Port Lincoln,Adelaide,All Airlines,Oct-22,300,291,9,223,214,68,77,2022,10
Port Macquarie-Sydney,Port Macquarie,Sydney,All Airlines,Oct-22,199,192,7,141,117,51,75,2022,10
Proserpine-Brisbane,Proserpine,Brisbane,All Airlines,Oct-22,98,98,0,67,69,31,29,2022,10
Rockhampton-Brisbane,Rockhampton,Brisbane,All Airlines,Oct-22,242,237,5,174,152,63,85,2022,10
Sunshine Coast-Melbourne,Sunshine Coast,Melbourne,All Airlines,Oct-22,216,209,7,105,108,104,101,2022,10
Sunshine Coast-Sydney,Sunshine Coast,Sydney,All Airlines,Oct-22,242,232,10,115,98,117,134,2022,10
Sydney-Adelaide,Sydney,Adelaide,All Airlines,Oct-22,454,447,7,296,273,151,174,2022,10
Sydney-Albury,Sydney,Albury,All Airlines,Oct-22,206,204,2,128,133,76,71,2022,10
Sydney-Armidale,Sydney,Armidale,All Airlines,Oct-22,160,157,3,107,112,50,45,2022,10
Sydney-Ballina,Sydney,Ballina,All Airlines,Oct-22,195,192,3,125,115,67,77,2022,10
Sydney-Brisbane,Sydney,Brisbane,All Airlines,Oct-22,1188,1135,53,770,791,365,344,2022,10
Sydney-Cairns,Sydney,Cairns,All Airlines,Oct-22,253,249,4,160,192,89,57,2022,10
Sydney-Canberra,Sydney,Canberra,All Airlines,Oct-22,617,598,19,452,462,146,136,2022,10
Sydney-Coffs Harbour,Sydney,Coffs Harbour,All Airlines,Oct-22,231,230,1,136,152,94,78,2022,10
Sydney-Darwin,Sydney,Darwin,All Airlines,Oct-22,109,109,0,71,70,38,39,2022,10
Sydney-Dubbo,Sydney,Dubbo,All Airlines,Oct-22,232,228,4,149,140,79,88,2022,10
Sydney-Gold Coast,Sydney,Gold Coast,All Airlines,Oct-22,702,670,32,437,423,233,247,2022,10
Sydney-Hamilton Island,Sydney,Hamilton Island,All Airlines,Oct-22,90,90,0,51,61,39,29,2022,10
Sydney-Hobart,Sydney,Hobart,All Airlines,Oct-22,218,213,5,154,161,59,52,2022,10
Sydney-Launceston,Sydney,Launceston,All Airlines,Oct-22,86,85,1,47,54,38,31,2022,10
Sydney-Melbourne,Sydney,Melbourne,All Airlines,Oct-22,1972,1862,110,1165,1201,697,661,2022,10
Sydney-Perth,Sydney,Perth,All Airlines,Oct-22,370,362,8,168,162,194,200,2022,10
Sydney-Port Macquarie,Sydney,Port Macquarie,All Airlines,Oct-22,202,195,7,128,131,67,64,2022,10
Sydney-Sunshine Coast,Sydney,Sunshine Coast,All Airlines,Oct-22,241,232,9,143,143,89,89,2022,10
Sydney-Wagga Wagga,Sydney,Wagga Wagga,All Airlines,Oct-22,195,190,5,132,128,58,62,2022,10
Townsville-Brisbane,Townsville,Brisbane,All Airlines,Oct-22,312,307,5,225,209,82,98,2022,10
Townsville-Cairns,Townsville,Cairns,All Airlines,Oct-22,150,148,2,119,122,29,26,2022,10
Wagga Wagga-Sydney,Wagga Wagga,Sydney,All Airlines,Oct-22,197,192,5,138,130,54,62,2022,10
Adelaide-Alice Springs,Adelaide,Alice Springs,All Airlines,Nov-22,55,55,0,51,44,4,11,2022,11
Adelaide-Brisbane,Adelaide,Brisbane,All Airlines,Nov-22,292,279,13,167,197,112,82,2022,11
Adelaide-Canberra,Adelaide,Canberra,All Airlines,Nov-22,101,98,3,70,70,28,28,2022,11
Adelaide-Gold Coast,Adelaide,Gold Coast,All Airlines,Nov-22,74,70,4,49,50,21,20,2022,11
Adelaide-Melbourne,Adelaide,Melbourne,All Airlines,Nov-22,654,630,24,362,356,268,274,2022,11
Adelaide-Perth,Adelaide,Perth,All Airlines,Nov-22,177,171,6,103,117,68,54,2022,11
Adelaide-Port Lincoln,Adelaide,Port Lincoln,All Airlines,Nov-22,280,261,19,163,164,98,97,2022,11
Adelaide-Sydney,Adelaide,Sydney,All Airlines,Nov-22,452,436,16,252,270,184,166,2022,11
Albury-Sydney,Albury,Sydney,All Airlines,Nov-22,223,216,7,165,165,51,51,2022,11
Alice Springs-Adelaide,Alice Springs,Adelaide,All Airlines,Nov-22,55,55,0,33,36,22,19,2022,11
Armidale-Sydney,Armidale,Sydney,All Airlines,Nov-22,163,157,6,117,110,40,47,2022,11
Ballina-Sydney,Ballina,Sydney,All Airlines,Nov-22,210,208,2,135,128,73,80,2022,11
Brisbane-Adelaide,Brisbane,Adelaide,All Airlines,Nov-22,292,285,7,191,165,94,120,2022,11
Brisbane-Cairns,Brisbane,Cairns,All Airlines,Nov-22,352,349,3,255,256,94,93,2022,11
Brisbane-Canberra,Brisbane,Canberra,All Airlines,Nov-22,274,268,6,210,196,58,72,2022,11
Brisbane-Darwin,Brisbane,Darwin,All Airlines,Nov-22,102,101,1,57,44,44,57,2022,11
Brisbane-Emerald,Brisbane,Emerald,All Airlines,Nov-22,135,135,0,113,114,22,21,2022,11
Brisbane-Gladstone,Brisbane,Gladstone,All Airlines,Nov-22,164,161,3,122,118,39,43,2022,11
Brisbane-Hamilton Island,Brisbane,Hamilton Island,All Airlines,Nov-22,55,54,1,47,44,7,10,2022,11
Brisbane-Hobart,Brisbane,Hobart,All Airlines,Nov-22,91,91,0,63,62,28,29,2022,11
Brisbane-Launceston,Brisbane,Launceston,All Airlines,Nov-22,45,44,1,33,33,11,11,2022,11
Brisbane-Mackay,Brisbane,Mackay,All Airlines,Nov-22,279,273,6,194,189,79,84,2022,11
Brisbane-Melbourne,Brisbane,Melbourne,All Airlines,Nov-22,862,830,32,503,450,327,380,2022,11
Brisbane-Mount Isa,Brisbane,Mount Isa,All Airlines,Nov-22,65,65,0,58,54,7,11,2022,11
Brisbane-Newcastle,Brisbane,Newcastle,All Airlines,Nov-22,276,269,7,214,207,55,62,2022,11
Brisbane-Perth,Brisbane,Perth,All Airlines,Nov-22,288,283,5,162,133,121,150,2022,11
Brisbane-Proserpine,Brisbane,Proserpine,All Airlines,Nov-22,88,88,0,63,58,25,30,2022,11
Brisbane-Rockhampton,Brisbane,Rockhampton,All Airlines,Nov-22,293,290,3,214,192,76,98,2022,11
Brisbane-Sydney,Brisbane,Sydney,All Airlines,Nov-22,1236,1141,95,759,739,382,402,2022,11
Brisbane-Townsville,Brisbane,Townsville,All Airlines,Nov-22,313,301,12,202,180,99,121,2022,11
Broome-Perth,Broome,Perth,All Airlines,Nov-22,126,118,8,74,76,44,42,2022,11
Cairns-Brisbane,Cairns,Brisbane,All Airlines,Nov-22,351,349,2,251,272,98,77,2022,11
Cairns-Melbourne,Cairns,Melbourne,All Airlines,Nov-22,160,156,4,93,89,63,67,2022,11
Cairns-Sydney,Cairns,Sydney,All Airlines,Nov-22,197,192,5,137,140,55,52,2022,11
Cairns-Townsville,Cairns,Townsville,All Airlines,Nov-22,149,146,3,126,128,20,18,2022,11
Canberra-Adelaide,Canberra,Adelaide,All Airlines,Nov-22,100,97,3,65,58,32,39,2022,11
Canberra-Brisbane,Canberra,Brisbane,All Airlines,Nov-22,274,266,8,212,219,54,47,2022,11
Canberra-Gold Coast,Canberra,Gold Coast,All Airlines,Nov-22,47,47,0,32,33,15,14,2022,11
Canberra-Melbourne,Canberra,Melbourne,All Airlines,Nov-22,410,399,11,277,282,122,117,2022,11
Canberra-Sydney,Canberra,Sydney,All Airlines,Nov-22,666,603,63,443,450,160,153,2022,11
Coffs Harbour-Sydney,Coffs Harbour,Sydney,All Airlines,Nov-22,234,230,4,175,160,55,70,2022,11
Darwin-Brisbane,Darwin,Brisbane,All Airlines,Nov-22,103,101,2,54,75,47,26,2022,11
Darwin-Melbourne,Darwin,Melbourne,All Airlines,Nov-22,77,77,0,48,53,29,24,2022,11
Darwin-Perth,Darwin,Perth,All Airlines,Nov-22,50,50,0,31,30,19,20,2022,11
Darwin-Sydney,Darwin,Sydney,All Airlines,Nov-22,90,86,4,39,50,47,36,2022,11
Dubbo-Sydney,Dubbo,Sydney,All Airlines,Nov-22,229,222,7,157,162,65,60,2022,11
Emerald-Brisbane,Emerald,Brisbane,All Airlines,Nov-22,135,135,0,106,114,29,21,2022,11
Gladstone-Brisbane,Gladstone,Brisbane,All Airlines,Nov-22,163,160,3,114,102,46,58,2022,11
Gold Coast-Adelaide,Gold Coast,Adelaide,All Airlines,Nov-22,74,70,4,41,38,29,32,2022,11
Gold Coast-Canberra,Gold Coast,Canberra,All Airlines,Nov-22,47,47,0,27,28,20,19,2022,11
Gold Coast-Melbourne,Gold Coast,Melbourne,All Airlines,Nov-22,587,558,29,361,336,197,222,2022,11
Gold Coast-Sydney,Gold Coast,Sydney,All Airlines,Nov-22,715,660,55,402,375,258,285,2022,11
Hamilton Island-Brisbane,Hamilton Island,Brisbane,All Airlines,Nov-22,54,53,1,35,40,18,13,2022,11
Hamilton Island-Sydney,Hamilton Island,Sydney,All Airlines,Nov-22,81,80,1,27,31,53,49,2022,11
Hobart-Brisbane,Hobart,Brisbane,All Airlines,Nov-22,90,90,0,45,49,45,41,2022,11
Hobart-Melbourne,Hobart,Melbourne,All Airlines,Nov-22,418,386,32,209,205,177,181,2022,11
Hobart-Sydney,Hobart,Sydney,All Airlines,Nov-22,243,230,13,124,119,106,111,2022,11
Kalgoorlie-Perth,Kalgoorlie,Perth,All Airlines,Nov-22,142,138,4,80,88,58,50,2022,11
Karratha-Perth,Karratha,Perth,All Airlines,Nov-22,194,193,1,117,130,76,63,2022,11
Launceston-Brisbane,Launceston,Brisbane,All Airlines,Nov-22,45,44,1,27,31,17,13,2022,11
Launceston-Melbourne,Launceston,Melbourne,All Airlines,Nov-22,308,292,16,191,192,101,100,2022,11
Launceston-Sydney,Launceston,Sydney,All Airlines,Nov-22,90,86,4,48,51,38,35,2022,11
Mackay-Brisbane,Mackay,Brisbane,All Airlines,Nov-22,284,277,7,203,216,74,61,2022,11
Melbourne-Adelaide,Melbourne,Adelaide,All Airlines,Nov-22,655,631,24,379,362,252,269,2022,11
Melbourne-Brisbane,Melbourne,Brisbane,All Airlines,Nov-22,865,836,29,487,523,349,313,2022,11
Melbourne-Cairns,Melbourne,Cairns,All Airlines,Nov-22,160,156,4,88,103,68,53,2022,11
Melbourne-Canberra,Melbourne,Canberra,All Airlines,Nov-22,410,398,12,286,286,112,112,2022,11
Melbourne-Darwin,Melbourne,Darwin,All Airlines,Nov-22,76,76,0,44,38,32,38,2022,11
Melbourne-Gold Coast,Melbourne,Gold Coast,All Airlines,Nov-22,588,559,29,334,367,225,192,2022,11
Melbourne-Hobart,Melbourne,Hobart,All Airlines,Nov-22,419,390,29,235,229,155,161,2022,11
Melbourne-Launceston,Melbourne,Launceston,All Airlines,Nov-22,308,292,16,190,177,102,115,2022,11
Melbourne-Mildura,Melbourne,Mildura,All Airlines,Nov-22,207,202,5,108,108,94,94,2022,11
Melbourne-Newcastle,Melbourne,Newcastle,All Airlines,Nov-22,138,135,3,94,95,41,40,2022,11
Melbourne-Perth,Melbourne,Perth,All Airlines,Nov-22,387,373,14,198,207,175,166,2022,11
Melbourne-Sunshine Coast,Melbourne,Sunshine Coast,All Airlines,Nov-22,193,183,10,129,132,54,51,2022,11
Melbourne-Sydney,Melbourne,Sydney,All Airlines,Nov-22,2090,1842,248,1175,1123,667,719,2022,11
Mildura-Melbourne,Mildura,Melbourne,All Airlines,Nov-22,206,202,4,113,99,89,103,2022,11
Mount Isa-Brisbane,Mount Isa,Brisbane,All Airlines,Nov-22,65,64,1,55,55,9,9,2022,11
Newcastle-Brisbane,Newcastle,Brisbane,All Airlines,Nov-22,277,269,8,227,217,42,52,2022,11
Newcastle-Melbourne,Newcastle,Melbourne,All Airlines,Nov-22,140,137,3,91,87,46,50,2022,11
Newman-Perth,Newman,Perth,All Airlines,Nov-22,169,162,7,110,107,52,55,2022,11
Perth-Adelaide,Perth,Adelaide,All Airlines,Nov-22,172,169,3,118,122,51,47,2022,11
Perth-Brisbane,Perth,Brisbane,All Airlines,Nov-22,285,280,5,172,223,108,57,2022,11
Perth-Broome,Perth,Broome,All Airlines,Nov-22,126,119,7,73,82,46,37,2022,11
Perth-Darwin,Perth,Darwin,All Airlines,Nov-22,50,50,0,35,36,15,14,2022,11
Perth-Kalgoorlie,Perth,Kalgoorlie,All Airlines,Nov-22,141,140,1,110,105,30,35,2022,11
Perth-Karratha,Perth,Karratha,All Airlines,Nov-22,194,193,1,141,136,52,57,2022,11
Perth-Melbourne,Perth,Melbourne,All Airlines,Nov-22,397,384,13,230,260,154,124,2022,11
Perth-Newman,Perth,Newman,All Airlines,Nov-22,169,163,6,132,125,31,38,2022,11
Perth-Port Hedland,Perth,Port Hedland,All Airlines,Nov-22,176,172,4,138,132,34,40,2022,11
Perth-Sydney,Perth,Sydney,All Airlines,Nov-22,371,363,8,198,263,165,100,2022,11
Port Hedland-Perth,Port Hedland,Perth,All Airlines,Nov-22,176,172,4,82,85,90,87,2022,11
Port Lincoln-Adelaide,Port Lincoln,Adelaide,All Airlines,Nov-22,281,261,20,169,166,92,95,2022,11
Port Macquarie-Sydney,Port Macquarie,Sydney,All Airlines,Nov-22,217,205,12,146,139,59,66,2022,11
Proserpine-Brisbane,Proserpine,Brisbane,All Airlines,Nov-22,89,89,0,55,55,34,34,2022,11
Rockhampton-Brisbane,Rockhampton,Brisbane,All Airlines,Nov-22,293,287,6,206,204,81,83,2022,11
Sunshine Coast-Melbourne,Sunshine Coast,Melbourne,All Airlines,Nov-22,193,182,11,112,104,70,78,2022,11
Sunshine Coast-Sydney,Sunshine Coast,Sydney,All Airlines,Nov-22,252,245,7,169,136,76,109,2022,11
Sydney-Adelaide,Sydney,Adelaide,All Airlines,Nov-22,451,434,17,269,250,165,184,2022,11
Sydney-Albury,Sydney,Albury,All Airlines,Nov-22,221,215,6,147,146,68,69,2022,11
Sydney-Armidale,Sydney,Armidale,All Airlines,Nov-22,164,160,4,121,124,39,36,2022,11
Sydney-Ballina,Sydney,Ballina,All Airlines,Nov-22,210,208,2,141,141,67,67,2022,11
Sydney-Brisbane,Sydney,Brisbane,All Airlines,Nov-22,1241,1145,96,729,737,416,408,2022,11
Sydney-Cairns,Sydney,Cairns,All Airlines,Nov-22,197,192,5,146,142,46,50,2022,11
Sydney-Canberra,Sydney,Canberra,All Airlines,Nov-22,666,605,61,444,458,161,147,2022,11
Sydney-Coffs Harbour,Sydney,Coffs Harbour,All Airlines,Nov-22,236,230,6,164,173,66,57,2022,11
Sydney-Darwin,Sydney,Darwin,All Airlines,Nov-22,90,86,4,49,41,37,45,2022,11
Sydney-Dubbo,Sydney,Dubbo,All Airlines,Nov-22,237,231,6,126,141,105,90,2022,11
Sydney-Gold Coast,Sydney,Gold Coast,All Airlines,Nov-22,715,661,54,389,381,272,280,2022,11
Sydney-Hamilton Island,Sydney,Hamilton Island,All Airlines,Nov-22,81,81,0,50,47,31,34,2022,11
Sydney-Hobart,Sydney,Hobart,All Airlines,Nov-22,242,232,10,150,154,82,78,2022,11
Sydney-Launceston,Sydney,Launceston,All Airlines,Nov-22,90,88,2,51,50,37,38,2022,11
Sydney-Melbourne,Sydney,Melbourne,All Airlines,Nov-22,2082,1840,242,1130,1159,710,681,2022,11
Sydney-Perth,Sydney,Perth,All Airlines,Nov-22,376,367,9,181,169,186,198,2022,11
Sydney-Port Macquarie,Sydney,Port Macquarie,All Airlines,Nov-22,213,206,7,134,140,72,66,2022,11
Sydney-Sunshine Coast,Sydney,Sunshine Coast,All Airlines,Nov-22,253,246,7,183,164,63,82,2022,11
Sydney-Wagga Wagga,Sydney,Wagga Wagga,All Airlines,Nov-22,225,220,5,134,137,86,83,2022,11
Townsville-Brisbane,Townsville,Brisbane,All Airlines,Nov-22,314,301,13,204,211,97,90,2022,11
Townsville-Cairns,Townsville,Cairns,All Airlines,Nov-22,149,147,2,122,129,25,18,2022,11
Wagga Wagga-Sydney,Wagga Wagga,Sydney,All Airlines,Nov-22,222,217,5,159,160,58,57,2022,11
Adelaide-Alice Springs,Adelaide,Alice Springs,All Airlines,Dec-22,59,59,0,51,44,8,15,2022,12
Adelaide-Brisbane,Adelaide,Brisbane,All Airlines,Dec-22,310,305,5,204,220,101,85,2022,12
Adelaide-Canberra,Adelaide,Canberra,All Airlines,Dec-22,102,102,0,91,92,11,10,2022,12
Adelaide-Gold Coast,Adelaide,Gold Coast,All Airlines,Dec-22,77,75,2,61,57,14,18,2022,12
Adelaide-Melbourne,Adelaide,Melbourne,All Airlines,Dec-22,671,653,18,439,445,214,208,2022,12
Adelaide-Perth,Adelaide,Perth,All Airlines,Dec-22,199,187,12,117,135,70,52,2022,12
Adelaide-Port Lincoln,Adelaide,Port Lincoln,All Airlines,Dec-22,254,248,6,197,197,51,51,2022,12
Adelaide-Sydney,Adelaide,Sydney,All Airlines,Dec-22,473,450,23,302,326,148,124,2022,12
Albury-Sydney,Albury,Sydney,All Airlines,Dec-22,197,194,3,157,163,37,31,2022,12
Alice Springs-Adelaide,Alice Springs,Adelaide,All Airlines,Dec-22,59,59,0,32,37,27,22,2022,12
Armidale-Sydney,Armidale,Sydney,All Airlines,Dec-22,154,152,2,130,121,22,31,2022,12
Ballina-Sydney,Ballina,Sydney,All Airlines,Dec-22,228,223,5,154,155,69,68,2022,12
Brisbane-Adelaide,Brisbane,Adelaide,All Airlines,Dec-22,308,304,4,218,199,86,105,2022,12
Brisbane-Cairns,Brisbane,Cairns,All Airlines,Dec-22,361,357,4,243,237,114,120,2022,12
Brisbane-Canberra,Brisbane,Canberra,All Airlines,Dec-22,287,284,3,223,226,61,58,2022,12
Brisbane-Darwin,Brisbane,Darwin,All Airlines,Dec-22,107,106,1,75,59,31,47,2022,12
Brisbane-Emerald,Brisbane,Emerald,All Airlines,Dec-22,133,133,0,114,112,19,21,2022,12
Brisbane-Gladstone,Brisbane,Gladstone,All Airlines,Dec-22,171,165,6,134,130,31,35,2022,12
Brisbane-Hamilton Island,Brisbane,Hamilton Island,All Airlines,Dec-22,65,65,0,54,48,11,17,2022,12
Brisbane-Hobart,Brisbane,Hobart,All Airlines,Dec-22,123,119,4,87,86,32,33,2022,12
Brisbane-Launceston,Brisbane,Launceston,All Airlines,Dec-22,61,60,1,43,42,17,18,2022,12
Brisbane-Mackay,Brisbane,Mackay,All Airlines,Dec-22,288,285,3,181,171,104,114,2022,12
Brisbane-Melbourne,Brisbane,Melbourne,All Airlines,Dec-22,906,868,38,554,535,314,333,2022,12
Brisbane-Mount Isa,Brisbane,Mount Isa,All Airlines,Dec-22,64,64,0,55,52,9,12,2022,12
Brisbane-Newcastle,Brisbane,Newcastle,All Airlines,Dec-22,252,247,5,193,186,54,61,2022,12
Brisbane-Perth,Brisbane,Perth,All Airlines,Dec-22,301,293,8,196,186,97,107,2022,12
Brisbane-Proserpine,Brisbane,Proserpine,All Airlines,Dec-22,108,108,0,89,78,19,30,2022,12
Brisbane-Rockhampton,Brisbane,Rockhampton,All Airlines,Dec-22,300,294,6,218,201,76,93,2022,12
Brisbane-Sydney,Brisbane,Sydney,All Airlines,Dec-22,1202,1128,74,810,815,318,313,2022,12
Brisbane-Townsville,Brisbane,Townsville,All Airlines,Dec-22,310,301,9,217,198,84,103,2022,12
Broome-Perth,Broome,Perth,All Airlines,Dec-22,125,121,4,84,85,37,36,2022,12
Cairns-Brisbane,Cairns,Brisbane,All Airlines,Dec-22,359,356,3,250,257,106,99,2022,12
Cairns-Melbourne,Cairns,Melbourne,All Airlines,Dec-22,195,185,10,113,114,72,71,2022,12
Cairns-Sydney,Cairns,Sydney,All Airlines,Dec-22,258,253,5,184,182,69,71,2022,12
Cairns-Townsville,Cairns,Townsville,All Airlines,Dec-22,166,161,5,140,139,21,22,2022,12
Canberra-Adelaide,Canberra,Adelaide,All Airlines,Dec-22,103,103,0,87,74,16,29,2022,12
Canberra-Brisbane,Canberra,Brisbane,All Airlines,Dec-22,287,283,4,218,225,65,58,2022,12
Canberra-Gold Coast,Canberra,Gold Coast,All Airlines,Dec-22,54,51,3,33,36,18,15,2022,12
Canberra-Melbourne,Canberra,Melbourne,All Airlines,Dec-22,360,351,9,245,241,106,110,2022,12
Canberra-Sydney,Canberra,Sydney,All Airlines,Dec-22,634,591,43,458,458,133,133,2022,12
Coffs Harbour-Sydney,Coffs Harbour,Sydney,All Airlines,Dec-22,232,230,2,187,180,43,50,2022,12
Darwin-Brisbane,Darwin,Brisbane,All Airlines,Dec-22,108,107,1,60,80,47,27,2022,12
Darwin-Melbourne,Darwin,Melbourne,All Airlines,Dec-22,83,81,2,47,52,34,29,2022,12
Darwin-Perth,Darwin,Perth,All Airlines,Dec-22,52,52,0,24,26,28,26,2022,12
Darwin-Sydney,Darwin,Sydney,All Airlines,Dec-22,91,87,4,46,69,41,18,2022,12
Dubbo-Sydney,Dubbo,Sydney,All Airlines,Dec-22,219,216,3,170,165,46,51,2022,12
Emerald-Brisbane,Emerald,Brisbane,All Airlines,Dec-22,133,133,0,106,108,27,25,2022,12
Gladstone-Brisbane,Gladstone,Brisbane,All Airlines,Dec-22,173,165,8,139,127,26,38,2022,12
Gold Coast-Adelaide,Gold Coast,Adelaide,All Airlines,Dec-22,77,75,2,55,56,20,19,2022,12
Gold Coast-Canberra,Gold Coast,Canberra,All Airlines,Dec-22,53,53,0,33,34,20,19,2022,12
Gold Coast-Melbourne,Gold Coast,Melbourne,All Airlines,Dec-22,632,602,30,413,401,189,201,2022,12
Gold Coast-Sydney,Gold Coast,Sydney,All Airlines,Dec-22,737,704,33,501,488,203,216,2022,12
Hamilton Island-Brisbane,Hamilton Island,Brisbane,All Airlines,Dec-22,65,65,0,44,49,21,16,2022,12
Hamilton Island-Sydney,Hamilton Island,Sydney,All Airlines,Dec-22,84,83,1,43,42,40,41,2022,12
Hobart-Brisbane,Hobart,Brisbane,All Airlines,Dec-22,123,118,5,81,84,37,34,2022,12
Hobart-Melbourne,Hobart,Melbourne,All Airlines,Dec-22,479,452,27,273,281,179,171,2022,12
Hobart-Sydney,Hobart,Sydney,All Airlines,Dec-22,260,256,4,178,182,78,74,2022,12
Kalgoorlie-Perth,Kalgoorlie,Perth,All Airlines,Dec-22,134,134,0,94,97,40,37,2022,12
Karratha-Perth,Karratha,Perth,All Airlines,Dec-22,182,180,2,126,134,54,46,2022,12
Launceston-Brisbane,Launceston,Brisbane,All Airlines,Dec-22,61,60,1,36,41,24,19,2022,12
Launceston-Melbourne,Launceston,Melbourne,All Airlines,Dec-22,336,319,17,215,227,104,92,2022,12
Launceston-Sydney,Launceston,Sydney,All Airlines,Dec-22,117,115,2,64,67,51,48,2022,12
Mackay-Brisbane,Mackay,Brisbane,All Airlines,Dec-22,293,290,3,174,184,116,106,2022,12
Melbourne-Adelaide,Melbourne,Adelaide,All Airlines,Dec-22,670,650,20,441,418,209,232,2022,12
Melbourne-Brisbane,Melbourne,Brisbane,All Airlines,Dec-22,902,861,41,565,582,296,279,2022,12
Melbourne-Cairns,Melbourne,Cairns,All Airlines,Dec-22,195,186,9,117,129,69,57,2022,12
Melbourne-Canberra,Melbourne,Canberra,All Airlines,Dec-22,361,353,8,251,249,102,104,2022,12
Melbourne-Darwin,Melbourne,Darwin,All Airlines,Dec-22,84,81,3,43,45,38,36,2022,12
Melbourne-Gold Coast,Melbourne,Gold Coast,All Airlines,Dec-22,631,603,28,387,408,216,195,2022,12
Melbourne-Hobart,Melbourne,Hobart,All Airlines,Dec-22,478,452,26,289,279,163,173,2022,12
Melbourne-Launceston,Melbourne,Launceston,All Airlines,Dec-22,336,324,12,226,214,98,110,2022,12
Melbourne-Mildura,Melbourne,Mildura,All Airlines,Dec-22,186,184,2,102,105,82,79,2022,12
Melbourne-Newcastle,Melbourne,Newcastle,All Airlines,Dec-22,138,137,1,97,93,40,44,2022,12
Melbourne-Perth,Melbourne,Perth,All Airlines,Dec-22,481,470,11,266,282,204,188,2022,12
Melbourne-Sunshine Coast,Melbourne,Sunshine Coast,All Airlines,Dec-22,229,224,5,158,166,66,58,2022,12
Melbourne-Sydney,Melbourne,Sydney,All Airlines,Dec-22,2040,1855,185,1298,1218,557,637,2022,12
Mildura-Melbourne,Mildura,Melbourne,All Airlines,Dec-22,187,185,2,103,96,82,89,2022,12
Mount Isa-Brisbane,Mount Isa,Brisbane,All Airlines,Dec-22,64,63,1,54,52,9,11,2022,12
Newcastle-Brisbane,Newcastle,Brisbane,All Airlines,Dec-22,256,250,6,203,201,47,49,2022,12
Newcastle-Melbourne,Newcastle,Melbourne,All Airlines,Dec-22,136,134,2,91,87,43,47,2022,12
Newman-Perth,Newman,Perth,All Airlines,Dec-22,155,149,6,105,104,44,45,2022,12
Perth-Adelaide,Perth,Adelaide,All Airlines,Dec-22,197,186,11,127,124,59,62,2022,12
Perth-Brisbane,Perth,Brisbane,All Airlines,Dec-22,301,292,9,181,232,111,60,2022,12
Perth-Broome,Perth,Broome,All Airlines,Dec-22,124,120,4,90,98,30,22,2022,12
Perth-Darwin,Perth,Darwin,All Airlines,Dec-22,52,52,0,33,33,19,19,2022,12
Perth-Kalgoorlie,Perth,Kalgoorlie,All Airlines,Dec-22,134,134,0,106,105,28,29,2022,12
Perth-Karratha,Perth,Karratha,All Airlines,Dec-22,182,180,2,150,149,30,31,2022,12
Perth-Melbourne,Perth,Melbourne,All Airlines,Dec-22,493,479,14,279,294,200,185,2022,12
Perth-Newman,Perth,Newman,All Airlines,Dec-22,155,150,5,122,124,28,26,2022,12
Perth-Port Hedland,Perth,Port Hedland,All Airlines,Dec-22,167,164,3,136,133,28,31,2022,12
Perth-Sydney,Perth,Sydney,All Airlines,Dec-22,385,376,9,210,245,166,131,2022,12
Port Hedland-Perth,Port Hedland,Perth,All Airlines,Dec-22,167,163,4,96,98,67,65,2022,12
Port Lincoln-Adelaide,Port Lincoln,Adelaide,All Airlines,Dec-22,255,248,7,196,190,52,58,2022,12
Port Macquarie-Sydney,Port Macquarie,Sydney,All Airlines,Dec-22,199,198,1,163,155,35,43,2022,12
Proserpine-Brisbane,Proserpine,Brisbane,All Airlines,Dec-22,108,108,0,72,75,36,33,2022,12
Rockhampton-Brisbane,Rockhampton,Brisbane,All Airlines,Dec-22,302,293,9,215,214,78,79,2022,12
Sunshine Coast-Melbourne,Sunshine Coast,Melbourne,All Airlines,Dec-22,229,222,7,143,130,79,92,2022,12
Sunshine Coast-Sydney,Sunshine Coast,Sydney,All Airlines,Dec-22,295,271,24,186,164,85,107,2022,12
Sydney-Adelaide,Sydney,Adelaide,All Airlines,Dec-22,477,457,20,306,298,151,159,2022,12
Sydney-Albury,Sydney,Albury,All Airlines,Dec-22,194,194,0,149,155,45,39,2022,12
Sydney-Armidale,Sydney,Armidale,All Airlines,Dec-22,154,153,1,124,133,29,20,2022,12
Sydney-Ballina,Sydney,Ballina,All Airlines,Dec-22,229,224,5,157,163,67,61,2022,12
Sydney-Brisbane,Sydney,Brisbane,All Airlines,Dec-22,1205,1132,73,791,806,341,326,2022,12
Sydney-Cairns,Sydney,Cairns,All Airlines,Dec-22,258,254,4,180,181,74,73,2022,12
Sydney-Canberra,Sydney,Canberra,All Airlines,Dec-22,634,589,45,467,494,122,95,2022,12
Sydney-Coffs Harbour,Sydney,Coffs Harbour,All Airlines,Dec-22,231,230,1,180,193,50,37,2022,12
Sydney-Darwin,Sydney,Darwin,All Airlines,Dec-22,88,86,2,64,60,22,26,2022,12
Sydney-Dubbo,Sydney,Dubbo,All Airlines,Dec-22,221,218,3,155,174,63,44,2022,12
Sydney-Gold Coast,Sydney,Gold Coast,All Airlines,Dec-22,736,703,33,496,496,207,207,2022,12
Sydney-Hamilton Island,Sydney,Hamilton Island,All Airlines,Dec-22,84,83,1,50,51,33,32,2022,12
Sydney-Hobart,Sydney,Hobart,All Airlines,Dec-22,259,256,3,192,200,64,56,2022,12
Sydney-Launceston,Sydney,Launceston,All Airlines,Dec-22,115,114,1,74,77,40,37,2022,12
Sydney-Melbourne,Sydney,Melbourne,All Airlines,Dec-22,2027,1838,189,1202,1249,636,589,2022,12
Sydney-Perth,Sydney,Perth,All Airlines,Dec-22,394,387,7,207,217,180,170,2022,12
Sydney-Port Macquarie,Sydney,Port Macquarie,All Airlines,Dec-22,196,195,1,152,164,43,31,2022,12
Sydney-Sunshine Coast,Sydney,Sunshine Coast,All Airlines,Dec-22,293,274,19,199,187,75,87,2022,12
Sydney-Wagga Wagga,Sydney,Wagga Wagga,All Airlines,Dec-22,206,203,3,160,162,43,41,2022,12
Townsville-Brisbane,Townsville,Brisbane,All Airlines,Dec-22,311,302,9,192,207,110,95,2022,12
Townsville-Cairns,Townsville,Cairns,All Airlines,Dec-22,166,159,7,138,142,21,17,2022,12
Wagga Wagga-Sydney,Wagga Wagga,Sydney,All Airlines,Dec-22,200,197,3,163,159,34,38,2022,12
Adelaide-Alice Springs,Adelaide,Alice Springs,All Airlines,Jan-23,47,47,0,40,36,7,11,2023,1
Adelaide-Brisbane,Adelaide,Brisbane,All Airlines,Jan-23,333,327,6,235,253,92,74,2023,1
Adelaide-Canberra,Adelaide,Canberra,All Airlines,Jan-23,76,76,0,68,68,8,8,2023,1
Adelaide-Gold Coast,Adelaide,Gold Coast,All Airlines,Jan-23,74,73,1,61,63,12,10,2023,1
Adelaide-Melbourne,Adelaide,Melbourne,All Airlines,Jan-23,681,663,18,494,519,169,144,2023,1
Adelaide-Perth,Adelaide,Perth,All Airlines,Jan-23,205,200,5,150,160,50,40,2023,1
Adelaide-Port Lincoln,Adelaide,Port Lincoln,All Airlines,Jan-23,289,280,9,265,261,15,19,2023,1
Adelaide-Sydney,Adelaide,Sydney,All Airlines,Jan-23,458,440,18,336,350,104,90,2023,1
Albury-Sydney,Albury,Sydney,All Airlines,Jan-23,175,169,6,146,145,23,24,2023,1
Alice Springs-Adelaide,Alice Springs,Adelaide,All Airlines,Jan-23,48,47,1,31,33,16,14,2023,1
Armidale-Sydney,Armidale,Sydney,All Airlines,Jan-23,135,128,7,108,103,20,25,2023,1
Ballina-Sydney,Ballina,Sydney,All Airlines,Jan-23,240,234,6,181,175,53,59,2023,1
Brisbane-Adelaide,Brisbane,Adelaide,All Airlines,Jan-23,334,328,6,241,224,87,104,2023,1
Brisbane-Cairns,Brisbane,Cairns,All Airlines,Jan-23,348,343,5,277,281,66,62,2023,1
Brisbane-Canberra,Brisbane,Canberra,All Airlines,Jan-23,265,263,2,219,214,44,49,2023,1
Brisbane-Darwin,Brisbane,Darwin,All Airlines,Jan-23,112,112,0,66,78,46,34,2023,1
Brisbane-Emerald,Brisbane,Emerald,All Airlines,Jan-23,144,141,3,118,117,23,24,2023,1
Brisbane-Gladstone,Brisbane,Gladstone,All Airlines,Jan-23,185,175,10,129,131,46,44,2023,1
Brisbane-Hamilton Island,Brisbane,Hamilton Island,All Airlines,Jan-23,62,62,0,58,54,4,8,2023,1
Brisbane-Hobart,Brisbane,Hobart,All Airlines,Jan-23,119,118,1,95,97,23,21,2023,1
Brisbane-Launceston,Brisbane,Launceston,All Airlines,Jan-23,56,55,1,33,32,22,23,2023,1
Brisbane-Mackay,Brisbane,Mackay,All Airlines,Jan-23,282,278,4,205,193,73,85,2023,1
Brisbane-Melbourne,Brisbane,Melbourne,All Airlines,Jan-23,968,931,37,696,674,235,257,2023,1
Brisbane-Mount Isa,Brisbane,Mount Isa,All Airlines,Jan-23,66,64,2,53,53,11,11,2023,1
Brisbane-Newcastle,Brisbane,Newcastle,All Airlines,Jan-23,257,245,12,181,181,64,64,2023,1
Brisbane-Perth,Brisbane,Perth,All Airlines,Jan-23,329,324,5,242,250,82,74,2023,1
Brisbane-Proserpine,Brisbane,Proserpine,All Airlines,Jan-23,110,99,11,81,81,18,18,2023,1
Brisbane-Rockhampton,Brisbane,Rockhampton,All Airlines,Jan-23,309,303,6,232,206,71,97,2023,1
Brisbane-Sydney,Brisbane,Sydney,All Airlines,Jan-23,1175,1122,53,844,833,278,289,2023,1
Brisbane-Townsville,Brisbane,Townsville,All Airlines,Jan-23,308,295,13,228,234,67,61,2023,1
Broome-Perth,Broome,Perth,All Airlines,Jan-23,124,114,10,69,74,45,40,2023,1
Cairns-Brisbane,Cairns,Brisbane,All Airlines,Jan-23,348,344,4,274,274,70,70,2023,1
Cairns-Melbourne,Cairns,Melbourne,All Airlines,Jan-23,186,182,4,116,123,66,59,2023,1
Cairns-Sydney,Cairns,Sydney,All Airlines,Jan-23,238,231,7,171,179,60,52,2023,1
Cairns-Townsville,Cairns,Townsville,All Airlines,Jan-23,166,160,6,147,147,13,13,2023,1
Canberra-Adelaide,Canberra,Adelaide,All Airlines,Jan-23,75,75,0,64,59,11,16,2023,1
Canberra-Brisbane,Canberra,Brisbane,All Airlines,Jan-23,266,263,3,223,223,40,40,2023,1
Canberra-Gold Coast,Canberra,Gold Coast,All Airlines,Jan-23,62,62,0,47,47,15,15,2023,1
Canberra-Melbourne,Canberra,Melbourne,All Airlines,Jan-23,361,352,9,263,262,89,90,2023,1
Canberra-Sydney,Canberra,Sydney,All Airlines,Jan-23,515,478,37,393,392,85,86,2023,1
Coffs Harbour-Sydney,Coffs Harbour,Sydney,All Airlines,Jan-23,204,203,1,176,162,27,41,2023,1
Darwin-Brisbane,Darwin,Brisbane,All Airlines,Jan-23,110,109,1,86,82,23,27,2023,1
Darwin-Melbourne,Darwin,Melbourne,All Airlines,Jan-23,70,69,1,42,42,27,27,2023,1
Darwin-Perth,Darwin,Perth,All Airlines,Jan-23,53,53,0,30,35,23,18,2023,1
Darwin-Sydney,Darwin,Sydney,All Airlines,Jan-23,62,62,0,41,44,21,18,2023,1
Dubbo-Sydney,Dubbo,Sydney,All Airlines,Jan-23,181,177,4,163,159,14,18,2023,1
Emerald-Brisbane,Emerald,Brisbane,All Airlines,Jan-23,144,141,3,114,113,27,28,2023,1
Gladstone-Brisbane,Gladstone,Brisbane,All Airlines,Jan-23,185,175,10,138,129,37,46,2023,1
Gold Coast-Adelaide,Gold Coast,Adelaide,All Airlines,Jan-23,74,73,1,56,57,17,16,2023,1
Gold Coast-Canberra,Gold Coast,Canberra,All Airlines,Jan-23,62,62,0,43,47,19,15,2023,1
Gold Coast-Melbourne,Gold Coast,Melbourne,All Airlines,Jan-23,672,647,25,478,483,169,164,2023,1
Gold Coast-Sydney,Gold Coast,Sydney,All Airlines,Jan-23,779,744,35,568,539,176,205,2023,1
Hamilton Island-Brisbane,Hamilton Island,Brisbane,All Airlines,Jan-23,62,62,0,44,48,18,14,2023,1
Hamilton Island-Sydney,Hamilton Island,Sydney,All Airlines,Jan-23,88,88,0,51,52,37,36,2023,1
Hobart-Brisbane,Hobart,Brisbane,All Airlines,Jan-23,119,118,1,82,80,36,38,2023,1
Hobart-Melbourne,Hobart,Melbourne,All Airlines,Jan-23,475,448,27,281,281,167,167,2023,1
Hobart-Sydney,Hobart,Sydney,All Airlines,Jan-23,256,252,4,179,175,73,77,2023,1
Kalgoorlie-Perth,Kalgoorlie,Perth,All Airlines,Jan-23,143,141,2,116,110,25,31,2023,1
Karratha-Perth,Karratha,Perth,All Airlines,Jan-23,189,188,1,152,149,36,39,2023,1
Launceston-Brisbane,Launceston,Brisbane,All Airlines,Jan-23,56,55,1,28,31,27,24,2023,1
Launceston-Melbourne,Launceston,Melbourne,All Airlines,Jan-23,365,345,20,237,248,108,97,2023,1
Launceston-Sydney,Launceston,Sydney,All Airlines,Jan-23,134,131,3,106,99,25,32,2023,1
Mackay-Brisbane,Mackay,Brisbane,All Airlines,Jan-23,288,283,5,201,200,82,83,2023,1
Melbourne-Adelaide,Melbourne,Adelaide,All Airlines,Jan-23,684,669,15,512,487,157,182,2023,1
Melbourne-Brisbane,Melbourne,Brisbane,All Airlines,Jan-23,966,928,38,687,677,241,251,2023,1
Melbourne-Cairns,Melbourne,Cairns,All Airlines,Jan-23,186,182,4,129,134,53,48,2023,1
Melbourne-Canberra,Melbourne,Canberra,All Airlines,Jan-23,360,353,7,278,266,75,87,2023,1
Melbourne-Darwin,Melbourne,Darwin,All Airlines,Jan-23,70,70,0,37,38,33,32,2023,1
Melbourne-Gold Coast,Melbourne,Gold Coast,All Airlines,Jan-23,671,646,25,464,471,182,175,2023,1
Melbourne-Hobart,Melbourne,Hobart,All Airlines,Jan-23,475,450,25,301,297,149,153,2023,1
Melbourne-Launceston,Melbourne,Launceston,All Airlines,Jan-23,362,343,19,247,241,96,102,2023,1
Melbourne-Mildura,Melbourne,Mildura,All Airlines,Jan-23,155,151,4,122,114,29,37,2023,1
Melbourne-Newcastle,Melbourne,Newcastle,All Airlines,Jan-23,144,143,1,108,98,35,45,2023,1
Melbourne-Perth,Melbourne,Perth,All Airlines,Jan-23,505,495,10,350,350,145,145,2023,1
Melbourne-Sunshine Coast,Melbourne,Sunshine Coast,All Airlines,Jan-23,248,241,7,188,181,53,60,2023,1
Melbourne-Sydney,Melbourne,Sydney,All Airlines,Jan-23,1983,1841,142,1478,1392,363,449,2023,1
Mildura-Melbourne,Mildura,Melbourne,All Airlines,Jan-23,154,150,4,115,95,35,55,2023,1
Mount Isa-Brisbane,Mount Isa,Brisbane,All Airlines,Jan-23,66,63,3,54,47,9,16,2023,1
Newcastle-Brisbane,Newcastle,Brisbane,All Airlines,Jan-23,254,242,12,190,190,52,52,2023,1
Newcastle-Melbourne,Newcastle,Melbourne,All Airlines,Jan-23,145,143,2,97,91,46,52,2023,1
Newman-Perth,Newman,Perth,All Airlines,Jan-23,164,159,5,110,104,49,55,2023,1
Perth-Adelaide,Perth,Adelaide,All Airlines,Jan-23,206,201,5,150,151,51,50,2023,1
Perth-Brisbane,Perth,Brisbane,All Airlines,Jan-23,329,323,6,241,277,82,46,2023,1
Perth-Broome,Perth,Broome,All Airlines,Jan-23,123,114,9,80,85,34,29,2023,1
Perth-Darwin,Perth,Darwin,All Airlines,Jan-23,53,53,0,32,28,21,25,2023,1
Perth-Kalgoorlie,Perth,Kalgoorlie,All Airlines,Jan-23,143,141,2,119,114,22,27,2023,1
Perth-Karratha,Perth,Karratha,All Airlines,Jan-23,195,194,1,159,156,35,38,2023,1
Perth-Melbourne,Perth,Melbourne,All Airlines,Jan-23,511,497,14,295,335,202,162,2023,1
Perth-Newman,Perth,Newman,All Airlines,Jan-23,163,160,3,124,121,36,39,2023,1
Perth-Port Hedland,Perth,Port Hedland,All Airlines,Jan-23,173,171,2,136,136,35,35,2023,1
Perth-Sydney,Perth,Sydney,All Airlines,Jan-23,391,388,3,253,297,135,91,2023,1
Port Hedland-Perth,Port Hedland,Perth,All Airlines,Jan-23,175,169,6,118,117,51,52,2023,1
Port Lincoln-Adelaide,Port Lincoln,Adelaide,All Airlines,Jan-23,288,279,9,259,259,20,20,2023,1
Port Macquarie-Sydney,Port Macquarie,Sydney,All Airlines,Jan-23,182,180,2,155,154,25,26,2023,1
Proserpine-Brisbane,Proserpine,Brisbane,All Airlines,Jan-23,109,98,11,72,71,26,27,2023,1
Rockhampton-Brisbane,Rockhampton,Brisbane,All Airlines,Jan-23,307,300,7,231,221,69,79,2023,1
Sunshine Coast-Melbourne,Sunshine Coast,Melbourne,All Airlines,Jan-23,248,240,8,173,166,67,74,2023,1
Sunshine Coast-Sydney,Sunshine Coast,Sydney,All Airlines,Jan-23,297,282,15,226,211,56,71,2023,1
Sydney-Adelaide,Sydney,Adelaide,All Airlines,Jan-23,457,441,16,324,344,117,97,2023,1
Sydney-Albury,Sydney,Albury,All Airlines,Jan-23,175,171,4,139,148,32,23,2023,1
Sydney-Armidale,Sydney,Armidale,All Airlines,Jan-23,136,130,6,104,111,26,19,2023,1
Sydney-Ballina,Sydney,Ballina,All Airlines,Jan-23,241,234,7,181,192,53,42,2023,1
Sydney-Brisbane,Sydney,Brisbane,All Airlines,Jan-23,1179,1126,53,820,822,306,304,2023,1
Sydney-Cairns,Sydney,Cairns,All Airlines,Jan-23,235,230,5,169,176,61,54,2023,1
Sydney-Canberra,Sydney,Canberra,All Airlines,Jan-23,514,483,31,383,397,100,86,2023,1
Sydney-Coffs Harbour,Sydney,Coffs Harbour,All Airlines,Jan-23,206,206,0,175,179,31,27,2023,1
Sydney-Darwin,Sydney,Darwin,All Airlines,Jan-23,62,62,0,35,40,27,22,2023,1
Sydney-Dubbo,Sydney,Dubbo,All Airlines,Jan-23,193,190,3,155,171,35,19,2023,1
Sydney-Gold Coast,Sydney,Gold Coast,All Airlines,Jan-23,778,746,32,571,564,175,182,2023,1
Sydney-Hamilton Island,Sydney,Hamilton Island,All Airlines,Jan-23,88,88,0,65,67,23,21,2023,1
Sydney-Hobart,Sydney,Hobart,All Airlines,Jan-23,257,254,3,197,216,57,38,2023,1
Sydney-Launceston,Sydney,Launceston,All Airlines,Jan-23,135,135,0,107,110,28,25,2023,1
Sydney-Melbourne,Sydney,Melbourne,All Airlines,Jan-23,1971,1829,142,1338,1400,491,429,2023,1
Sydney-Perth,Sydney,Perth,All Airlines,Jan-23,406,403,3,256,264,147,139,2023,1
Sydney-Port Macquarie,Sydney,Port Macquarie,All Airlines,Jan-23,185,183,2,157,163,26,20,2023,1
Sydney-Sunshine Coast,Sydney,Sunshine Coast,All Airlines,Jan-23,298,285,13,229,228,56,57,2023,1
Sydney-Wagga Wagga,Sydney,Wagga Wagga,All Airlines,Jan-23,180,174,6,143,144,31,30,2023,1
Townsville-Brisbane,Townsville,Brisbane,All Airlines,Jan-23,306,290,16,233,227,57,63,2023,1
Townsville-Cairns,Townsville,Cairns,All Airlines,Jan-23,166,159,7,138,143,21,16,2023,1
Wagga Wagga-Sydney,Wagga Wagga,Sydney,All Airlines,Jan-23,178,170,8,152,145,18,25,2023,1
Adelaide-Alice Springs,Adelaide,Alice Springs,All Airlines,Feb-23,48,48,0,41,39,7,9,2023,2
Adelaide-Brisbane,Adelaide,Brisbane,All Airlines,Feb-23,299,293,6,238,235,55,58,2023,2
Adelaide-Canberra,Adelaide,Canberra,All Airlines,Feb-23,116,115,1,104,106,11,9,2023,2
Adelaide-Gold Coast,Adelaide,Gold Coast,All Airlines,Feb-23,52,51,1,35,35,16,16,2023,2
Adelaide-Melbourne,Adelaide,Melbourne,All Airlines,Feb-23,614,600,14,456,451,144,149,2023,2
Adelaide-Perth,Adelaide,Perth,All Airlines,Feb-23,160,157,3,101,115,56,42,2023,2
Adelaide-Port Lincoln,Adelaide,Port Lincoln,All Airlines,Feb-23,258,257,1,214,214,43,43,2023,2
Adelaide-Sydney,Adelaide,Sydney,All Airlines,Feb-23,435,416,19,310,301,106,115,2023,2
Albury-Sydney,Albury,Sydney,All Airlines,Feb-23,209,199,10,164,163,35,36,2023,2
Alice Springs-Adelaide,Alice Springs,Adelaide,All Airlines,Feb-23,48,48,0,30,29,18,19,2023,2
Armidale-Sydney,Armidale,Sydney,All Airlines,Feb-23,167,158,9,111,103,47,55,2023,2
Ballina-Sydney,Ballina,Sydney,All Airlines,Feb-23,197,191,6,116,111,75,80,2023,2
Brisbane-Adelaide,Brisbane,Adelaide,All Airlines,Feb-23,302,296,6,222,229,74,67,2023,2
Brisbane-Cairns,Brisbane,Cairns,All Airlines,Feb-23,292,287,5,211,213,76,74,2023,2
Brisbane-Canberra,Brisbane,Canberra,All Airlines,Feb-23,271,260,11,223,223,37,37,2023,2
Brisbane-Darwin,Brisbane,Darwin,All Airlines,Feb-23,84,83,1,52,59,31,24,2023,2
Brisbane-Emerald,Brisbane,Emerald,All Airlines,Feb-23,132,130,2,113,115,17,15,2023,2
Brisbane-Gladstone,Brisbane,Gladstone,All Airlines,Feb-23,179,171,8,140,141,31,30,2023,2
Brisbane-Hamilton Island,Brisbane,Hamilton Island,All Airlines,Feb-23,44,44,0,31,32,13,12,2023,2
Brisbane-Hobart,Brisbane,Hobart,All Airlines,Feb-23,94,94,0,84,85,10,9,2023,2
Brisbane-Launceston,Brisbane,Launceston,All Airlines,Feb-23,52,52,0,40,41,12,11,2023,2
Brisbane-Mackay,Brisbane,Mackay,All Airlines,Feb-23,264,262,2,184,172,78,90,2023,2
Brisbane-Melbourne,Brisbane,Melbourne,All Airlines,Feb-23,873,835,38,624,636,211,199,2023,2
Brisbane-Mount Isa,Brisbane,Mount Isa,All Airlines,Feb-23,60,60,0,50,50,10,10,2023,2
Brisbane-Newcastle,Brisbane,Newcastle,All Airlines,Feb-23,254,245,9,206,211,39,34,2023,2
Brisbane-Perth,Brisbane,Perth,All Airlines,Feb-23,263,261,2,165,214,96,47,2023,2
Brisbane-Proserpine,Brisbane,Proserpine,All Airlines,Feb-23,76,76,0,59,58,17,18,2023,2
Brisbane-Rockhampton,Brisbane,Rockhampton,All Airlines,Feb-23,277,274,3,209,189,65,85,2023,2
Brisbane-Sydney,Brisbane,Sydney,All Airlines,Feb-23,1202,1112,90,866,841,246,271,2023,2
Brisbane-Townsville,Brisbane,Townsville,All Airlines,Feb-23,275,273,2,232,232,41,41,2023,2
Broome-Perth,Broome,Perth,All Airlines,Feb-23,113,107,6,84,86,23,21,2023,2
Cairns-Brisbane,Cairns,Brisbane,All Airlines,Feb-23,291,287,4,226,231,61,56,2023,2
Cairns-Melbourne,Cairns,Melbourne,All Airlines,Feb-23,130,127,3,81,88,46,39,2023,2
Cairns-Sydney,Cairns,Sydney,All Airlines,Feb-23,144,137,7,92,85,45,52,2023,2
Cairns-Townsville,Cairns,Townsville,All Airlines,Feb-23,140,135,5,123,123,12,12,2023,2
Canberra-Adelaide,Canberra,Adelaide,All Airlines,Feb-23,116,115,1,100,100,15,15,2023,2
Canberra-Brisbane,Canberra,Brisbane,All Airlines,Feb-23,269,256,13,229,229,27,27,2023,2
Canberra-Gold Coast,Canberra,Gold Coast,All Airlines,Feb-23,44,43,1,27,30,16,13,2023,2
Canberra-Melbourne,Canberra,Melbourne,All Airlines,Feb-23,380,373,7,300,299,73,74,2023,2
Canberra-Sydney,Canberra,Sydney,All Airlines,Feb-23,672,593,79,451,431,142,162,2023,2
Coffs Harbour-Sydney,Coffs Harbour,Sydney,All Airlines,Feb-23,224,219,5,158,147,61,72,2023,2
Darwin-Brisbane,Darwin,Brisbane,All Airlines,Feb-23,84,83,1,69,70,14,13,2023,2
Darwin-Melbourne,Darwin,Melbourne,All Airlines,Feb-23,61,60,1,45,48,15,12,2023,2
Darwin-Perth,Darwin,Perth,All Airlines,Feb-23,44,44,0,33,36,11,8,2023,2
Dubbo-Sydney,Dubbo,Sydney,All Airlines,Feb-23,218,213,5,162,157,51,56,2023,2
Emerald-Brisbane,Emerald,Brisbane,All Airlines,Feb-23,132,130,2,115,118,15,12,2023,2
Gladstone-Brisbane,Gladstone,Brisbane,All Airlines,Feb-23,178,170,8,145,133,25,37,2023,2
Gold Coast-Adelaide,Gold Coast,Adelaide,All Airlines,Feb-23,52,51,1,31,34,20,17,2023,2
Gold Coast-Canberra,Gold Coast,Canberra,All Airlines,Feb-23,44,43,1,29,29,14,14,2023,2
Gold Coast-Melbourne,Gold Coast,Melbourne,All Airlines,Feb-23,477,456,21,321,323,135,133,2023,2
Gold Coast-Sydney,Gold Coast,Sydney,All Airlines,Feb-23,619,592,27,402,382,190,210,2023,2
Hamilton Island-Brisbane,Hamilton Island,Brisbane,All Airlines,Feb-23,44,44,0,31,31,13,13,2023,2
Hamilton Island-Sydney,Hamilton Island,Sydney,All Airlines,Feb-23,76,76,0,49,45,27,31,2023,2
Hobart-Brisbane,Hobart,Brisbane,All Airlines,Feb-23,94,94,0,78,80,16,14,2023,2
Hobart-Melbourne,Hobart,Melbourne,All Airlines,Feb-23,371,364,7,219,218,145,146,2023,2
Hobart-Sydney,Hobart,Sydney,All Airlines,Feb-23,233,223,10,151,156,72,67,2023,2
Kalgoorlie-Perth,Kalgoorlie,Perth,All Airlines,Feb-23,140,138,2,93,94,45,44,2023,2
Karratha-Perth,Karratha,Perth,All Airlines,Feb-23,176,174,2,145,137,29,37,2023,2
Launceston-Brisbane,Launceston,Brisbane,All Airlines,Feb-23,53,52,1,32,36,20,16,2023,2
Launceston-Melbourne,Launceston,Melbourne,All Airlines,Feb-23,263,256,7,163,172,93,84,2023,2
Launceston-Sydney,Launceston,Sydney,All Airlines,Feb-23,97,92,5,56,58,36,34,2023,2
Mackay-Brisbane,Mackay,Brisbane,All Airlines,Feb-23,268,264,4,180,186,84,78,2023,2
Melbourne-Adelaide,Melbourne,Adelaide,All Airlines,Feb-23,613,600,13,459,433,141,167,2023,2
Melbourne-Brisbane,Melbourne,Brisbane,All Airlines,Feb-23,872,832,40,645,625,187,207,2023,2
Melbourne-Cairns,Melbourne,Cairns,All Airlines,Feb-23,130,127,3,87,88,40,39,2023,2
Melbourne-Canberra,Melbourne,Canberra,All Airlines,Feb-23,380,373,7,312,308,61,65,2023,2
Melbourne-Darwin,Melbourne,Darwin,All Airlines,Feb-23,60,60,0,47,46,13,14,2023,2
Melbourne-Gold Coast,Melbourne,Gold Coast,All Airlines,Feb-23,477,457,20,327,325,130,132,2023,2
Melbourne-Hobart,Melbourne,Hobart,All Airlines,Feb-23,371,365,6,232,232,133,133,2023,2
Melbourne-Launceston,Melbourne,Launceston,All Airlines,Feb-23,264,258,6,179,173,79,85,2023,2
Melbourne-Mildura,Melbourne,Mildura,All Airlines,Feb-23,181,177,4,115,111,62,66,2023,2
Melbourne-Newcastle,Melbourne,Newcastle,All Airlines,Feb-23,122,117,5,79,79,38,38,2023,2
Melbourne-Perth,Melbourne,Perth,All Airlines,Feb-23,391,386,5,261,272,125,114,2023,2
Melbourne-Sunshine Coast,Melbourne,Sunshine Coast,All Airlines,Feb-23,162,160,2,116,112,44,48,2023,2
Melbourne-Sydney,Melbourne,Sydney,All Airlines,Feb-23,2078,1852,226,1359,1231,493,621,2023,2
Mildura-Melbourne,Mildura,Melbourne,All Airlines,Feb-23,181,176,5,118,96,58,80,2023,2
Mount Isa-Brisbane,Mount Isa,Brisbane,All Airlines,Feb-23,60,60,0,51,47,9,13,2023,2
Newcastle-Brisbane,Newcastle,Brisbane,All Airlines,Feb-23,254,242,12,219,213,23,29,2023,2
Newcastle-Melbourne,Newcastle,Melbourne,All Airlines,Feb-23,121,118,3,80,80,38,38,2023,2
Newman-Perth,Newman,Perth,All Airlines,Feb-23,152,149,3,115,115,34,34,2023,2
Perth-Adelaide,Perth,Adelaide,All Airlines,Feb-23,161,158,3,122,112,36,46,2023,2
Perth-Brisbane,Perth,Brisbane,All Airlines,Feb-23,260,253,7,171,174,82,79,2023,2
Perth-Broome,Perth,Broome,All Airlines,Feb-23,112,107,5,87,93,20,14,2023,2
Perth-Darwin,Perth,Darwin,All Airlines,Feb-23,44,44,0,33,35,11,9,2023,2
Perth-Kalgoorlie,Perth,Kalgoorlie,All Airlines,Feb-23,140,138,2,111,102,27,36,2023,2
Perth-Karratha,Perth,Karratha,All Airlines,Feb-23,178,176,2,144,145,32,31,2023,2
Perth-Melbourne,Perth,Melbourne,All Airlines,Feb-23,399,391,8,251,262,140,129,2023,2
Perth-Newman,Perth,Newman,All Airlines,Feb-23,153,150,3,131,122,19,28,2023,2
Perth-Port Hedland,Perth,Port Hedland,All Airlines,Feb-23,165,165,0,132,134,33,31,2023,2
Perth-Sydney,Perth,Sydney,All Airlines,Feb-23,352,342,10,218,227,124,115,2023,2
Port Hedland-Perth,Port Hedland,Perth,All Airlines,Feb-23,164,164,0,100,100,64,64,2023,2
Port Lincoln-Adelaide,Port Lincoln,Adelaide,All Airlines,Feb-23,257,256,1,218,217,38,39,2023,2
Port Macquarie-Sydney,Port Macquarie,Sydney,All Airlines,Feb-23,193,188,5,142,125,46,63,2023,2
Proserpine-Brisbane,Proserpine,Brisbane,All Airlines,Feb-23,76,76,0,51,51,25,25,2023,2
Rockhampton-Brisbane,Rockhampton,Brisbane,All Airlines,Feb-23,277,270,7,200,183,70,87,2023,2
Sunshine Coast-Melbourne,Sunshine Coast,Melbourne,All Airlines,Feb-23,162,158,4,112,105,46,53,2023,2
Sunshine Coast-Sydney,Sunshine Coast,Sydney,All Airlines,Feb-23,212,207,5,148,119,59,88,2023,2
Sydney-Adelaide,Sydney,Adelaide,All Airlines,Feb-23,436,418,18,279,288,139,130,2023,2
Sydney-Albury,Sydney,Albury,All Airlines,Feb-23,206,197,9,144,146,53,51,2023,2
Sydney-Armidale,Sydney,Armidale,All Airlines,Feb-23,167,159,8,107,111,52,48,2023,2
Sydney-Ballina,Sydney,Ballina,All Airlines,Feb-23,197,192,5,130,136,62,56,2023,2
Sydney-Brisbane,Sydney,Brisbane,All Airlines,Feb-23,1213,1128,85,794,773,334,355,2023,2
Sydney-Cairns,Sydney,Cairns,All Airlines,Feb-23,143,137,6,91,98,46,39,2023,2
Sydney-Canberra,Sydney,Canberra,All Airlines,Feb-23,668,593,75,435,452,158,141,2023,2
Sydney-Coffs Harbour,Sydney,Coffs Harbour,All Airlines,Feb-23,224,219,5,151,160,68,59,2023,2
Sydney-Dubbo,Sydney,Dubbo,All Airlines,Feb-23,221,218,3,144,155,74,63,2023,2
Sydney-Gold Coast,Sydney,Gold Coast,All Airlines,Feb-23,618,590,28,409,400,181,190,2023,2
Sydney-Hamilton Island,Sydney,Hamilton Island,All Airlines,Feb-23,76,76,0,54,58,22,18,2023,2
Sydney-Hobart,Sydney,Hobart,All Airlines,Feb-23,235,225,10,153,157,72,68,2023,2
Sydney-Launceston,Sydney,Launceston,All Airlines,Feb-23,96,93,3,63,61,30,32,2023,2
Sydney-Melbourne,Sydney,Melbourne,All Airlines,Feb-23,2068,1845,223,1306,1286,539,559,2023,2
Sydney-Perth,Sydney,Perth,All Airlines,Feb-23,358,348,10,204,234,144,114,2023,2
Sydney-Port Macquarie,Sydney,Port Macquarie,All Airlines,Feb-23,194,189,5,131,138,58,51,2023,2
Sydney-Sunshine Coast,Sydney,Sunshine Coast,All Airlines,Feb-23,211,208,3,146,139,62,69,2023,2
Sydney-Wagga Wagga,Sydney,Wagga Wagga,All Airlines,Feb-23,219,207,12,159,159,48,48,2023,2
Townsville-Brisbane,Townsville,Brisbane,All Airlines,Feb-23,276,274,2,228,235,46,39,2023,2
Townsville-Cairns,Townsville,Cairns,All Airlines,Feb-23,140,134,6,122,123,12,11,2023,2
Wagga Wagga-Sydney,Wagga Wagga,Sydney,All Airlines,Feb-23,214,203,11,160,151,43,52,2023,2
Adelaide-Alice Springs,Adelaide,Alice Springs,All Airlines,Mar-23,59,59,0,53,48,6,11,2023,3
Adelaide-Brisbane,Adelaide,Brisbane,All Airlines,Mar-23,321,311,10,216,233,95,78,2023,3
Adelaide-Canberra,Adelaide,Canberra,All Airlines,Mar-23,130,127,3,112,110,15,17,2023,3
Adelaide-Gold Coast,Adelaide,Gold Coast,All Airlines,Mar-23,64,63,1,44,44,19,19,2023,3
Adelaide-Melbourne,Adelaide,Melbourne,All Airlines,Mar-23,710,690,20,498,499,192,191,2023,3
Adelaide-Perth,Adelaide,Perth,All Airlines,Mar-23,183,180,3,118,126,62,54,2023,3
Adelaide-Port Lincoln,Adelaide,Port Lincoln,All Airlines,Mar-23,308,298,10,214,206,84,92,2023,3
Adelaide-Sydney,Adelaide,Sydney,All Airlines,Mar-23,495,476,19,295,320,181,156,2023,3
Albury-Sydney,Albury,Sydney,All Airlines,Mar-23,247,241,6,190,185,51,56,2023,3
Alice Springs-Adelaide,Alice Springs,Adelaide,All Airlines,Mar-23,59,59,0,40,41,19,18,2023,3
Armidale-Sydney,Armidale,Sydney,All Airlines,Mar-23,184,175,9,141,134,34,41,2023,3
Ballina-Sydney,Ballina,Sydney,All Airlines,Mar-23,219,214,5,137,134,77,80,2023,3
Brisbane-Adelaide,Brisbane,Adelaide,All Airlines,Mar-23,323,313,10,221,215,92,98,2023,3
Brisbane-Cairns,Brisbane,Cairns,All Airlines,Mar-23,336,333,3,213,239,120,94,2023,3
Brisbane-Canberra,Brisbane,Canberra,All Airlines,Mar-23,298,293,5,233,232,60,61,2023,3
Brisbane-Darwin,Brisbane,Darwin,All Airlines,Mar-23,85,82,3,45,62,37,20,2023,3
Brisbane-Emerald,Brisbane,Emerald,All Airlines,Mar-23,149,148,1,118,117,30,31,2023,3
Brisbane-Gladstone,Brisbane,Gladstone,All Airlines,Mar-23,202,193,9,149,148,44,45,2023,3
Brisbane-Hamilton Island,Brisbane,Hamilton Island,All Airlines,Mar-23,55,55,0,47,46,8,9,2023,3
Brisbane-Hobart,Brisbane,Hobart,All Airlines,Mar-23,102,102,0,85,88,17,14,2023,3
Brisbane-Launceston,Brisbane,Launceston,All Airlines,Mar-23,51,49,2,38,37,11,12,2023,3
Brisbane-Mackay,Brisbane,Mackay,All Airlines,Mar-23,295,294,1,199,202,95,92,2023,3
Brisbane-Melbourne,Brisbane,Melbourne,All Airlines,Mar-23,992,957,35,673,672,284,285,2023,3
Brisbane-Mount Isa,Brisbane,Mount Isa,All Airlines,Mar-23,64,64,0,55,56,9,8,2023,3
Brisbane-Newcastle,Brisbane,Newcastle,All Airlines,Mar-23,289,271,18,202,201,69,70,2023,3
Brisbane-Perth,Brisbane,Perth,All Airlines,Mar-23,288,288,0,182,217,106,71,2023,3
Brisbane-Proserpine,Brisbane,Proserpine,All Airlines,Mar-23,93,93,0,78,79,15,14,2023,3
Brisbane-Rockhampton,Brisbane,Rockhampton,All Airlines,Mar-23,320,310,10,235,224,75,86,2023,3
Brisbane-Sydney,Brisbane,Sydney,All Airlines,Mar-23,1345,1268,77,950,896,318,372,2023,3
Brisbane-Townsville,Brisbane,Townsville,All Airlines,Mar-23,308,305,3,226,235,79,70,2023,3
Broome-Perth,Broome,Perth,All Airlines,Mar-23,125,121,4,81,87,40,34,2023,3
Cairns-Brisbane,Cairns,Brisbane,All Airlines,Mar-23,336,334,2,239,235,95,99,2023,3
Cairns-Melbourne,Cairns,Melbourne,All Airlines,Mar-23,154,149,5,90,98,59,51,2023,3
Cairns-Sydney,Cairns,Sydney,All Airlines,Mar-23,191,180,11,116,103,64,77,2023,3
Cairns-Townsville,Cairns,Townsville,All Airlines,Mar-23,159,152,7,140,141,12,11,2023,3
Canberra-Adelaide,Canberra,Adelaide,All Airlines,Mar-23,130,127,3,111,103,16,24,2023,3
Canberra-Brisbane,Canberra,Brisbane,All Airlines,Mar-23,299,294,5,240,248,54,46,2023,3
Canberra-Gold Coast,Canberra,Gold Coast,All Airlines,Mar-23,51,51,0,30,35,21,16,2023,3
Canberra-Melbourne,Canberra,Melbourne,All Airlines,Mar-23,433,412,21,281,284,131,128,2023,3
Canberra-Sydney,Canberra,Sydney,All Airlines,Mar-23,737,680,57,529,502,151,178,2023,3
Coffs Harbour-Sydney,Coffs Harbour,Sydney,All Airlines,Mar-23,254,251,3,199,177,52,74,2023,3
Darwin-Brisbane,Darwin,Brisbane,All Airlines,Mar-23,85,83,2,60,59,23,24,2023,3
Darwin-Melbourne,Darwin,Melbourne,All Airlines,Mar-23,75,71,4,58,59,13,12,2023,3
Darwin-Perth,Darwin,Perth,All Airlines,Mar-23,53,52,1,33,37,19,15,2023,3
Dubbo-Sydney,Dubbo,Sydney,All Airlines,Mar-23,244,241,3,184,174,57,67,2023,3
Emerald-Brisbane,Emerald,Brisbane,All Airlines,Mar-23,148,146,2,109,111,37,35,2023,3
Gladstone-Brisbane,Gladstone,Brisbane,All Airlines,Mar-23,200,190,10,147,139,43,51,2023,3
Gold Coast-Adelaide,Gold Coast,Adelaide,All Airlines,Mar-23,64,63,1,38,41,25,22,2023,3
Gold Coast-Canberra,Gold Coast,Canberra,All Airlines,Mar-23,51,51,0,28,33,23,18,2023,3
Gold Coast-Melbourne,Gold Coast,Melbourne,All Airlines,Mar-23,513,492,21,321,332,171,160,2023,3
Gold Coast-Sydney,Gold Coast,Sydney,All Airlines,Mar-23,672,634,38,428,414,206,220,2023,3
Hamilton Island-Brisbane,Hamilton Island,Brisbane,All Airlines,Mar-23,54,54,0,40,43,14,11,2023,3
Hamilton Island-Sydney,Hamilton Island,Sydney,All Airlines,Mar-23,86,85,1,43,42,42,43,2023,3
Hobart-Brisbane,Hobart,Brisbane,All Airlines,Mar-23,103,101,2,79,76,22,25,2023,3
Hobart-Melbourne,Hobart,Melbourne,All Airlines,Mar-23,394,381,13,243,239,138,142,2023,3
Hobart-Sydney,Hobart,Sydney,All Airlines,Mar-23,255,250,5,165,159,85,91,2023,3
Kalgoorlie-Perth,Kalgoorlie,Perth,All Airlines,Mar-23,158,154,4,91,101,63,53,2023,3
Karratha-Perth,Karratha,Perth,All Airlines,Mar-23,200,197,3,129,136,68,61,2023,3
Launceston-Brisbane,Launceston,Brisbane,All Airlines,Mar-23,53,50,3,27,30,23,20,2023,3
Launceston-Melbourne,Launceston,Melbourne,All Airlines,Mar-23,312,305,7,191,194,114,111,2023,3
Launceston-Sydney,Launceston,Sydney,All Airlines,Mar-23,104,102,2,53,57,49,45,2023,3
Mackay-Brisbane,Mackay,Brisbane,All Airlines,Mar-23,301,293,8,193,184,100,109,2023,3
Melbourne-Adelaide,Melbourne,Adelaide,All Airlines,Mar-23,711,694,17,502,466,192,228,2023,3
Melbourne-Brisbane,Melbourne,Brisbane,All Airlines,Mar-23,995,961,34,677,667,284,294,2023,3
Melbourne-Cairns,Melbourne,Cairns,All Airlines,Mar-23,154,151,3,96,102,55,49,2023,3
Melbourne-Canberra,Melbourne,Canberra,All Airlines,Mar-23,433,414,19,295,297,119,117,2023,3
Melbourne-Darwin,Melbourne,Darwin,All Airlines,Mar-23,76,74,2,42,52,32,22,2023,3
Melbourne-Gold Coast,Melbourne,Gold Coast,All Airlines,Mar-23,513,492,21,341,341,151,151,2023,3
Melbourne-Hobart,Melbourne,Hobart,All Airlines,Mar-23,397,386,11,236,246,150,140,2023,3
Melbourne-Launceston,Melbourne,Launceston,All Airlines,Mar-23,311,303,8,197,200,106,103,2023,3
Melbourne-Mildura,Melbourne,Mildura,All Airlines,Mar-23,233,231,2,151,148,80,83,2023,3
Melbourne-Newcastle,Melbourne,Newcastle,All Airlines,Mar-23,146,139,7,94,90,45,49,2023,3
Melbourne-Perth,Melbourne,Perth,All Airlines,Mar-23,450,443,7,302,269,141,174,2023,3
Melbourne-Sunshine Coast,Melbourne,Sunshine Coast,All Airlines,Mar-23,177,177,0,137,133,40,44,2023,3
Melbourne-Sydney,Melbourne,Sydney,All Airlines,Mar-23,2344,2130,214,1547,1441,583,689,2023,3
Mildura-Melbourne,Mildura,Melbourne,All Airlines,Mar-23,232,230,2,143,131,87,99,2023,3
Mount Isa-Brisbane,Mount Isa,Brisbane,All Airlines,Mar-23,64,64,0,52,46,12,18,2023,3
Newcastle-Brisbane,Newcastle,Brisbane,All Airlines,Mar-23,290,269,21,207,203,62,66,2023,3
Newcastle-Melbourne,Newcastle,Melbourne,All Airlines,Mar-23,149,142,7,90,85,52,57,2023,3
Newman-Perth,Newman,Perth,All Airlines,Mar-23,175,169,6,121,121,48,48,2023,3
Perth-Adelaide,Perth,Adelaide,All Airlines,Mar-23,182,180,2,122,135,58,45,2023,3
Perth-Brisbane,Perth,Brisbane,All Airlines,Mar-23,287,283,4,185,211,98,72,2023,3
Perth-Broome,Perth,Broome,All Airlines,Mar-23,125,121,4,88,92,33,29,2023,3
Perth-Darwin,Perth,Darwin,All Airlines,Mar-23,53,53,0,38,39,15,14,2023,3
Perth-Kalgoorlie,Perth,Kalgoorlie,All Airlines,Mar-23,158,154,4,120,116,34,38,2023,3
Perth-Karratha,Perth,Karratha,All Airlines,Mar-23,200,198,2,152,152,46,46,2023,3
Perth-Melbourne,Perth,Melbourne,All Airlines,Mar-23,468,457,11,303,341,154,116,2023,3
Perth-Newman,Perth,Newman,All Airlines,Mar-23,174,172,2,139,136,33,36,2023,3
Perth-Port Hedland,Perth,Port Hedland,All Airlines,Mar-23,187,183,4,144,137,39,46,2023,3
Perth-Sydney,Perth,Sydney,All Airlines,Mar-23,399,392,7,239,294,153,98,2023,3
Port Hedland-Perth,Port Hedland,Perth,All Airlines,Mar-23,186,182,4,104,112,78,70,2023,3
Port Lincoln-Adelaide,Port Lincoln,Adelaide,All Airlines,Mar-23,308,297,11,217,219,80,78,2023,3
Port Macquarie-Sydney,Port Macquarie,Sydney,All Airlines,Mar-23,223,217,6,159,154,58,63,2023,3
Proserpine-Brisbane,Proserpine,Brisbane,All Airlines,Mar-23,93,93,0,77,69,16,24,2023,3
Rockhampton-Brisbane,Rockhampton,Brisbane,All Airlines,Mar-23,320,310,10,234,221,76,89,2023,3
Sunshine Coast-Melbourne,Sunshine Coast,Melbourne,All Airlines,Mar-23,177,177,0,108,108,69,69,2023,3
Sunshine Coast-Sydney,Sunshine Coast,Sydney,All Airlines,Mar-23,247,232,15,138,114,94,118,2023,3
Sydney-Adelaide,Sydney,Adelaide,All Airlines,Mar-23,494,476,18,308,283,168,193,2023,3
Sydney-Albury,Sydney,Albury,All Airlines,Mar-23,249,243,6,185,182,58,61,2023,3
Sydney-Armidale,Sydney,Armidale,All Airlines,Mar-23,182,174,8,136,143,38,31,2023,3
Sydney-Ballina,Sydney,Ballina,All Airlines,Mar-23,221,217,4,149,156,68,61,2023,3
Sydney-Brisbane,Sydney,Brisbane,All Airlines,Mar-23,1352,1273,79,903,886,370,387,2023,3
Sydney-Cairns,Sydney,Cairns,All Airlines,Mar-23,189,179,10,117,125,62,54,2023,3
Sydney-Canberra,Sydney,Canberra,All Airlines,Mar-23,739,686,53,508,535,178,151,2023,3
Sydney-Coffs Harbour,Sydney,Coffs Harbour,All Airlines,Mar-23,254,252,2,196,198,56,54,2023,3
Sydney-Dubbo,Sydney,Dubbo,All Airlines,Mar-23,250,248,2,175,187,73,61,2023,3
Sydney-Gold Coast,Sydney,Gold Coast,All Airlines,Mar-23,671,638,33,403,412,235,226,2023,3
Sydney-Hamilton Island,Sydney,Hamilton Island,All Airlines,Mar-23,87,86,1,48,52,38,34,2023,3
Sydney-Hobart,Sydney,Hobart,All Airlines,Mar-23,253,249,4,178,174,71,75,2023,3
Sydney-Launceston,Sydney,Launceston,All Airlines,Mar-23,103,101,2,67,63,34,38,2023,3
Sydney-Melbourne,Sydney,Melbourne,All Airlines,Mar-23,2335,2135,200,1469,1419,666,716,2023,3
Sydney-Perth,Sydney,Perth,All Airlines,Mar-23,404,398,6,252,235,146,163,2023,3
Sydney-Port Macquarie,Sydney,Port Macquarie,All Airlines,Mar-23,225,219,6,158,164,61,55,2023,3
Sydney-Sunshine Coast,Sydney,Sunshine Coast,All Airlines,Mar-23,245,232,13,151,140,81,92,2023,3
Sydney-Wagga Wagga,Sydney,Wagga Wagga,All Airlines,Mar-23,249,241,8,182,184,59,57,2023,3
Townsville-Brisbane,Townsville,Brisbane,All Airlines,Mar-23,309,305,4,233,218,72,87,2023,3
Townsville-Cairns,Townsville,Cairns,All Airlines,Mar-23,159,151,8,139,138,12,13,2023,3
Wagga Wagga-Sydney,Wagga Wagga,Sydney,All Airlines,Mar-23,250,238,12,192,186,46,52,2023,3
Adelaide-Alice Springs,Adelaide,Alice Springs,All Airlines,Apr-23,61,61,0,55,57,6,4,2023,4
Adelaide-Brisbane,Adelaide,Brisbane,All Airlines,Apr-23,349,338,11,250,219,88,119,2023,4
Adelaide-Canberra,Adelaide,Canberra,All Airlines,Apr-23,132,132,0,106,98,26,34,2023,4
Adelaide-Gold Coast,Adelaide,Gold Coast,All Airlines,Apr-23,72,71,1,55,55,16,16,2023,4
Adelaide-Melbourne,Adelaide,Melbourne,All Airlines,Apr-23,714,700,14,480,482,220,218,2023,4
Adelaide-Perth,Adelaide,Perth,All Airlines,Apr-23,191,186,5,126,136,60,50,2023,4
Adelaide-Port Lincoln,Adelaide,Port Lincoln,All Airlines,Apr-23,266,262,4,205,193,57,69,2023,4
Adelaide-Sydney,Adelaide,Sydney,All Airlines,Apr-23,524,489,35,330,293,159,196,2023,4
Albury-Sydney,Albury,Sydney,All Airlines,Apr-23,213,212,1,185,181,27,31,2023,4
Alice Springs-Adelaide,Alice Springs,Adelaide,All Airlines,Apr-23,61,61,0,53,49,8,12,2023,4
Armidale-Sydney,Armidale,Sydney,All Airlines,Apr-23,166,162,4,137,131,25,31,2023,4
Ballina-Sydney,Ballina,Sydney,All Airlines,Apr-23,205,204,1,129,138,75,66,2023,4
Brisbane-Adelaide,Brisbane,Adelaide,All Airlines,Apr-23,348,338,10,231,244,107,94,2023,4
Brisbane-Cairns,Brisbane,Cairns,All Airlines,Apr-23,365,363,2,244,272,119,91,2023,4
Brisbane-Canberra,Brisbane,Canberra,All Airlines,Apr-23,300,295,5,222,232,73,63,2023,4
Brisbane-Darwin,Brisbane,Darwin,All Airlines,Apr-23,58,57,1,33,44,24,13,2023,4
Brisbane-Emerald,Brisbane,Emerald,All Airlines,Apr-23,138,134,4,112,117,22,17,2023,4
Brisbane-Gladstone,Brisbane,Gladstone,All Airlines,Apr-23,183,176,7,132,136,44,40,2023,4
Brisbane-Hamilton Island,Brisbane,Hamilton Island,All Airlines,Apr-23,61,61,0,50,49,11,12,2023,4
Brisbane-Hobart,Brisbane,Hobart,All Airlines,Apr-23,105,104,1,79,78,25,26,2023,4
Brisbane-Launceston,Brisbane,Launceston,All Airlines,Apr-23,44,44,0,24,24,20,20,2023,4
Brisbane-Mackay,Brisbane,Mackay,All Airlines,Apr-23,267,267,0,162,168,105,99,2023,4
Brisbane-Melbourne,Brisbane,Melbourne,All Airlines,Apr-23,1041,972,69,626,660,346,312,2023,4
Brisbane-Mount Isa,Brisbane,Mount Isa,All Airlines,Apr-23,57,57,0,51,50,6,7,2023,4
Brisbane-Newcastle,Brisbane,Newcastle,All Airlines,Apr-23,267,259,8,185,189,74,70,2023,4
Brisbane-Perth,Brisbane,Perth,All Airlines,Apr-23,288,283,5,158,210,125,73,2023,4
Brisbane-Proserpine,Brisbane,Proserpine,All Airlines,Apr-23,122,121,1,87,91,34,30,2023,4
Brisbane-Rockhampton,Brisbane,Rockhampton,All Airlines,Apr-23,305,297,8,211,202,86,95,2023,4
Brisbane-Sydney,Brisbane,Sydney,All Airlines,Apr-23,1293,1218,75,911,907,307,311,2023,4
Brisbane-Townsville,Brisbane,Townsville,All Airlines,Apr-23,328,324,4,225,233,99,91,2023,4
Broome-Perth,Broome,Perth,All Airlines,Apr-23,122,117,5,55,77,62,40,2023,4
Cairns-Brisbane,Cairns,Brisbane,All Airlines,Apr-23,365,363,2,264,261,99,102,2023,4
Cairns-Melbourne,Cairns,Melbourne,All Airlines,Apr-23,229,217,12,146,157,71,60,2023,4
Cairns-Sydney,Cairns,Sydney,All Airlines,Apr-23,258,241,17,170,170,71,71,2023,4
Cairns-Townsville,Cairns,Townsville,All Airlines,Apr-23,160,148,12,124,124,24,24,2023,4
Canberra-Adelaide,Canberra,Adelaide,All Airlines,Apr-23,132,132,0,105,104,27,28,2023,4
Canberra-Brisbane,Canberra,Brisbane,All Airlines,Apr-23,300,294,6,229,232,65,62,2023,4
Canberra-Gold Coast,Canberra,Gold Coast,All Airlines,Apr-23,47,46,1,24,25,22,21,2023,4
Canberra-Melbourne,Canberra,Melbourne,All Airlines,Apr-23,442,429,13,303,302,126,127,2023,4
Canberra-Sydney,Canberra,Sydney,All Airlines,Apr-23,620,564,56,449,442,115,122,2023,4
Coffs Harbour-Sydney,Coffs Harbour,Sydney,All Airlines,Apr-23,233,232,1,187,180,45,52,2023,4
Darwin-Brisbane,Darwin,Brisbane,All Airlines,Apr-23,58,56,2,38,38,18,18,2023,4
Darwin-Melbourne,Darwin,Melbourne,All Airlines,Apr-23,87,85,2,50,49,35,36,2023,4
Darwin-Perth,Darwin,Perth,All Airlines,Apr-23,52,51,1,38,43,13,8,2023,4
Dubbo-Sydney,Dubbo,Sydney,All Airlines,Apr-23,209,208,1,180,175,28,33,2023,4
Emerald-Brisbane,Emerald,Brisbane,All Airlines,Apr-23,138,134,4,119,114,15,20,2023,4
Gladstone-Brisbane,Gladstone,Brisbane,All Airlines,Apr-23,183,176,7,139,137,37,39,2023,4
Gold Coast-Adelaide,Gold Coast,Adelaide,All Airlines,Apr-23,72,71,1,44,50,27,21,2023,4
Gold Coast-Canberra,Gold Coast,Canberra,All Airlines,Apr-23,47,46,1,29,29,17,17,2023,4
Gold Coast-Melbourne,Gold Coast,Melbourne,All Airlines,Apr-23,580,546,34,315,370,231,176,2023,4
Gold Coast-Sydney,Gold Coast,Sydney,All Airlines,Apr-23,689,652,37,433,436,219,216,2023,4
Hamilton Island-Brisbane,Hamilton Island,Brisbane,All Airlines,Apr-23,61,61,0,40,46,21,15,2023,4
Hamilton Island-Sydney,Hamilton Island,Sydney,All Airlines,Apr-23,87,85,2,43,40,42,45,2023,4
Hobart-Brisbane,Hobart,Brisbane,All Airlines,Apr-23,105,102,3,65,65,37,37,2023,4
Hobart-Melbourne,Hobart,Melbourne,All Airlines,Apr-23,385,368,17,233,212,135,156,2023,4
Hobart-Sydney,Hobart,Sydney,All Airlines,Apr-23,237,231,6,158,157,73,74,2023,4
Kalgoorlie-Perth,Kalgoorlie,Perth,All Airlines,Apr-23,144,138,6,86,92,52,46,2023,4
Karratha-Perth,Karratha,Perth,All Airlines,Apr-23,184,182,2,140,153,42,29,2023,4
Launceston-Brisbane,Launceston,Brisbane,All Airlines,Apr-23,44,44,0,18,18,26,26,2023,4
Launceston-Melbourne,Launceston,Melbourne,All Airlines,Apr-23,308,302,6,201,203,101,99,2023,4
Launceston-Sydney,Launceston,Sydney,All Airlines,Apr-23,112,110,2,65,60,45,50,2023,4
Mackay-Brisbane,Mackay,Brisbane,All Airlines,Apr-23,272,270,2,173,183,97,87,2023,4
Melbourne-Adelaide,Melbourne,Adelaide,All Airlines,Apr-23,715,704,11,491,503,213,201,2023,4
Melbourne-Brisbane,Melbourne,Brisbane,All Airlines,Apr-23,1041,970,71,664,618,306,352,2023,4
Melbourne-Cairns,Melbourne,Cairns,All Airlines,Apr-23,229,216,13,156,166,60,50,2023,4
Melbourne-Canberra,Melbourne,Canberra,All Airlines,Apr-23,442,429,13,315,313,114,116,2023,4
Melbourne-Darwin,Melbourne,Darwin,All Airlines,Apr-23,88,87,1,35,44,52,43,2023,4
Melbourne-Gold Coast,Melbourne,Gold Coast,All Airlines,Apr-23,582,550,32,340,335,210,215,2023,4
Melbourne-Hobart,Melbourne,Hobart,All Airlines,Apr-23,385,370,15,237,236,133,134,2023,4
Melbourne-Launceston,Melbourne,Launceston,All Airlines,Apr-23,311,306,5,204,200,102,106,2023,4
Melbourne-Mildura,Melbourne,Mildura,All Airlines,Apr-23,206,202,4,144,138,58,64,2023,4
Melbourne-Newcastle,Melbourne,Newcastle,All Airlines,Apr-23,140,137,3,101,95,36,42,2023,4
Melbourne-Perth,Melbourne,Perth,All Airlines,Apr-23,456,444,12,273,310,171,134,2023,4
Melbourne-Sunshine Coast,Melbourne,Sunshine Coast,All Airlines,Apr-23,178,176,2,104,110,72,66,2023,4
Melbourne-Sydney,Melbourne,Sydney,All Airlines,Apr-23,2183,1988,195,1507,1395,481,593,2023,4
Mildura-Melbourne,Mildura,Melbourne,All Airlines,Apr-23,206,202,4,139,133,63,69,2023,4
Mount Isa-Brisbane,Mount Isa,Brisbane,All Airlines,Apr-23,57,57,0,48,45,9,12,2023,4
Newcastle-Brisbane,Newcastle,Brisbane,All Airlines,Apr-23,267,253,14,180,185,73,68,2023,4
Newcastle-Melbourne,Newcastle,Melbourne,All Airlines,Apr-23,142,138,4,91,94,47,44,2023,4
Newman-Perth,Newman,Perth,All Airlines,Apr-23,159,154,5,124,117,30,37,2023,4
Perth-Adelaide,Perth,Adelaide,All Airlines,Apr-23,192,187,5,132,133,55,54,2023,4
Perth-Brisbane,Perth,Brisbane,All Airlines,Apr-23,287,282,5,186,174,96,108,2023,4
Perth-Broome,Perth,Broome,All Airlines,Apr-23,122,118,4,80,86,38,32,2023,4
Perth-Darwin,Perth,Darwin,All Airlines,Apr-23,52,51,1,39,40,12,11,2023,4
Perth-Kalgoorlie,Perth,Kalgoorlie,All Airlines,Apr-23,144,138,6,104,103,34,35,2023,4
Perth-Karratha,Perth,Karratha,All Airlines,Apr-23,184,182,2,154,152,28,30,2023,4
Perth-Melbourne,Perth,Melbourne,All Airlines,Apr-23,466,453,13,301,311,152,142,2023,4
Perth-Newman,Perth,Newman,All Airlines,Apr-23,159,154,5,140,138,14,16,2023,4
Perth-Port Hedland,Perth,Port Hedland,All Airlines,Apr-23,172,159,13,126,124,33,35,2023,4
Perth-Sydney,Perth,Sydney,All Airlines,Apr-23,397,385,12,239,257,146,128,2023,4
Port Hedland-Perth,Port Hedland,Perth,All Airlines,Apr-23,170,156,14,98,112,58,44,2023,4
Port Lincoln-Adelaide,Port Lincoln,Adelaide,All Airlines,Apr-23,266,259,7,199,197,60,62,2023,4
Port Macquarie-Sydney,Port Macquarie,Sydney,All Airlines,Apr-23,195,187,8,145,142,42,45,2023,4
Proserpine-Brisbane,Proserpine,Brisbane,All Airlines,Apr-23,124,121,3,70,74,51,47,2023,4
Rockhampton-Brisbane,Rockhampton,Brisbane,All Airlines,Apr-23,306,296,10,210,215,86,81,2023,4
Sunshine Coast-Melbourne,Sunshine Coast,Melbourne,All Airlines,Apr-23,179,175,4,93,100,82,75,2023,4
Sunshine Coast-Sydney,Sunshine Coast,Sydney,All Airlines,Apr-23,222,217,5,141,118,76,99,2023,4
Sydney-Adelaide,Sydney,Adelaide,All Airlines,Apr-23,523,490,33,337,338,153,152,2023,4
Sydney-Albury,Sydney,Albury,All Airlines,Apr-23,214,213,1,186,191,27,22,2023,4
Sydney-Armidale,Sydney,Armidale,All Airlines,Apr-23,167,162,5,124,134,38,28,2023,4
Sydney-Ballina,Sydney,Ballina,All Airlines,Apr-23,205,204,1,134,137,70,67,2023,4
Sydney-Brisbane,Sydney,Brisbane,All Airlines,Apr-23,1293,1221,72,863,829,358,392,2023,4
Sydney-Cairns,Sydney,Cairns,All Airlines,Apr-23,256,244,12,163,185,81,59,2023,4
Sydney-Canberra,Sydney,Canberra,All Airlines,Apr-23,620,567,53,450,460,117,107,2023,4
Sydney-Coffs Harbour,Sydney,Coffs Harbour,All Airlines,Apr-23,234,234,0,187,192,47,42,2023,4
Sydney-Dubbo,Sydney,Dubbo,All Airlines,Apr-23,212,211,1,166,184,45,27,2023,4
Sydney-Gold Coast,Sydney,Gold Coast,All Airlines,Apr-23,687,651,36,435,425,216,226,2023,4
Sydney-Hamilton Island,Sydney,Hamilton Island,All Airlines,Apr-23,86,86,0,54,61,32,25,2023,4
Sydney-Hobart,Sydney,Hobart,All Airlines,Apr-23,236,231,5,158,164,73,67,2023,4
Sydney-Launceston,Sydney,Launceston,All Airlines,Apr-23,112,110,2,70,69,40,41,2023,4
Sydney-Melbourne,Sydney,Melbourne,All Airlines,Apr-23,2179,1973,206,1353,1401,620,572,2023,4
Sydney-Perth,Sydney,Perth,All Airlines,Apr-23,404,394,10,235,267,159,127,2023,4
Sydney-Port Macquarie,Sydney,Port Macquarie,All Airlines,Apr-23,195,189,6,148,150,41,39,2023,4
Sydney-Sunshine Coast,Sydney,Sunshine Coast,All Airlines,Apr-23,221,217,4,149,149,68,68,2023,4
Sydney-Wagga Wagga,Sydney,Wagga Wagga,All Airlines,Apr-23,198,192,6,155,164,37,28,2023,4
Townsville-Brisbane,Townsville,Brisbane,All Airlines,Apr-23,328,324,4,218,207,106,117,2023,4
Townsville-Cairns,Townsville,Cairns,All Airlines,Apr-23,161,149,12,129,133,20,16,2023,4
Wagga Wagga-Sydney,Wagga Wagga,Sydney,All Airlines,Apr-23,200,193,7,165,159,28,34,2023,4
Adelaide-Alice Springs,Adelaide,Alice Springs,All Airlines,May-23,68,68,0,56,53,12,15,2023,5
Adelaide-Brisbane,Adelaide,Brisbane,All Airlines,May-23,363,352,11,245,238,107,114,2023,5
Adelaide-Canberra,Adelaide,Canberra,All Airlines,May-23,141,138,3,123,118,15,20,2023,5
Adelaide-Darwin,Adelaide,Darwin,All Airlines,May-23,97,96,1,75,64,21,32,2023,5
Adelaide-Gold Coast,Adelaide,Gold Coast,All Airlines,May-23,58,58,0,51,49,7,9,2023,5
Adelaide-Melbourne,Adelaide,Melbourne,All Airlines,May-23,726,714,12,475,480,239,234,2023,5
Adelaide-Perth,Adelaide,Perth,All Airlines,May-23,177,175,2,108,126,67,49,2023,5
Adelaide-Port Lincoln,Adelaide,Port Lincoln,All Airlines,May-23,308,291,17,215,210,76,81,2023,5
Adelaide-Sydney,Adelaide,Sydney,All Airlines,May-23,549,525,24,364,346,161,179,2023,5
Albury-Sydney,Albury,Sydney,All Airlines,May-23,208,204,4,148,141,56,63,2023,5
Alice Springs-Adelaide,Alice Springs,Adelaide,All Airlines,May-23,68,67,1,47,53,20,14,2023,5
Armidale-Sydney,Armidale,Sydney,All Airlines,May-23,162,153,9,127,120,26,33,2023,5
Ballina-Sydney,Ballina,Sydney,All Airlines,May-23,192,188,4,123,122,65,66,2023,5
Brisbane-Adelaide,Brisbane,Adelaide,All Airlines,May-23,363,351,12,235,240,116,111,2023,5
Brisbane-Cairns,Brisbane,Cairns,All Airlines,May-23,383,382,1,247,232,135,150,2023,5
Brisbane-Canberra,Brisbane,Canberra,All Airlines,May-23,322,312,10,206,210,106,102,2023,5
Brisbane-Darwin,Brisbane,Darwin,All Airlines,May-23,55,53,2,37,37,16,16,2023,5
Brisbane-Emerald,Brisbane,Emerald,All Airlines,May-23,146,145,1,115,122,30,23,2023,5
Brisbane-Gladstone,Brisbane,Gladstone,All Airlines,May-23,199,190,9,145,150,45,40,2023,5
Brisbane-Hamilton Island,Brisbane,Hamilton Island,All Airlines,May-23,53,53,0,37,34,16,19,2023,5
Brisbane-Hobart,Brisbane,Hobart,All Airlines,May-23,82,82,0,68,68,14,14,2023,5
Brisbane-Launceston,Brisbane,Launceston,All Airlines,May-23,31,31,0,17,17,14,14,2023,5
Brisbane-Mackay,Brisbane,Mackay,All Airlines,May-23,282,278,4,182,176,96,102,2023,5
Brisbane-Melbourne,Brisbane,Melbourne,All Airlines,May-23,1025,992,33,758,746,234,246,2023,5
Brisbane-Mount Isa,Brisbane,Mount Isa,All Airlines,May-23,62,62,0,54,53,8,9,2023,5
Brisbane-Newcastle,Brisbane,Newcastle,All Airlines,May-23,286,276,10,210,213,66,63,2023,5
Brisbane-Perth,Brisbane,Perth,All Airlines,May-23,287,286,1,213,259,73,27,2023,5
Brisbane-Proserpine,Brisbane,Proserpine,All Airlines,May-23,95,94,1,73,73,21,21,2023,5
Brisbane-Rockhampton,Brisbane,Rockhampton,All Airlines,May-23,332,327,5,245,227,82,100,2023,5
Brisbane-Sydney,Brisbane,Sydney,All Airlines,May-23,1358,1300,58,1052,1014,248,286,2023,5
Brisbane-Townsville,Brisbane,Townsville,All Airlines,May-23,330,330,0,239,204,91,126,2023,5
Broome-Perth,Broome,Perth,All Airlines,May-23,127,125,2,75,83,50,42,2023,5
Cairns-Brisbane,Cairns,Brisbane,All Airlines,May-23,383,382,1,222,264,160,118,2023,5
Cairns-Melbourne,Cairns,Melbourne,All Airlines,May-23,162,160,2,84,84,76,76,2023,5
Cairns-Sydney,Cairns,Sydney,All Airlines,May-23,184,179,5,110,117,69,62,2023,5
Cairns-Townsville,Cairns,Townsville,All Airlines,May-23,169,164,5,150,149,14,15,2023,5
Canberra-Adelaide,Canberra,Adelaide,All Airlines,May-23,141,137,4,112,115,25,22,2023,5
Canberra-Brisbane,Canberra,Brisbane,All Airlines,May-23,322,311,11,216,230,95,81,2023,5
Canberra-Gold Coast,Canberra,Gold Coast,All Airlines,May-23,49,49,0,32,38,17,11,2023,5
Canberra-Melbourne,Canberra,Melbourne,All Airlines,May-23,498,478,20,338,327,140,151,2023,5
Canberra-Sydney,Canberra,Sydney,All Airlines,May-23,732,668,64,493,494,175,174,2023,5
Coffs Harbour-Sydney,Coffs Harbour,Sydney,All Airlines,May-23,227,225,2,177,164,48,61,2023,5
Darwin-Adelaide,Darwin,Adelaide,All Airlines,May-23,98,97,1,76,85,21,12,2023,5
Darwin-Brisbane,Darwin,Brisbane,All Airlines,May-23,54,52,2,29,38,23,14,2023,5
Darwin-Melbourne,Darwin,Melbourne,All Airlines,May-23,84,84,0,45,55,39,29,2023,5
Darwin-Perth,Darwin,Perth,All Airlines,May-23,50,50,0,34,37,16,13,2023,5
Devonport-Melbourne,Devonport,Melbourne,All Airlines,May-23,159,155,4,115,114,40,41,2023,5
Dubbo-Sydney,Dubbo,Sydney,All Airlines,May-23,242,240,2,184,175,56,65,2023,5
Emerald-Brisbane,Emerald,Brisbane,All Airlines,May-23,145,144,1,122,119,22,25,2023,5
Gladstone-Brisbane,Gladstone,Brisbane,All Airlines,May-23,199,188,11,147,150,41,38,2023,5
Gold Coast-Adelaide,Gold Coast,Adelaide,All Airlines,May-23,58,58,0,48,47,10,11,2023,5
Gold Coast-Canberra,Gold Coast,Canberra,All Airlines,May-23,48,48,0,39,39,9,9,2023,5
Gold Coast-Melbourne,Gold Coast,Melbourne,All Airlines,May-23,485,472,13,316,334,156,138,2023,5
Gold Coast-Sydney,Gold Coast,Sydney,All Airlines,May-23,651,637,14,477,479,160,158,2023,5
Hamilton Island-Brisbane,Hamilton Island,Brisbane,All Airlines,May-23,53,53,0,31,38,22,15,2023,5
Hamilton Island-Sydney,Hamilton Island,Sydney,All Airlines,May-23,66,66,0,34,39,32,27,2023,5
Hobart-Brisbane,Hobart,Brisbane,All Airlines,May-23,82,82,0,67,60,15,22,2023,5
Hobart-Melbourne,Hobart,Melbourne,All Airlines,May-23,369,364,5,254,230,110,134,2023,5
Hobart-Sydney,Hobart,Sydney,All Airlines,May-23,217,213,4,155,154,58,59,2023,5
Kalgoorlie-Perth,Kalgoorlie,Perth,All Airlines,May-23,160,155,5,118,119,37,36,2023,5
Karratha-Perth,Karratha,Perth,All Airlines,May-23,203,200,3,135,156,65,44,2023,5
Launceston-Brisbane,Launceston,Brisbane,All Airlines,May-23,30,29,1,11,11,18,18,2023,5
Launceston-Melbourne,Launceston,Melbourne,All Airlines,May-23,292,286,6,193,198,93,88,2023,5
Launceston-Sydney,Launceston,Sydney,All Airlines,May-23,80,80,0,45,54,35,26,2023,5
Mackay-Brisbane,Mackay,Brisbane,All Airlines,May-23,287,282,5,174,198,108,84,2023,5
Melbourne-Adelaide,Melbourne,Adelaide,All Airlines,May-23,726,718,8,513,518,205,200,2023,5
Melbourne-Brisbane,Melbourne,Brisbane,All Airlines,May-23,1029,993,36,740,725,253,268,2023,5
Melbourne-Cairns,Melbourne,Cairns,All Airlines,May-23,162,161,1,108,116,53,45,2023,5
Melbourne-Canberra,Melbourne,Canberra,All Airlines,May-23,498,480,18,360,363,120,117,2023,5
Melbourne-Darwin,Melbourne,Darwin,All Airlines,May-23,84,83,1,46,47,37,36,2023,5
Melbourne-Devonport,Melbourne,Devonport,All Airlines,May-23,160,156,4,121,122,35,34,2023,5
Melbourne-Gold Coast,Melbourne,Gold Coast,All Airlines,May-23,485,474,11,331,356,143,118,2023,5
Melbourne-Hobart,Melbourne,Hobart,All Airlines,May-23,369,364,5,252,239,112,125,2023,5
Melbourne-Launceston,Melbourne,Launceston,All Airlines,May-23,291,286,5,211,205,75,81,2023,5
Melbourne-Mildura,Melbourne,Mildura,All Airlines,May-23,227,223,4,175,180,48,43,2023,5
Melbourne-Newcastle,Melbourne,Newcastle,All Airlines,May-23,142,141,1,103,101,38,40,2023,5
Melbourne-Perth,Melbourne,Perth,All Airlines,May-23,460,448,12,293,352,155,96,2023,5
Melbourne-Sunshine Coast,Melbourne,Sunshine Coast,All Airlines,May-23,162,162,0,115,115,47,47,2023,5
Melbourne-Sydney,Melbourne,Sydney,All Airlines,May-23,2336,2153,183,1620,1559,533,594,2023,5
Mildura-Melbourne,Mildura,Melbourne,All Airlines,May-23,227,222,5,165,163,57,59,2023,5
Mount Isa-Brisbane,Mount Isa,Brisbane,All Airlines,May-23,62,62,0,51,55,11,7,2023,5
Newcastle-Brisbane,Newcastle,Brisbane,All Airlines,May-23,287,273,14,211,216,62,57,2023,5
Newcastle-Melbourne,Newcastle,Melbourne,All Airlines,May-23,142,142,0,102,104,40,38,2023,5
Newman-Perth,Newman,Perth,All Airlines,May-23,181,177,4,141,119,36,58,2023,5
Perth-Adelaide,Perth,Adelaide,All Airlines,May-23,177,175,2,124,118,51,57,2023,5
Perth-Brisbane,Perth,Brisbane,All Airlines,May-23,286,285,1,212,219,73,66,2023,5
Perth-Broome,Perth,Broome,All Airlines,May-23,127,125,2,88,95,37,30,2023,5
Perth-Darwin,Perth,Darwin,All Airlines,May-23,50,50,0,39,42,11,8,2023,5
Perth-Kalgoorlie,Perth,Kalgoorlie,All Airlines,May-23,159,155,4,134,129,21,26,2023,5
Perth-Karratha,Perth,Karratha,All Airlines,May-23,204,202,2,155,158,47,44,2023,5
Perth-Melbourne,Perth,Melbourne,All Airlines,May-23,467,454,13,344,317,110,137,2023,5
Perth-Newman,Perth,Newman,All Airlines,May-23,180,178,2,154,153,24,25,2023,5
Perth-Port Hedland,Perth,Port Hedland,All Airlines,May-23,191,189,2,153,156,36,33,2023,5
Perth-Sydney,Perth,Sydney,All Airlines,May-23,405,394,11,290,294,104,100,2023,5
Port Hedland-Perth,Port Hedland,Perth,All Airlines,May-23,191,189,2,122,129,67,60,2023,5
Port Lincoln-Adelaide,Port Lincoln,Adelaide,All Airlines,May-23,310,292,18,229,222,63,70,2023,5
Port Macquarie-Sydney,Port Macquarie,Sydney,All Airlines,May-23,211,203,8,164,148,39,55,2023,5
Proserpine-Brisbane,Proserpine,Brisbane,All Airlines,May-23,95,93,2,52,57,41,36,2023,5
Rockhampton-Brisbane,Rockhampton,Brisbane,All Airlines,May-23,332,325,7,243,241,82,84,2023,5
Sunshine Coast-Melbourne,Sunshine Coast,Melbourne,All Airlines,May-23,162,162,0,108,100,54,62,2023,5
Sunshine Coast-Sydney,Sunshine Coast,Sydney,All Airlines,May-23,194,189,5,134,108,55,81,2023,5
Sydney-Adelaide,Sydney,Adelaide,All Airlines,May-23,550,526,24,351,343,175,183,2023,5
Sydney-Albury,Sydney,Albury,All Airlines,May-23,206,203,3,152,146,51,57,2023,5
Sydney-Armidale,Sydney,Armidale,All Airlines,May-23,159,151,8,123,134,28,17,2023,5
Sydney-Ballina,Sydney,Ballina,All Airlines,May-23,191,187,4,144,144,43,43,2023,5
Sydney-Brisbane,Sydney,Brisbane,All Airlines,May-23,1353,1302,51,983,949,319,353,2023,5
Sydney-Cairns,Sydney,Cairns,All Airlines,May-23,184,179,5,129,127,50,52,2023,5
Sydney-Canberra,Sydney,Canberra,All Airlines,May-23,731,674,57,530,533,144,141,2023,5
Sydney-Coffs Harbour,Sydney,Coffs Harbour,All Airlines,May-23,228,226,2,158,186,68,40,2023,5
Sydney-Dubbo,Sydney,Dubbo,All Airlines,May-23,246,244,2,173,192,71,52,2023,5
Sydney-Gold Coast,Sydney,Gold Coast,All Airlines,May-23,651,637,14,477,472,160,165,2023,5
Sydney-Hamilton Island,Sydney,Hamilton Island,All Airlines,May-23,66,66,0,41,40,25,26,2023,5
Sydney-Hobart,Sydney,Hobart,All Airlines,May-23,217,215,2,155,152,60,63,2023,5
Sydney-Launceston,Sydney,Launceston,All Airlines,May-23,80,80,0,58,58,22,22,2023,5
Sydney-Melbourne,Sydney,Melbourne,All Airlines,May-23,2331,2151,180,1586,1557,565,594,2023,5
Sydney-Perth,Sydney,Perth,All Airlines,May-23,415,406,9,265,304,141,102,2023,5
Sydney-Port Macquarie,Sydney,Port Macquarie,All Airlines,May-23,210,202,8,147,162,55,40,2023,5
Sydney-Sunshine Coast,Sydney,Sunshine Coast,All Airlines,May-23,195,192,3,139,138,53,54,2023,5
Sydney-Wagga Wagga,Sydney,Wagga Wagga,All Airlines,May-23,199,199,0,152,154,47,45,2023,5
Townsville-Brisbane,Townsville,Brisbane,All Airlines,May-23,330,329,1,208,221,121,108,2023,5
Townsville-Cairns,Townsville,Cairns,All Airlines,May-23,169,163,6,150,150,13,13,2023,5
Wagga Wagga-Sydney,Wagga Wagga,Sydney,All Airlines,May-23,197,196,1,143,146,53,50,2023,5
Adelaide-Alice Springs,Adelaide,Alice Springs,All Airlines,Jun-23,66,66,0,53,29,13,37,2023,6
Adelaide-Brisbane,Adelaide,Brisbane,All Airlines,Jun-23,350,340,10,182,208,158,132,2023,6
Adelaide-Canberra,Adelaide,Canberra,All Airlines,Jun-23,131,130,1,111,112,19,18,2023,6
Adelaide-Darwin,Adelaide,Darwin,All Airlines,Jun-23,98,98,0,75,40,23,58,2023,6
Adelaide-Gold Coast,Adelaide,Gold Coast,All Airlines,Jun-23,62,60,2,53,55,7,5,2023,6
Adelaide-Melbourne,Adelaide,Melbourne,All Airlines,Jun-23,656,639,17,394,414,245,225,2023,6
Adelaide-Perth,Adelaide,Perth,All Airlines,Jun-23,175,163,12,113,116,50,47,2023,6
Adelaide-Port Lincoln,Adelaide,Port Lincoln,All Airlines,Jun-23,277,260,17,206,192,54,68,2023,6
Adelaide-Sydney,Adelaide,Sydney,All Airlines,Jun-23,512,487,25,297,314,190,173,2023,6
Albury-Sydney,Albury,Sydney,All Airlines,Jun-23,204,204,0,147,152,57,52,2023,6
Alice Springs-Adelaide,Alice Springs,Adelaide,All Airlines,Jun-23,66,66,0,21,35,45,31,2023,6
Armidale-Sydney,Armidale,Sydney,All Airlines,Jun-23,159,147,12,117,110,30,37,2023,6
Ballina-Sydney,Ballina,Sydney,All Airlines,Jun-23,205,201,4,128,128,73,73,2023,6
Brisbane-Adelaide,Brisbane,Adelaide,All Airlines,Jun-23,349,337,12,211,147,126,190,2023,6
Brisbane-Cairns,Brisbane,Cairns,All Airlines,Jun-23,373,371,2,235,232,136,139,2023,6
Brisbane-Canberra,Brisbane,Canberra,All Airlines,Jun-23,298,296,2,212,206,84,90,2023,6
Brisbane-Darwin,Brisbane,Darwin,All Airlines,Jun-23,102,100,2,77,80,23,20,2023,6
Brisbane-Emerald,Brisbane,Emerald,All Airlines,Jun-23,143,142,1,112,114,30,28,2023,6
Brisbane-Gladstone,Brisbane,Gladstone,All Airlines,Jun-23,189,180,9,136,146,44,34,2023,6
Brisbane-Hamilton Island,Brisbane,Hamilton Island,All Airlines,Jun-23,54,54,0,41,44,13,10,2023,6
Brisbane-Hobart,Brisbane,Hobart,All Airlines,Jun-23,93,92,1,71,68,21,24,2023,6
Brisbane-Launceston,Brisbane,Launceston,All Airlines,Jun-23,35,35,0,21,21,14,14,2023,6
Brisbane-Mackay,Brisbane,Mackay,All Airlines,Jun-23,269,265,4,181,184,84,81,2023,6
Brisbane-Melbourne,Brisbane,Melbourne,All Airlines,Jun-23,981,946,35,689,588,257,358,2023,6
Brisbane-Mount Isa,Brisbane,Mount Isa,All Airlines,Jun-23,61,61,0,55,53,6,8,2023,6
Brisbane-Newcastle,Brisbane,Newcastle,All Airlines,Jun-23,273,259,14,201,202,58,57,2023,6
Brisbane-Perth,Brisbane,Perth,All Airlines,Jun-23,281,273,8,181,170,92,103,2023,6
Brisbane-Proserpine,Brisbane,Proserpine,All Airlines,Jun-23,89,89,0,66,71,23,18,2023,6
Brisbane-Rockhampton,Brisbane,Rockhampton,All Airlines,Jun-23,319,308,11,237,225,71,83,2023,6
Brisbane-Sydney,Brisbane,Sydney,All Airlines,Jun-23,1326,1255,71,938,868,317,387,2023,6
Brisbane-Townsville,Brisbane,Townsville,All Airlines,Jun-23,321,316,5,209,194,107,122,2023,6
Broome-Perth,Broome,Perth,All Airlines,Jun-23,140,138,2,76,85,62,53,2023,6
Cairns-Brisbane,Cairns,Brisbane,All Airlines,Jun-23,372,368,4,238,264,130,104,2023,6
Cairns-Melbourne,Cairns,Melbourne,All Airlines,Jun-23,197,192,5,87,94,105,98,2023,6
Cairns-Sydney,Cairns,Sydney,All Airlines,Jun-23,200,199,1,117,134,82,65,2023,6
Cairns-Townsville,Cairns,Townsville,All Airlines,Jun-23,166,162,4,150,151,12,11,2023,6
Canberra-Adelaide,Canberra,Adelaide,All Airlines,Jun-23,131,130,1,102,83,28,47,2023,6
Canberra-Brisbane,Canberra,Brisbane,All Airlines,Jun-23,298,296,2,223,233,73,63,2023,6
Canberra-Gold Coast,Canberra,Gold Coast,All Airlines,Jun-23,47,47,0,33,33,14,14,2023,6
Canberra-Melbourne,Canberra,Melbourne,All Airlines,Jun-23,453,435,18,307,294,128,141,2023,6
Canberra-Sydney,Canberra,Sydney,All Airlines,Jun-23,711,643,68,484,485,159,158,2023,6
Coffs Harbour-Sydney,Coffs Harbour,Sydney,All Airlines,Jun-23,217,214,3,157,149,57,65,2023,6
Darwin-Adelaide,Darwin,Adelaide,All Airlines,Jun-23,97,97,0,61,82,36,15,2023,6
Darwin-Brisbane,Darwin,Brisbane,All Airlines,Jun-23,100,97,3,51,76,46,21,2023,6
Darwin-Melbourne,Darwin,Melbourne,All Airlines,Jun-23,94,89,5,22,48,67,41,2023,6
Darwin-Perth,Darwin,Perth,All Airlines,Jun-23,51,51,0,26,27,25,24,2023,6
Devonport-Melbourne,Devonport,Melbourne,All Airlines,Jun-23,153,149,4,114,108,35,41,2023,6
Dubbo-Sydney,Dubbo,Sydney,All Airlines,Jun-23,223,216,7,153,151,63,65,2023,6
Emerald-Brisbane,Emerald,Brisbane,All Airlines,Jun-23,143,142,1,116,118,26,24,2023,6
Gladstone-Brisbane,Gladstone,Brisbane,All Airlines,Jun-23,189,178,11,145,141,33,37,2023,6
Gold Coast-Adelaide,Gold Coast,Adelaide,All Airlines,Jun-23,62,60,2,50,44,10,16,2023,6
Gold Coast-Canberra,Gold Coast,Canberra,All Airlines,Jun-23,47,47,0,35,35,12,12,2023,6
Gold Coast-Melbourne,Gold Coast,Melbourne,All Airlines,Jun-23,472,460,12,313,286,147,174,2023,6
Gold Coast-Sydney,Gold Coast,Sydney,All Airlines,Jun-23,656,634,22,445,427,189,207,2023,6
Hamilton Island-Brisbane,Hamilton Island,Brisbane,All Airlines,Jun-23,54,54,0,40,44,14,10,2023,6
Hamilton Island-Sydney,Hamilton Island,Sydney,All Airlines,Jun-23,78,76,2,45,47,31,29,2023,6
Hobart-Brisbane,Hobart,Brisbane,All Airlines,Jun-23,93,91,2,58,50,33,41,2023,6
Hobart-Melbourne,Hobart,Melbourne,All Airlines,Jun-23,357,353,4,238,215,115,138,2023,6
Hobart-Sydney,Hobart,Sydney,All Airlines,Jun-23,224,214,10,167,158,47,56,2023,6
Kalgoorlie-Perth,Kalgoorlie,Perth,All Airlines,Jun-23,152,149,3,96,93,53,56,2023,6
Karratha-Perth,Karratha,Perth,All Airlines,Jun-23,195,192,3,122,133,70,59,2023,6
Launceston-Brisbane,Launceston,Brisbane,All Airlines,Jun-23,35,35,0,17,20,18,15,2023,6
Launceston-Melbourne,Launceston,Melbourne,All Airlines,Jun-23,273,262,11,184,184,78,78,2023,6
Launceston-Sydney,Launceston,Sydney,All Airlines,Jun-23,89,87,2,61,57,26,30,2023,6
Mackay-Brisbane,Mackay,Brisbane,All Airlines,Jun-23,274,269,5,174,199,95,70,2023,6
Melbourne-Adelaide,Melbourne,Adelaide,All Airlines,Jun-23,657,645,12,408,379,237,266,2023,6
Melbourne-Brisbane,Melbourne,Brisbane,All Airlines,Jun-23,992,962,30,632,648,330,314,2023,6
Melbourne-Cairns,Melbourne,Cairns,All Airlines,Jun-23,197,195,2,122,112,73,83,2023,6
Melbourne-Canberra,Melbourne,Canberra,All Airlines,Jun-23,453,434,19,311,310,123,124,2023,6
Melbourne-Darwin,Melbourne,Darwin,All Airlines,Jun-23,92,89,3,38,23,51,66,2023,6
Melbourne-Devonport,Melbourne,Devonport,All Airlines,Jun-23,153,149,4,115,118,34,31,2023,6
Melbourne-Gold Coast,Melbourne,Gold Coast,All Airlines,Jun-23,471,461,10,286,324,175,137,2023,6
Melbourne-Hobart,Melbourne,Hobart,All Airlines,Jun-23,357,355,2,225,212,130,143,2023,6
Melbourne-Launceston,Melbourne,Launceston,All Airlines,Jun-23,271,264,7,173,167,91,97,2023,6
Melbourne-Mildura,Melbourne,Mildura,All Airlines,Jun-23,216,209,7,140,129,69,80,2023,6
Melbourne-Newcastle,Melbourne,Newcastle,All Airlines,Jun-23,135,132,3,83,87,49,45,2023,6
Melbourne-Perth,Melbourne,Perth,All Airlines,Jun-23,446,422,24,270,271,152,151,2023,6
Melbourne-Sunshine Coast,Melbourne,Sunshine Coast,All Airlines,Jun-23,163,161,2,110,112,51,49,2023,6
Melbourne-Sydney,Melbourne,Sydney,All Airlines,Jun-23,2202,2007,195,1416,1397,591,610,2023,6
Mildura-Melbourne,Mildura,Melbourne,All Airlines,Jun-23,214,203,11,119,121,84,82,2023,6
Mount Isa-Brisbane,Mount Isa,Brisbane,All Airlines,Jun-23,61,60,1,46,51,14,9,2023,6
Newcastle-Brisbane,Newcastle,Brisbane,All Airlines,Jun-23,274,258,16,196,204,62,54,2023,6
Newcastle-Melbourne,Newcastle,Melbourne,All Airlines,Jun-23,136,129,7,89,82,40,47,2023,6
Newman-Perth,Newman,Perth,All Airlines,Jun-23,171,162,9,112,95,50,67,2023,6
Perth-Adelaide,Perth,Adelaide,All Airlines,Jun-23,176,165,11,103,111,62,54,2023,6
Perth-Brisbane,Perth,Brisbane,All Airlines,Jun-23,281,273,8,155,193,118,80,2023,6
Perth-Broome,Perth,Broome,All Airlines,Jun-23,141,139,2,93,104,46,35,2023,6
Perth-Darwin,Perth,Darwin,All Airlines,Jun-23,51,51,0,33,30,18,21,2023,6
Perth-Kalgoorlie,Perth,Kalgoorlie,All Airlines,Jun-23,152,149,3,116,108,33,41,2023,6
Perth-Karratha,Perth,Karratha,All Airlines,Jun-23,195,192,3,148,145,44,47,2023,6
Perth-Melbourne,Perth,Melbourne,All Airlines,Jun-23,456,429,27,278,300,151,129,2023,6
Perth-Newman,Perth,Newman,All Airlines,Jun-23,172,166,6,127,126,39,40,2023,6
Perth-Port Hedland,Perth,Port Hedland,All Airlines,Jun-23,187,180,7,134,137,46,43,2023,6
Perth-Sydney,Perth,Sydney,All Airlines,Jun-23,396,381,15,206,276,175,105,2023,6
Port Hedland-Perth,Port Hedland,Perth,All Airlines,Jun-23,187,180,7,117,109,63,71,2023,6
Port Lincoln-Adelaide,Port Lincoln,Adelaide,All Airlines,Jun-23,277,260,17,199,199,61,61,2023,6
Port Macquarie-Sydney,Port Macquarie,Sydney,All Airlines,Jun-23,196,191,5,146,133,45,58,2023,6
Proserpine-Brisbane,Proserpine,Brisbane,All Airlines,Jun-23,90,89,1,66,68,23,21,2023,6
Rockhampton-Brisbane,Rockhampton,Brisbane,All Airlines,Jun-23,322,308,14,201,197,107,111,2023,6
Sunshine Coast-Melbourne,Sunshine Coast,Melbourne,All Airlines,Jun-23,163,160,3,101,77,59,83,2023,6
Sunshine Coast-Sydney,Sunshine Coast,Sydney,All Airlines,Jun-23,201,200,1,137,109,63,91,2023,6
Sydney-Adelaide,Sydney,Adelaide,All Airlines,Jun-23,512,487,25,344,268,143,219,2023,6
Sydney-Albury,Sydney,Albury,All Airlines,Jun-23,204,204,0,157,161,47,43,2023,6
Sydney-Armidale,Sydney,Armidale,All Airlines,Jun-23,159,148,11,115,125,33,23,2023,6
Sydney-Ballina,Sydney,Ballina,All Airlines,Jun-23,206,202,4,144,149,58,53,2023,6
Sydney-Brisbane,Sydney,Brisbane,All Airlines,Jun-23,1319,1245,74,911,883,334,362,2023,6
Sydney-Cairns,Sydney,Cairns,All Airlines,Jun-23,200,199,1,127,129,72,70,2023,6
Sydney-Canberra,Sydney,Canberra,All Airlines,Jun-23,710,645,65,490,495,155,150,2023,6
Sydney-Coffs Harbour,Sydney,Coffs Harbour,All Airlines,Jun-23,217,214,3,157,169,57,45,2023,6
Sydney-Dubbo,Sydney,Dubbo,All Airlines,Jun-23,231,225,6,161,168,64,57,2023,6
Sydney-Gold Coast,Sydney,Gold Coast,All Airlines,Jun-23,655,634,21,442,435,192,199,2023,6
Sydney-Hamilton Island,Sydney,Hamilton Island,All Airlines,Jun-23,78,77,1,54,51,23,26,2023,6
Sydney-Hobart,Sydney,Hobart,All Airlines,Jun-23,225,218,7,170,167,48,51,2023,6
Sydney-Launceston,Sydney,Launceston,All Airlines,Jun-23,89,87,2,66,67,21,20,2023,6
Sydney-Melbourne,Sydney,Melbourne,All Airlines,Jun-23,2196,2011,185,1423,1228,588,783,2023,6
Sydney-Perth,Sydney,Perth,All Airlines,Jun-23,404,391,13,245,195,146,196,2023,6
Sydney-Port Macquarie,Sydney,Port Macquarie,All Airlines,Jun-23,197,190,7,142,148,48,42,2023,6
Sydney-Sunshine Coast,Sydney,Sunshine Coast,All Airlines,Jun-23,201,200,1,139,138,61,62,2023,6
Sydney-Wagga Wagga,Sydney,Wagga Wagga,All Airlines,Jun-23,192,191,1,142,135,49,56,2023,6
Townsville-Brisbane,Townsville,Brisbane,All Airlines,Jun-23,320,315,5,164,178,151,137,2023,6
Townsville-Cairns,Townsville,Cairns,All Airlines,Jun-23,165,163,2,133,139,30,24,2023,6
Wagga Wagga-Sydney,Wagga Wagga,Sydney,All Airlines,Jun-23,190,189,1,144,149,45,40,2023,6
Adelaide-Alice Springs,Adelaide,Alice Springs,All Airlines,Jul-23,68,68,0,53,43,15,25,2023,7
Adelaide-Brisbane,Adelaide,Brisbane,All Airlines,Jul-23,365,355,10,192,224,163,131,2023,7
Adelaide-Canberra,Adelaide,Canberra,All Airlines,Jul-23,131,127,4,104,105,23,22,2023,7
Adelaide-Darwin,Adelaide,Darwin,All Airlines,Jul-23,108,106,2,84,69,22,37,2023,7
Adelaide-Gold Coast,Adelaide,Gold Coast,All Airlines,Jul-23,79,78,1,62,67,16,11,2023,7
Adelaide-Melbourne,Adelaide,Melbourne,All Airlines,Jul-23,659,649,10,426,432,223,217,2023,7
Adelaide-Perth,Adelaide,Perth,All Airlines,Jul-23,183,171,12,130,127,41,44,2023,7
Adelaide-Port Lincoln,Adelaide,Port Lincoln,All Airlines,Jul-23,284,271,13,234,225,37,46,2023,7
Adelaide-Sydney,Adelaide,Sydney,All Airlines,Jul-23,521,486,35,324,344,162,142,2023,7
Albury-Sydney,Albury,Sydney,All Airlines,Jul-23,206,201,5,144,146,57,55,2023,7
Alice Springs-Adelaide,Alice Springs,Adelaide,All Airlines,Jul-23,68,68,0,32,39,36,29,2023,7
Armidale-Sydney,Armidale,Sydney,All Airlines,Jul-23,166,153,13,111,116,42,37,2023,7
Ballina-Sydney,Ballina,Sydney,All Airlines,Jul-23,230,221,9,158,151,63,70,2023,7
Brisbane-Adelaide,Brisbane,Adelaide,All Airlines,Jul-23,364,354,10,217,180,137,174,2023,7
Brisbane-Cairns,Brisbane,Cairns,All Airlines,Jul-23,393,390,3,272,279,118,111,2023,7
Brisbane-Canberra,Brisbane,Canberra,All Airlines,Jul-23,301,299,2,191,184,108,115,2023,7
Brisbane-Darwin,Brisbane,Darwin,All Airlines,Jul-23,116,116,0,85,91,31,25,2023,7
Brisbane-Emerald,Brisbane,Emerald,All Airlines,Jul-23,148,148,0,119,122,29,26,2023,7
Brisbane-Gladstone,Brisbane,Gladstone,All Airlines,Jul-23,195,178,17,129,138,49,40,2023,7
Brisbane-Hamilton Island,Brisbane,Hamilton Island,All Airlines,Jul-23,61,60,1,39,41,21,19,2023,7
Brisbane-Hobart,Brisbane,Hobart,All Airlines,Jul-23,93,88,5,64,65,24,23,2023,7
Brisbane-Launceston,Brisbane,Launceston,All Airlines,Jul-23,41,41,0,25,24,16,17,2023,7
Brisbane-Mackay,Brisbane,Mackay,All Airlines,Jul-23,278,274,4,172,182,102,92,2023,7
Brisbane-Melbourne,Brisbane,Melbourne,All Airlines,Jul-23,989,940,49,591,558,349,382,2023,7
Brisbane-Mount Isa,Brisbane,Mount Isa,All Airlines,Jul-23,64,64,0,54,58,10,6,2023,7
Brisbane-Newcastle,Brisbane,Newcastle,All Airlines,Jul-23,272,258,14,187,191,71,67,2023,7
Brisbane-Perth,Brisbane,Perth,All Airlines,Jul-23,287,276,11,156,165,120,111,2023,7
Brisbane-Proserpine,Brisbane,Proserpine,All Airlines,Jul-23,103,102,1,74,75,28,27,2023,7
Brisbane-Rockhampton,Brisbane,Rockhampton,All Airlines,Jul-23,321,305,16,204,203,101,102,2023,7
Brisbane-Sydney,Brisbane,Sydney,All Airlines,Jul-23,1366,1284,82,915,860,369,424,2023,7
Brisbane-Townsville,Brisbane,Townsville,All Airlines,Jul-23,333,332,1,196,196,136,136,2023,7
Broome-Perth,Broome,Perth,All Airlines,Jul-23,146,141,5,65,71,76,70,2023,7
Cairns-Brisbane,Cairns,Brisbane,All Airlines,Jul-23,392,390,2,273,291,117,99,2023,7
Cairns-Melbourne,Cairns,Melbourne,All Airlines,Jul-23,246,236,10,133,133,103,103,2023,7
Cairns-Sydney,Cairns,Sydney,All Airlines,Jul-23,255,250,5,155,170,95,80,2023,7
Cairns-Townsville,Cairns,Townsville,All Airlines,Jul-23,165,156,9,137,136,19,20,2023,7
Canberra-Adelaide,Canberra,Adelaide,All Airlines,Jul-23,131,127,4,103,86,24,41,2023,7
Canberra-Brisbane,Canberra,Brisbane,All Airlines,Jul-23,301,298,3,188,204,110,94,2023,7
Canberra-Gold Coast,Canberra,Gold Coast,All Airlines,Jul-23,49,49,0,26,32,23,17,2023,7
Canberra-Melbourne,Canberra,Melbourne,All Airlines,Jul-23,444,424,20,265,240,159,184,2023,7
Canberra-Sydney,Canberra,Sydney,All Airlines,Jul-23,711,649,62,464,469,185,180,2023,7
Coffs Harbour-Sydney,Coffs Harbour,Sydney,All Airlines,Jul-23,206,201,5,151,137,50,64,2023,7
Darwin-Adelaide,Darwin,Adelaide,All Airlines,Jul-23,110,107,3,75,95,32,12,2023,7
Darwin-Brisbane,Darwin,Brisbane,All Airlines,Jul-23,117,115,2,63,79,52,36,2023,7
Darwin-Melbourne,Darwin,Melbourne,All Airlines,Jul-23,115,115,0,49,68,66,47,2023,7
Darwin-Perth,Darwin,Perth,All Airlines,Jul-23,61,59,2,30,32,29,27,2023,7
Devonport-Melbourne,Devonport,Melbourne,All Airlines,Jul-23,169,166,3,134,131,32,35,2023,7
Dubbo-Sydney,Dubbo,Sydney,All Airlines,Jul-23,226,222,4,170,169,52,53,2023,7
Emerald-Brisbane,Emerald,Brisbane,All Airlines,Jul-23,148,147,1,120,120,27,27,2023,7
Gladstone-Brisbane,Gladstone,Brisbane,All Airlines,Jul-23,196,179,17,136,138,43,41,2023,7
Gold Coast-Adelaide,Gold Coast,Adelaide,All Airlines,Jul-23,79,78,1,52,43,26,35,2023,7
Gold Coast-Canberra,Gold Coast,Canberra,All Airlines,Jul-23,49,49,0,31,28,18,21,2023,7
Gold Coast-Melbourne,Gold Coast,Melbourne,All Airlines,Jul-23,546,528,18,317,307,211,221,2023,7
Gold Coast-Sydney,Gold Coast,Sydney,All Airlines,Jul-23,725,696,29,474,475,222,221,2023,7
Hamilton Island-Brisbane,Hamilton Island,Brisbane,All Airlines,Jul-23,61,59,2,35,39,24,20,2023,7
Hamilton Island-Sydney,Hamilton Island,Sydney,All Airlines,Jul-23,92,90,2,48,50,42,40,2023,7
Hobart-Brisbane,Hobart,Brisbane,All Airlines,Jul-23,93,88,5,51,53,37,35,2023,7
Hobart-Melbourne,Hobart,Melbourne,All Airlines,Jul-23,344,340,4,220,196,120,144,2023,7
Hobart-Sydney,Hobart,Sydney,All Airlines,Jul-23,240,234,6,174,167,60,67,2023,7
Kalgoorlie-Perth,Kalgoorlie,Perth,All Airlines,Jul-23,150,141,9,100,84,41,57,2023,7
Karratha-Perth,Karratha,Perth,All Airlines,Jul-23,196,192,4,101,116,91,76,2023,7
Launceston-Brisbane,Launceston,Brisbane,All Airlines,Jul-23,41,41,0,21,24,20,17,2023,7
Launceston-Melbourne,Launceston,Melbourne,All Airlines,Jul-23,299,288,11,176,183,112,105,2023,7
Launceston-Sydney,Launceston,Sydney,All Airlines,Jul-23,118,116,2,69,72,47,44,2023,7
Mackay-Brisbane,Mackay,Brisbane,All Airlines,Jul-23,283,278,5,170,192,108,86,2023,7
Melbourne-Adelaide,Melbourne,Adelaide,All Airlines,Jul-23,658,646,12,428,414,218,232,2023,7
Melbourne-Brisbane,Melbourne,Brisbane,All Airlines,Jul-23,995,947,48,570,596,377,351,2023,7
Melbourne-Cairns,Melbourne,Cairns,All Airlines,Jul-23,244,234,10,152,165,82,69,2023,7
Melbourne-Canberra,Melbourne,Canberra,All Airlines,Jul-23,444,430,14,285,280,145,150,2023,7
Melbourne-Darwin,Melbourne,Darwin,All Airlines,Jul-23,114,113,1,63,46,50,67,2023,7
Melbourne-Devonport,Melbourne,Devonport,All Airlines,Jul-23,169,166,3,134,139,32,27,2023,7
Melbourne-Gold Coast,Melbourne,Gold Coast,All Airlines,Jul-23,546,528,18,317,348,211,180,2023,7
Melbourne-Hobart,Melbourne,Hobart,All Airlines,Jul-23,343,341,2,200,189,141,152,2023,7
Melbourne-Launceston,Melbourne,Launceston,All Airlines,Jul-23,299,288,11,174,167,114,121,2023,7
Melbourne-Mildura,Melbourne,Mildura,All Airlines,Jul-23,237,234,3,178,175,56,59,2023,7
Melbourne-Newcastle,Melbourne,Newcastle,All Airlines,Jul-23,148,145,3,100,100,45,45,2023,7
Melbourne-Perth,Melbourne,Perth,All Airlines,Jul-23,456,429,27,242,229,187,200,2023,7
Melbourne-Sunshine Coast,Melbourne,Sunshine Coast,All Airlines,Jul-23,163,162,1,97,112,65,50,2023,7
Melbourne-Sydney,Melbourne,Sydney,All Airlines,Jul-23,2249,2057,192,1453,1442,604,615,2023,7
Mildura-Melbourne,Mildura,Melbourne,All Airlines,Jul-23,237,232,5,178,172,54,60,2023,7
Mount Isa-Brisbane,Mount Isa,Brisbane,All Airlines,Jul-23,65,64,1,50,56,14,8,2023,7
Newcastle-Brisbane,Newcastle,Brisbane,All Airlines,Jul-23,273,256,17,170,182,86,74,2023,7
Newcastle-Melbourne,Newcastle,Melbourne,All Airlines,Jul-23,148,146,2,102,101,44,45,2023,7
Newman-Perth,Newman,Perth,All Airlines,Jul-23,168,160,8,124,102,36,58,2023,7
Perth-Adelaide,Perth,Adelaide,All Airlines,Jul-23,185,173,12,114,141,59,32,2023,7
Perth-Brisbane,Perth,Brisbane,All Airlines,Jul-23,289,274,15,165,204,109,70,2023,7
Perth-Broome,Perth,Broome,All Airlines,Jul-23,146,141,5,83,99,58,42,2023,7
Perth-Darwin,Perth,Darwin,All Airlines,Jul-23,61,59,2,42,41,17,18,2023,7
Perth-Kalgoorlie,Perth,Kalgoorlie,All Airlines,Jul-23,150,142,8,106,103,36,39,2023,7
Perth-Karratha,Perth,Karratha,All Airlines,Jul-23,196,192,4,125,125,67,67,2023,7
Perth-Melbourne,Perth,Melbourne,All Airlines,Jul-23,464,431,33,241,312,190,119,2023,7
Perth-Newman,Perth,Newman,All Airlines,Jul-23,169,163,6,128,128,35,35,2023,7
Perth-Port Hedland,Perth,Port Hedland,All Airlines,Jul-23,192,188,4,129,130,59,58,2023,7
Perth-Sydney,Perth,Sydney,All Airlines,Jul-23,413,391,22,185,286,206,105,2023,7
Port Hedland-Perth,Port Hedland,Perth,All Airlines,Jul-23,192,187,5,117,115,70,72,2023,7
Port Lincoln-Adelaide,Port Lincoln,Adelaide,All Airlines,Jul-23,285,269,16,220,220,49,49,2023,7
Port Macquarie-Sydney,Port Macquarie,Sydney,All Airlines,Jul-23,192,188,4,150,138,38,50,2023,7
Proserpine-Brisbane,Proserpine,Brisbane,All Airlines,Jul-23,104,102,2,61,68,41,34,2023,7
Rockhampton-Brisbane,Rockhampton,Brisbane,All Airlines,Jul-23,321,303,18,189,189,114,114,2023,7
Sunshine Coast-Melbourne,Sunshine Coast,Melbourne,All Airlines,Jul-23,164,163,1,69,65,94,98,2023,7
Sunshine Coast-Sydney,Sunshine Coast,Sydney,All Airlines,Jul-23,225,223,2,145,116,78,107,2023,7
Sydney-Adelaide,Sydney,Adelaide,All Airlines,Jul-23,520,489,31,343,309,146,180,2023,7
Sydney-Albury,Sydney,Albury,All Airlines,Jul-23,206,201,5,147,146,54,55,2023,7
Sydney-Armidale,Sydney,Armidale,All Airlines,Jul-23,161,151,10,107,117,44,34,2023,7
Sydney-Ballina,Sydney,Ballina,All Airlines,Jul-23,229,222,7,157,168,65,54,2023,7
Sydney-Brisbane,Sydney,Brisbane,All Airlines,Jul-23,1361,1289,72,855,834,434,455,2023,7
Sydney-Cairns,Sydney,Cairns,All Airlines,Jul-23,255,252,3,171,177,81,75,2023,7
Sydney-Canberra,Sydney,Canberra,All Airlines,Jul-23,712,653,59,489,493,164,160,2023,7
Sydney-Coffs Harbour,Sydney,Coffs Harbour,All Airlines,Jul-23,206,202,4,140,159,62,43,2023,7
Sydney-Dubbo,Sydney,Dubbo,All Airlines,Jul-23,229,229,0,168,174,61,55,2023,7
Sydney-Gold Coast,Sydney,Gold Coast,All Airlines,Jul-23,725,699,26,469,471,230,228,2023,7
Sydney-Hamilton Island,Sydney,Hamilton Island,All Airlines,Jul-23,92,90,2,59,61,31,29,2023,7
Sydney-Hobart,Sydney,Hobart,All Airlines,Jul-23,240,234,6,165,169,69,65,2023,7
Sydney-Launceston,Sydney,Launceston,All Airlines,Jul-23,117,116,1,72,72,44,44,2023,7
Sydney-Melbourne,Sydney,Melbourne,All Airlines,Jul-23,2247,2051,196,1405,1267,646,784,2023,7
Sydney-Perth,Sydney,Perth,All Airlines,Jul-23,421,400,21,207,187,193,213,2023,7
Sydney-Port Macquarie,Sydney,Port Macquarie,All Airlines,Jul-23,195,193,2,147,157,46,36,2023,7
Sydney-Sunshine Coast,Sydney,Sunshine Coast,All Airlines,Jul-23,223,221,2,149,150,72,71,2023,7
Sydney-Wagga Wagga,Sydney,Wagga Wagga,All Airlines,Jul-23,198,196,2,143,147,53,49,2023,7
Townsville-Brisbane,Townsville,Brisbane,All Airlines,Jul-23,331,329,2,164,158,165,171,2023,7
Townsville-Cairns,Townsville,Cairns,All Airlines,Jul-23,165,154,11,119,120,35,34,2023,7
Wagga Wagga-Sydney,Wagga Wagga,Sydney,All Airlines,Jul-23,200,197,3,155,156,42,41,2023,7
Adelaide-Alice Springs,Adelaide,Alice Springs,All Airlines,Aug-23,67,65,2,54,48,11,17,2023,8
Adelaide-Brisbane,Adelaide,Brisbane,All Airlines,Aug-23,359,353,6,236,265,117,88,2023,8
Adelaide-Cairns,Adelaide,Cairns,All Airlines,Aug-23,45,45,0,37,39,8,6,2023,8
Adelaide-Canberra,Adelaide,Canberra,All Airlines,Aug-23,132,130,2,106,103,24,27,2023,8
Adelaide-Darwin,Adelaide,Darwin,All Airlines,Aug-23,101,101,0,81,78,20,23,2023,8
Adelaide-Gold Coast,Adelaide,Gold Coast,All Airlines,Aug-23,57,55,2,47,50,8,5,2023,8
Adelaide-Melbourne,Adelaide,Melbourne,All Airlines,Aug-23,698,685,13,480,498,205,187,2023,8
Adelaide-Perth,Adelaide,Perth,All Airlines,Aug-23,191,179,12,139,133,40,46,2023,8
Adelaide-Port Lincoln,Adelaide,Port Lincoln,All Airlines,Aug-23,289,277,12,247,239,30,38,2023,8
Adelaide-Sydney,Adelaide,Sydney,All Airlines,Aug-23,512,486,26,356,349,130,137,2023,8
Albury-Sydney,Albury,Sydney,All Airlines,Aug-23,229,223,6,163,162,60,61,2023,8
Alice Springs-Adelaide,Alice Springs,Adelaide,All Airlines,Aug-23,67,65,2,44,38,21,27,2023,8
Armidale-Sydney,Armidale,Sydney,All Airlines,Aug-23,170,156,14,125,122,31,34,2023,8
Ballina-Sydney,Ballina,Sydney,All Airlines,Aug-23,227,221,6,167,161,54,60,2023,8
Brisbane-Adelaide,Brisbane,Adelaide,All Airlines,Aug-23,359,353,6,244,221,109,132,2023,8
Brisbane-Cairns,Brisbane,Cairns,All Airlines,Aug-23,411,410,1,301,315,109,95,2023,8
Brisbane-Canberra,Brisbane,Canberra,All Airlines,Aug-23,323,314,9,220,214,94,100,2023,8
Brisbane-Darwin,Brisbane,Darwin,All Airlines,Aug-23,97,97,0,67,81,30,16,2023,8
Brisbane-Emerald,Brisbane,Emerald,All Airlines,Aug-23,153,151,2,116,123,35,28,2023,8
Brisbane-Gladstone,Brisbane,Gladstone,All Airlines,Aug-23,202,189,13,147,151,42,38,2023,8
Brisbane-Hamilton Island,Brisbane,Hamilton Island,All Airlines,Aug-23,53,53,0,39,41,14,12,2023,8
Brisbane-Hobart,Brisbane,Hobart,All Airlines,Aug-23,82,82,0,56,47,26,35,2023,8
Brisbane-Launceston,Brisbane,Launceston,All Airlines,Aug-23,36,36,0,20,24,16,12,2023,8
Brisbane-Mackay,Brisbane,Mackay,All Airlines,Aug-23,285,285,0,190,212,95,73,2023,8
Brisbane-Melbourne,Brisbane,Melbourne,All Airlines,Aug-23,1007,962,45,682,640,280,322,2023,8
Brisbane-Mount Isa,Brisbane,Mount Isa,All Airlines,Aug-23,68,68,0,59,64,9,4,2023,8
Brisbane-Newcastle,Brisbane,Newcastle,All Airlines,Aug-23,276,258,18,186,183,72,75,2023,8
Brisbane-Perth,Brisbane,Perth,All Airlines,Aug-23,298,291,7,196,188,95,103,2023,8
Brisbane-Proserpine,Brisbane,Proserpine,All Airlines,Aug-23,92,92,0,70,70,22,22,2023,8
Brisbane-Rockhampton,Brisbane,Rockhampton,All Airlines,Aug-23,334,325,9,238,239,87,86,2023,8
Brisbane-Sydney,Brisbane,Sydney,All Airlines,Aug-23,1390,1313,77,995,961,318,352,2023,8
Brisbane-Townsville,Brisbane,Townsville,All Airlines,Aug-23,320,319,1,216,227,103,92,2023,8
Broome-Perth,Broome,Perth,All Airlines,Aug-23,147,146,1,70,78,76,68,2023,8
Cairns-Adelaide,Cairns,Adelaide,All Airlines,Aug-23,45,45,0,29,27,16,18,2023,8
Cairns-Brisbane,Cairns,Brisbane,All Airlines,Aug-23,411,409,2,311,299,98,110,2023,8
Cairns-Melbourne,Cairns,Melbourne,All Airlines,Aug-23,226,223,3,140,134,83,89,2023,8
Cairns-Sydney,Cairns,Sydney,All Airlines,Aug-23,230,226,4,161,150,65,76,2023,8
Cairns-Townsville,Cairns,Townsville,All Airlines,Aug-23,172,168,4,140,142,28,26,2023,8
Canberra-Adelaide,Canberra,Adelaide,All Airlines,Aug-23,132,130,2,96,90,34,40,2023,8
Canberra-Brisbane,Canberra,Brisbane,All Airlines,Aug-23,323,314,9,214,232,100,82,2023,8
Canberra-Gold Coast,Canberra,Gold Coast,All Airlines,Aug-23,49,48,1,32,32,16,16,2023,8
Canberra-Melbourne,Canberra,Melbourne,All Airlines,Aug-23,473,458,15,316,306,142,152,2023,8
Canberra-Sydney,Canberra,Sydney,All Airlines,Aug-23,748,666,82,493,484,173,182,2023,8
Coffs Harbour-Sydney,Coffs Harbour,Sydney,All Airlines,Aug-23,228,220,8,180,174,40,46,2023,8
Darwin-Adelaide,Darwin,Adelaide,All Airlines,Aug-23,103,103,0,77,83,26,20,2023,8
Darwin-Brisbane,Darwin,Brisbane,All Airlines,Aug-23,99,99,0,64,67,35,32,2023,8
Darwin-Melbourne,Darwin,Melbourne,All Airlines,Aug-23,92,92,0,47,57,45,35,2023,8
Darwin-Perth,Darwin,Perth,All Airlines,Aug-23,62,59,3,26,33,33,26,2023,8
Devonport-Melbourne,Devonport,Melbourne,All Airlines,Aug-23,172,159,13,114,109,45,50,2023,8
Dubbo-Sydney,Dubbo,Sydney,All Airlines,Aug-23,247,239,8,198,198,41,41,2023,8
Emerald-Brisbane,Emerald,Brisbane,All Airlines,Aug-23,153,151,2,125,120,26,31,2023,8
Gladstone-Brisbane,Gladstone,Brisbane,All Airlines,Aug-23,201,189,12,151,138,38,51,2023,8
Gold Coast-Adelaide,Gold Coast,Adelaide,All Airlines,Aug-23,57,55,2,44,41,11,14,2023,8
Gold Coast-Canberra,Gold Coast,Canberra,All Airlines,Aug-23,48,48,0,33,33,15,15,2023,8
Gold Coast-Melbourne,Gold Coast,Melbourne,All Airlines,Aug-23,528,511,17,338,344,173,167,2023,8
Gold Coast-Sydney,Gold Coast,Sydney,All Airlines,Aug-23,681,663,18,509,490,154,173,2023,8
Hamilton Island-Brisbane,Hamilton Island,Brisbane,All Airlines,Aug-23,53,53,0,39,40,14,13,2023,8
Hamilton Island-Sydney,Hamilton Island,Sydney,All Airlines,Aug-23,84,83,1,55,46,28,37,2023,8
Hobart-Brisbane,Hobart,Brisbane,All Airlines,Aug-23,82,81,1,43,48,38,33,2023,8
Hobart-Melbourne,Hobart,Melbourne,All Airlines,Aug-23,326,321,5,213,188,108,133,2023,8
Hobart-Sydney,Hobart,Sydney,All Airlines,Aug-23,224,221,3,158,150,63,71,2023,8
Kalgoorlie-Perth,Kalgoorlie,Perth,All Airlines,Aug-23,178,171,7,127,116,44,55,2023,8
Karratha-Perth,Karratha,Perth,All Airlines,Aug-23,208,206,2,134,134,72,72,2023,8
Launceston-Brisbane,Launceston,Brisbane,All Airlines,Aug-23,36,36,0,17,20,19,16,2023,8
Launceston-Melbourne,Launceston,Melbourne,All Airlines,Aug-23,291,281,10,178,175,103,106,2023,8
Launceston-Sydney,Launceston,Sydney,All Airlines,Aug-23,96,95,1,60,60,35,35,2023,8
Mackay-Brisbane,Mackay,Brisbane,All Airlines,Aug-23,290,289,1,205,222,84,67,2023,8
Melbourne-Adelaide,Melbourne,Adelaide,All Airlines,Aug-23,695,683,12,479,473,204,210,2023,8
Melbourne-Brisbane,Melbourne,Brisbane,All Airlines,Aug-23,1008,968,40,659,680,309,288,2023,8
Melbourne-Cairns,Melbourne,Cairns,All Airlines,Aug-23,226,224,2,153,171,71,53,2023,8
Melbourne-Canberra,Melbourne,Canberra,All Airlines,Aug-23,473,460,13,318,312,142,148,2023,8
Melbourne-Darwin,Melbourne,Darwin,All Airlines,Aug-23,93,93,0,66,67,27,26,2023,8
Melbourne-Devonport,Melbourne,Devonport,All Airlines,Aug-23,172,160,12,116,121,44,39,2023,8
Melbourne-Gold Coast,Melbourne,Gold Coast,All Airlines,Aug-23,528,510,18,351,380,159,130,2023,8
Melbourne-Hobart,Melbourne,Hobart,All Airlines,Aug-23,326,324,2,214,201,110,123,2023,8
Melbourne-Launceston,Melbourne,Launceston,All Airlines,Aug-23,291,281,10,172,164,109,117,2023,8
Melbourne-Mildura,Melbourne,Mildura,All Airlines,Aug-23,243,239,4,167,166,72,73,2023,8
Melbourne-Newcastle,Melbourne,Newcastle,All Airlines,Aug-23,140,139,1,97,97,42,42,2023,8
Melbourne-Perth,Melbourne,Perth,All Airlines,Aug-23,460,442,18,265,253,177,189,2023,8
Melbourne-Sunshine Coast,Melbourne,Sunshine Coast,All Airlines,Aug-23,160,160,0,102,116,58,44,2023,8
Melbourne-Sydney,Melbourne,Sydney,All Airlines,Aug-23,2325,2105,220,1594,1505,511,600,2023,8
Mildura-Melbourne,Mildura,Melbourne,All Airlines,Aug-23,244,239,5,173,162,66,77,2023,8
Mount Isa-Brisbane,Mount Isa,Brisbane,All Airlines,Aug-23,68,68,0,53,56,15,12,2023,8
Newcastle-Brisbane,Newcastle,Brisbane,All Airlines,Aug-23,277,258,19,175,200,83,58,2023,8
Newcastle-Melbourne,Newcastle,Melbourne,All Airlines,Aug-23,140,137,3,97,97,40,40,2023,8
Newman-Perth,Newman,Perth,All Airlines,Aug-23,186,180,6,145,109,35,71,2023,8
Perth-Adelaide,Perth,Adelaide,All Airlines,Aug-23,194,181,13,123,145,58,36,2023,8
Perth-Brisbane,Perth,Brisbane,All Airlines,Aug-23,301,293,8,191,238,102,55,2023,8
Perth-Broome,Perth,Broome,All Airlines,Aug-23,147,146,1,100,113,46,33,2023,8
Perth-Darwin,Perth,Darwin,All Airlines,Aug-23,62,60,2,39,37,21,23,2023,8
Perth-Kalgoorlie,Perth,Kalgoorlie,All Airlines,Aug-23,177,170,7,134,133,36,37,2023,8
Perth-Karratha,Perth,Karratha,All Airlines,Aug-23,207,206,1,154,151,52,55,2023,8
Perth-Melbourne,Perth,Melbourne,All Airlines,Aug-23,467,447,20,298,338,149,109,2023,8
Perth-Newman,Perth,Newman,All Airlines,Aug-23,186,181,5,154,152,27,29,2023,8
Perth-Port Hedland,Perth,Port Hedland,All Airlines,Aug-23,205,197,8,160,154,37,43,2023,8
Perth-Sydney,Perth,Sydney,All Airlines,Aug-23,408,393,15,220,288,173,105,2023,8
Port Hedland-Perth,Port Hedland,Perth,All Airlines,Aug-23,205,195,10,134,119,61,76,2023,8
Port Lincoln-Adelaide,Port Lincoln,Adelaide,All Airlines,Aug-23,289,275,14,244,237,31,38,2023,8
Port Macquarie-Sydney,Port Macquarie,Sydney,All Airlines,Aug-23,199,189,10,147,136,42,53,2023,8
Proserpine-Brisbane,Proserpine,Brisbane,All Airlines,Aug-23,93,93,0,62,59,31,34,2023,8
Rockhampton-Brisbane,Rockhampton,Brisbane,All Airlines,Aug-23,335,319,16,229,216,90,103,2023,8
Sunshine Coast-Melbourne,Sunshine Coast,Melbourne,All Airlines,Aug-23,160,160,0,81,80,79,80,2023,8
Sunshine Coast-Sydney,Sunshine Coast,Sydney,All Airlines,Aug-23,173,172,1,111,99,61,73,2023,8
Sydney-Adelaide,Sydney,Adelaide,All Airlines,Aug-23,513,491,22,365,339,126,152,2023,8
Sydney-Albury,Sydney,Albury,All Airlines,Aug-23,227,223,4,163,161,60,62,2023,8
Sydney-Armidale,Sydney,Armidale,All Airlines,Aug-23,169,155,14,116,130,39,25,2023,8
Sydney-Ballina,Sydney,Ballina,All Airlines,Aug-23,227,221,6,168,171,53,50,2023,8
Sydney-Brisbane,Sydney,Brisbane,All Airlines,Aug-23,1385,1307,78,983,961,324,346,2023,8
Sydney-Cairns,Sydney,Cairns,All Airlines,Aug-23,228,226,2,154,165,72,61,2023,8
Sydney-Canberra,Sydney,Canberra,All Airlines,Aug-23,748,667,81,524,509,143,158,2023,8
Sydney-Coffs Harbour,Sydney,Coffs Harbour,All Airlines,Aug-23,226,219,7,160,179,59,40,2023,8
Sydney-Dubbo,Sydney,Dubbo,All Airlines,Aug-23,250,242,8,175,195,67,47,2023,8
Sydney-Gold Coast,Sydney,Gold Coast,All Airlines,Aug-23,681,668,13,500,494,168,174,2023,8
Sydney-Hamilton Island,Sydney,Hamilton Island,All Airlines,Aug-23,84,84,0,60,59,24,25,2023,8
Sydney-Hobart,Sydney,Hobart,All Airlines,Aug-23,224,220,4,157,157,63,63,2023,8
Sydney-Launceston,Sydney,Launceston,All Airlines,Aug-23,96,95,1,66,64,29,31,2023,8
Sydney-Melbourne,Sydney,Melbourne,All Airlines,Aug-23,2316,2100,216,1565,1462,535,638,2023,8
Sydney-Perth,Sydney,Perth,All Airlines,Aug-23,414,399,15,256,223,143,176,2023,8
Sydney-Port Macquarie,Sydney,Port Macquarie,All Airlines,Aug-23,201,192,9,140,148,52,44,2023,8
Sydney-Sunshine Coast,Sydney,Sunshine Coast,All Airlines,Aug-23,173,172,1,126,129,46,43,2023,8
Sydney-Wagga Wagga,Sydney,Wagga Wagga,All Airlines,Aug-23,207,203,4,144,145,59,58,2023,8
Townsville-Brisbane,Townsville,Brisbane,All Airlines,Aug-23,320,319,1,209,195,110,124,2023,8
Townsville-Cairns,Townsville,Cairns,All Airlines,Aug-23,172,167,5,146,148,21,19,2023,8
Wagga Wagga-Sydney,Wagga Wagga,Sydney,All Airlines,Aug-23,206,202,4,147,146,55,56,2023,8
Adelaide-Alice Springs,Adelaide,Alice Springs,All Airlines,Sep-23,64,64,0,53,52,11,12,2023,9
Adelaide-Brisbane,Adelaide,Brisbane,All Airlines,Sep-23,354,339,15,238,243,101,96,2023,9
Adelaide-Cairns,Adelaide,Cairns,All Airlines,Sep-23,46,43,3,34,34,9,9,2023,9
Adelaide-Canberra,Adelaide,Canberra,All Airlines,Sep-23,120,118,2,102,100,16,18,2023,9
Adelaide-Darwin,Adelaide,Darwin,All Airlines,Sep-23,101,97,4,85,85,12,12,2023,9
Adelaide-Gold Coast,Adelaide,Gold Coast,All Airlines,Sep-23,65,63,2,56,56,7,7,2023,9
Adelaide-Melbourne,Adelaide,Melbourne,All Airlines,Sep-23,704,677,27,477,499,200,178,2023,9
Adelaide-Perth,Adelaide,Perth,All Airlines,Sep-23,191,186,5,130,142,56,44,2023,9
Adelaide-Port Lincoln,Adelaide,Port Lincoln,All Airlines,Sep-23,280,270,10,237,231,33,39,2023,9
Adelaide-Sydney,Adelaide,Sydney,All Airlines,Sep-23,566,533,33,348,331,185,202,2023,9
Albury-Sydney,Albury,Sydney,All Airlines,Sep-23,199,195,4,150,145,45,50,2023,9
Alice Springs-Adelaide,Alice Springs,Adelaide,All Airlines,Sep-23,64,64,0,45,43,19,21,2023,9
Armidale-Sydney,Armidale,Sydney,All Airlines,Sep-23,145,134,11,112,110,22,24,2023,9
Ballina-Sydney,Ballina,Sydney,All Airlines,Sep-23,204,197,7,143,140,54,57,2023,9
Brisbane-Adelaide,Brisbane,Adelaide,All Airlines,Sep-23,354,337,17,217,231,120,106,2023,9
Brisbane-Cairns,Brisbane,Cairns,All Airlines,Sep-23,409,403,6,268,283,135,120,2023,9
Brisbane-Canberra,Brisbane,Canberra,All Airlines,Sep-23,295,293,2,209,216,84,77,2023,9
Brisbane-Darwin,Brisbane,Darwin,All Airlines,Sep-23,107,105,2,79,89,26,16,2023,9
Brisbane-Emerald,Brisbane,Emerald,All Airlines,Sep-23,142,140,2,98,107,42,33,2023,9
Brisbane-Gladstone,Brisbane,Gladstone,All Airlines,Sep-23,186,174,12,115,129,59,45,2023,9
Brisbane-Hamilton Island,Brisbane,Hamilton Island,All Airlines,Sep-23,60,60,0,40,50,20,10,2023,9
Brisbane-Hobart,Brisbane,Hobart,All Airlines,Sep-23,87,84,3,60,58,24,26,2023,9
Brisbane-Launceston,Brisbane,Launceston,All Airlines,Sep-23,44,44,0,33,34,11,10,2023,9
Brisbane-Mackay,Brisbane,Mackay,All Airlines,Sep-23,273,270,3,162,179,108,91,2023,9
Brisbane-Melbourne,Brisbane,Melbourne,All Airlines,Sep-23,1044,990,54,651,699,339,291,2023,9
Brisbane-Mount Isa,Brisbane,Mount Isa,All Airlines,Sep-23,64,64,0,51,57,13,7,2023,9
Brisbane-Newcastle,Brisbane,Newcastle,All Airlines,Sep-23,259,251,8,173,180,78,71,2023,9
Brisbane-Perth,Brisbane,Perth,All Airlines,Sep-23,309,297,12,192,256,105,41,2023,9
Brisbane-Proserpine,Brisbane,Proserpine,All Airlines,Sep-23,91,91,0,72,75,19,16,2023,9
Brisbane-Rockhampton,Brisbane,Rockhampton,All Airlines,Sep-23,313,309,4,205,210,104,99,2023,9
Brisbane-Sydney,Brisbane,Sydney,All Airlines,Sep-23,1354,1283,71,920,909,363,374,2023,9
Brisbane-Townsville,Brisbane,Townsville,All Airlines,Sep-23,321,318,3,195,197,123,121,2023,9
Broome-Perth,Broome,Perth,All Airlines,Sep-23,141,138,3,91,107,47,31,2023,9
Cairns-Adelaide,Cairns,Adelaide,All Airlines,Sep-23,46,43,3,33,32,10,11,2023,9
Cairns-Brisbane,Cairns,Brisbane,All Airlines,Sep-23,408,404,4,290,283,114,121,2023,9
Cairns-Melbourne,Cairns,Melbourne,All Airlines,Sep-23,240,233,7,155,152,78,81,2023,9
Cairns-Sydney,Cairns,Sydney,All Airlines,Sep-23,246,237,9,181,186,56,51,2023,9
Cairns-Townsville,Cairns,Townsville,All Airlines,Sep-23,160,152,8,131,127,21,25,2023,9
Canberra-Adelaide,Canberra,Adelaide,All Airlines,Sep-23,120,119,1,92,94,27,25,2023,9
Canberra-Brisbane,Canberra,Brisbane,All Airlines,Sep-23,295,294,1,220,238,74,56,2023,9
Canberra-Gold Coast,Canberra,Gold Coast,All Airlines,Sep-23,48,48,0,29,29,19,19,2023,9
Canberra-Melbourne,Canberra,Melbourne,All Airlines,Sep-23,445,425,20,295,290,130,135,2023,9
Canberra-Sydney,Canberra,Sydney,All Airlines,Sep-23,702,661,41,519,506,142,155,2023,9
Coffs Harbour-Sydney,Coffs Harbour,Sydney,All Airlines,Sep-23,212,205,7,158,144,47,61,2023,9
Darwin-Adelaide,Darwin,Adelaide,All Airlines,Sep-23,100,96,4,74,82,22,14,2023,9
Darwin-Brisbane,Darwin,Brisbane,All Airlines,Sep-23,107,105,2,71,82,34,23,2023,9
Darwin-Melbourne,Darwin,Melbourne,All Airlines,Sep-23,100,100,0,75,77,25,23,2023,9
Darwin-Perth,Darwin,Perth,All Airlines,Sep-23,62,60,2,39,41,21,19,2023,9
Devonport-Melbourne,Devonport,Melbourne,All Airlines,Sep-23,152,140,12,114,108,26,32,2023,9
Dubbo-Sydney,Dubbo,Sydney,All Airlines,Sep-23,225,218,7,169,153,49,65,2023,9
Emerald-Brisbane,Emerald,Brisbane,All Airlines,Sep-23,142,140,2,108,97,32,43,2023,9
Gladstone-Brisbane,Gladstone,Brisbane,All Airlines,Sep-23,188,174,14,129,116,45,58,2023,9
Gold Coast-Adelaide,Gold Coast,Adelaide,All Airlines,Sep-23,65,63,2,44,48,19,15,2023,9
Gold Coast-Canberra,Gold Coast,Canberra,All Airlines,Sep-23,48,48,0,33,34,15,14,2023,9
Gold Coast-Melbourne,Gold Coast,Melbourne,All Airlines,Sep-23,561,539,22,322,359,217,180,2023,9
Gold Coast-Sydney,Gold Coast,Sydney,All Airlines,Sep-23,706,680,26,449,464,231,216,2023,9
Hamilton Island-Brisbane,Hamilton Island,Brisbane,All Airlines,Sep-23,60,60,0,34,40,26,20,2023,9
Hamilton Island-Sydney,Hamilton Island,Sydney,All Airlines,Sep-23,84,84,0,41,42,43,42,2023,9
Hobart-Brisbane,Hobart,Brisbane,All Airlines,Sep-23,88,85,3,53,53,32,32,2023,9
Hobart-Melbourne,Hobart,Melbourne,All Airlines,Sep-23,344,340,4,227,204,113,136,2023,9
Hobart-Sydney,Hobart,Sydney,All Airlines,Sep-23,254,244,10,168,170,76,74,2023,9
Kalgoorlie-Perth,Kalgoorlie,Perth,All Airlines,Sep-23,160,157,3,124,119,33,38,2023,9
Karratha-Perth,Karratha,Perth,All Airlines,Sep-23,197,192,5,131,129,61,63,2023,9
Launceston-Brisbane,Launceston,Brisbane,All Airlines,Sep-23,43,43,0,24,32,19,11,2023,9
Launceston-Melbourne,Launceston,Melbourne,All Airlines,Sep-23,281,275,6,180,177,95,98,2023,9
Launceston-Sydney,Launceston,Sydney,All Airlines,Sep-23,113,111,2,56,57,55,54,2023,9
Mackay-Brisbane,Mackay,Brisbane,All Airlines,Sep-23,279,275,4,170,185,105,90,2023,9
Melbourne-Adelaide,Melbourne,Adelaide,All Airlines,Sep-23,698,676,22,498,483,178,193,2023,9
Melbourne-Brisbane,Melbourne,Brisbane,All Airlines,Sep-23,1049,1000,49,699,691,301,309,2023,9
Melbourne-Cairns,Melbourne,Cairns,All Airlines,Sep-23,241,235,6,167,179,68,56,2023,9
Melbourne-Canberra,Melbourne,Canberra,All Airlines,Sep-23,445,430,15,305,307,125,123,2023,9
Melbourne-Darwin,Melbourne,Darwin,All Airlines,Sep-23,100,100,0,76,79,24,21,2023,9
Melbourne-Devonport,Melbourne,Devonport,All Airlines,Sep-23,152,144,8,114,116,30,28,2023,9
Melbourne-Gold Coast,Melbourne,Gold Coast,All Airlines,Sep-23,559,537,22,363,364,174,173,2023,9
Melbourne-Hobart,Melbourne,Hobart,All Airlines,Sep-23,342,339,3,221,209,118,130,2023,9
Melbourne-Launceston,Melbourne,Launceston,All Airlines,Sep-23,280,276,4,187,176,89,100,2023,9
Melbourne-Mildura,Melbourne,Mildura,All Airlines,Sep-23,213,208,5,149,144,59,64,2023,9
Melbourne-Newcastle,Melbourne,Newcastle,All Airlines,Sep-23,149,148,1,98,101,50,47,2023,9
Melbourne-Perth,Melbourne,Perth,All Airlines,Sep-23,467,441,26,288,303,153,138,2023,9
Melbourne-Sunshine Coast,Melbourne,Sunshine Coast,All Airlines,Sep-23,162,160,2,121,122,39,38,2023,9
Melbourne-Sydney,Melbourne,Sydney,All Airlines,Sep-23,2211,2034,177,1526,1396,508,638,2023,9
Mildura-Melbourne,Mildura,Melbourne,All Airlines,Sep-23,214,206,8,154,151,52,55,2023,9
Mount Isa-Brisbane,Mount Isa,Brisbane,All Airlines,Sep-23,64,64,0,51,49,13,15,2023,9
Newcastle-Brisbane,Newcastle,Brisbane,All Airlines,Sep-23,260,251,9,175,187,76,64,2023,9
Newcastle-Melbourne,Newcastle,Melbourne,All Airlines,Sep-23,151,150,1,114,110,36,40,2023,9
Newman-Perth,Newman,Perth,All Airlines,Sep-23,165,165,0,131,103,34,62,2023,9
Perth-Adelaide,Perth,Adelaide,All Airlines,Sep-23,193,186,7,141,149,45,37,2023,9
Perth-Brisbane,Perth,Brisbane,All Airlines,Sep-23,310,297,13,225,220,72,77,2023,9
Perth-Broome,Perth,Broome,All Airlines,Sep-23,142,139,3,103,123,36,16,2023,9
Perth-Darwin,Perth,Darwin,All Airlines,Sep-23,62,62,0,44,47,18,15,2023,9
Perth-Kalgoorlie,Perth,Kalgoorlie,All Airlines,Sep-23,160,157,3,135,133,22,24,2023,9
Perth-Karratha,Perth,Karratha,All Airlines,Sep-23,196,191,5,152,153,39,38,2023,9
Perth-Melbourne,Perth,Melbourne,All Airlines,Sep-23,476,451,25,310,335,141,116,2023,9
Perth-Newman,Perth,Newman,All Airlines,Sep-23,165,165,0,144,141,21,24,2023,9
Perth-Port Hedland,Perth,Port Hedland,All Airlines,Sep-23,189,184,5,161,163,23,21,2023,9
Perth-Sydney,Perth,Sydney,All Airlines,Sep-23,403,389,14,246,270,143,119,2023,9
Port Hedland-Perth,Port Hedland,Perth,All Airlines,Sep-23,187,182,5,138,127,44,55,2023,9
Port Lincoln-Adelaide,Port Lincoln,Adelaide,All Airlines,Sep-23,281,270,11,235,237,35,33,2023,9
Port Macquarie-Sydney,Port Macquarie,Sydney,All Airlines,Sep-23,190,179,11,138,126,41,53,2023,9
Proserpine-Brisbane,Proserpine,Brisbane,All Airlines,Sep-23,91,91,0,63,59,28,32,2023,9
Rockhampton-Brisbane,Rockhampton,Brisbane,All Airlines,Sep-23,315,309,6,202,192,107,117,2023,9
Sunshine Coast-Melbourne,Sunshine Coast,Melbourne,All Airlines,Sep-23,163,160,3,98,103,62,57,2023,9
Sunshine Coast-Sydney,Sunshine Coast,Sydney,All Airlines,Sep-23,220,212,8,135,122,77,90,2023,9
Sydney-Adelaide,Sydney,Adelaide,All Airlines,Sep-23,566,534,32,344,345,190,189,2023,9
Sydney-Albury,Sydney,Albury,All Airlines,Sep-23,199,195,4,144,146,51,49,2023,9
Sydney-Armidale,Sydney,Armidale,All Airlines,Sep-23,143,133,10,92,106,41,27,2023,9
Sydney-Ballina,Sydney,Ballina,All Airlines,Sep-23,204,197,7,143,143,54,54,2023,9
Sydney-Brisbane,Sydney,Brisbane,All Airlines,Sep-23,1357,1291,66,881,896,410,395,2023,9
Sydney-Cairns,Sydney,Cairns,All Airlines,Sep-23,246,238,8,178,190,60,48,2023,9
Sydney-Canberra,Sydney,Canberra,All Airlines,Sep-23,702,663,39,526,539,137,124,2023,9
Sydney-Coffs Harbour,Sydney,Coffs Harbour,All Airlines,Sep-23,210,204,6,134,146,70,58,2023,9
Sydney-Dubbo,Sydney,Dubbo,All Airlines,Sep-23,227,220,7,152,163,68,57,2023,9
Sydney-Gold Coast,Sydney,Gold Coast,All Airlines,Sep-23,704,682,22,449,444,233,238,2023,9
Sydney-Hamilton Island,Sydney,Hamilton Island,All Airlines,Sep-23,83,83,0,59,61,24,22,2023,9
Sydney-Hobart,Sydney,Hobart,All Airlines,Sep-23,253,244,9,169,171,75,73,2023,9
Sydney-Launceston,Sydney,Launceston,All Airlines,Sep-23,112,112,0,67,66,45,46,2023,9
Sydney-Melbourne,Sydney,Melbourne,All Airlines,Sep-23,2200,2028,172,1392,1387,636,641,2023,9
Sydney-Perth,Sydney,Perth,All Airlines,Sep-23,412,399,13,225,266,174,133,2023,9
Sydney-Port Macquarie,Sydney,Port Macquarie,All Airlines,Sep-23,192,182,10,130,133,52,49,2023,9
Sydney-Sunshine Coast,Sydney,Sunshine Coast,All Airlines,Sep-23,218,213,5,144,146,69,67,2023,9
Sydney-Wagga Wagga,Sydney,Wagga Wagga,All Airlines,Sep-23,194,190,4,147,150,43,40,2023,9
Townsville-Brisbane,Townsville,Brisbane,All Airlines,Sep-23,322,320,2,176,170,144,150,2023,9
Townsville-Cairns,Townsville,Cairns,All Airlines,Sep-23,160,152,8,136,136,16,16,2023,9
Wagga Wagga-Sydney,Wagga Wagga,Sydney,All Airlines,Sep-23,195,190,5,155,154,35,36,2023,9
Adelaide-Alice Springs,Adelaide,Alice Springs,All Airlines,Oct-23,65,65,0,57,56,8,9,2023,10
Adelaide-Brisbane,Adelaide,Brisbane,All Airlines,Oct-23,348,340,8,261,275,79,65,2023,10
Adelaide-Cairns,Adelaide,Cairns,All Airlines,Oct-23,57,57,0,51,47,6,10,2023,10
Adelaide-Canberra,Adelaide,Canberra,All Airlines,Oct-23,126,125,1,112,110,13,15,2023,10
Adelaide-Darwin,Adelaide,Darwin,All Airlines,Oct-23,89,89,0,77,69,12,20,2023,10
Adelaide-Gold Coast,Adelaide,Gold Coast,All Airlines,Oct-23,77,75,2,63,66,12,9,2023,10
Adelaide-Melbourne,Adelaide,Melbourne,All Airlines,Oct-23,705,687,18,464,476,223,211,2023,10
Adelaide-Perth,Adelaide,Perth,All Airlines,Oct-23,198,193,5,130,154,63,39,2023,10
Adelaide-Port Lincoln,Adelaide,Port Lincoln,All Airlines,Oct-23,280,274,6,253,248,21,26,2023,10
Adelaide-Sydney,Adelaide,Sydney,All Airlines,Oct-23,585,552,33,361,355,191,197,2023,10
Albury-Sydney,Albury,Sydney,All Airlines,Oct-23,189,186,3,137,127,49,59,2023,10
Alice Springs-Adelaide,Alice Springs,Adelaide,All Airlines,Oct-23,65,65,0,52,50,13,15,2023,10
Armidale-Sydney,Armidale,Sydney,All Airlines,Oct-23,150,135,15,112,106,23,29,2023,10
Ballina-Sydney,Ballina,Sydney,All Airlines,Oct-23,200,191,9,126,128,65,63,2023,10
Brisbane-Adelaide,Brisbane,Adelaide,All Airlines,Oct-23,347,340,7,251,262,89,78,2023,10
Brisbane-Cairns,Brisbane,Cairns,All Airlines,Oct-23,413,412,1,295,289,117,123,2023,10
Brisbane-Canberra,Brisbane,Canberra,All Airlines,Oct-23,308,301,7,240,241,61,60,2023,10
Brisbane-Darwin,Brisbane,Darwin,All Airlines,Oct-23,108,108,0,88,84,20,24,2023,10
Brisbane-Emerald,Brisbane,Emerald,All Airlines,Oct-23,156,152,4,123,127,29,25,2023,10
Brisbane-Gladstone,Brisbane,Gladstone,All Airlines,Oct-23,193,189,4,145,151,44,38,2023,10
Brisbane-Hamilton Island,Brisbane,Hamilton Island,All Airlines,Oct-23,63,63,0,51,52,12,11,2023,10
Brisbane-Hobart,Brisbane,Hobart,All Airlines,Oct-23,89,88,1,72,68,16,20,2023,10
Brisbane-Launceston,Brisbane,Launceston,All Airlines,Oct-23,41,41,0,22,26,19,15,2023,10
Brisbane-Mackay,Brisbane,Mackay,All Airlines,Oct-23,295,293,2,180,190,113,103,2023,10
Brisbane-Melbourne,Brisbane,Melbourne,All Airlines,Oct-23,1046,986,60,663,686,323,300,2023,10
Brisbane-Mount Isa,Brisbane,Mount Isa,All Airlines,Oct-23,66,66,0,55,52,11,14,2023,10
Brisbane-Newcastle,Brisbane,Newcastle,All Airlines,Oct-23,273,267,6,187,199,80,68,2023,10
Brisbane-Perth,Brisbane,Perth,All Airlines,Oct-23,310,302,8,175,232,127,70,2023,10
Brisbane-Proserpine,Brisbane,Proserpine,All Airlines,Oct-23,97,97,0,79,81,18,16,2023,10
Brisbane-Rockhampton,Brisbane,Rockhampton,All Airlines,Oct-23,329,326,3,237,242,89,84,2023,10
Brisbane-Sydney,Brisbane,Sydney,All Airlines,Oct-23,1377,1293,84,945,941,348,352,2023,10
Brisbane-Townsville,Brisbane,Townsville,All Airlines,Oct-23,338,335,3,233,228,102,107,2023,10
Broome-Perth,Broome,Perth,All Airlines,Oct-23,140,138,2,84,103,54,35,2023,10
Cairns-Adelaide,Cairns,Adelaide,All Airlines,Oct-23,57,57,0,31,32,26,25,2023,10
Cairns-Brisbane,Cairns,Brisbane,All Airlines,Oct-23,414,413,1,276,305,137,108,2023,10
Cairns-Melbourne,Cairns,Melbourne,All Airlines,Oct-23,235,228,7,92,125,136,103,2023,10
Cairns-Sydney,Cairns,Sydney,All Airlines,Oct-23,254,252,2,139,171,113,81,2023,10
Cairns-Townsville,Cairns,Townsville,All Airlines,Oct-23,168,160,8,139,139,21,21,2023,10
Canberra-Adelaide,Canberra,Adelaide,All Airlines,Oct-23,126,125,1,112,111,13,14,2023,10
Canberra-Brisbane,Canberra,Brisbane,All Airlines,Oct-23,310,302,8,242,244,60,58,2023,10
Canberra-Gold Coast,Canberra,Gold Coast,All Airlines,Oct-23,49,49,0,34,35,15,14,2023,10
Canberra-Melbourne,Canberra,Melbourne,All Airlines,Oct-23,471,446,25,305,298,141,148,2023,10
Canberra-Sydney,Canberra,Sydney,All Airlines,Oct-23,699,642,57,493,467,149,175,2023,10
Coffs Harbour-Sydney,Coffs Harbour,Sydney,All Airlines,Oct-23,201,199,2,140,128,59,71,2023,10
Darwin-Adelaide,Darwin,Adelaide,All Airlines,Oct-23,90,90,0,53,63,37,27,2023,10
Darwin-Brisbane,Darwin,Brisbane,All Airlines,Oct-23,109,108,1,72,93,36,15,2023,10
Darwin-Melbourne,Darwin,Melbourne,All Airlines,Oct-23,105,102,3,76,78,26,24,2023,10
Darwin-Perth,Darwin,Perth,All Airlines,Oct-23,66,65,1,41,45,24,20,2023,10
Devonport-Melbourne,Devonport,Melbourne,All Airlines,Oct-23,156,150,6,119,107,31,43,2023,10
Dubbo-Sydney,Dubbo,Sydney,All Airlines,Oct-23,227,221,6,162,162,59,59,2023,10
Emerald-Brisbane,Emerald,Brisbane,All Airlines,Oct-23,156,151,5,129,124,22,27,2023,10
Gladstone-Brisbane,Gladstone,Brisbane,All Airlines,Oct-23,193,189,4,149,144,40,45,2023,10
Gold Coast-Adelaide,Gold Coast,Adelaide,All Airlines,Oct-23,77,75,2,54,59,21,16,2023,10
Gold Coast-Canberra,Gold Coast,Canberra,All Airlines,Oct-23,48,48,0,32,29,16,19,2023,10
Gold Coast-Melbourne,Gold Coast,Melbourne,All Airlines,Oct-23,558,538,20,337,360,201,178,2023,10
Gold Coast-Sydney,Gold Coast,Sydney,All Airlines,Oct-23,718,697,21,465,463,232,234,2023,10
Hamilton Island-Brisbane,Hamilton Island,Brisbane,All Airlines,Oct-23,63,63,0,43,45,20,18,2023,10
Hamilton Island-Sydney,Hamilton Island,Sydney,All Airlines,Oct-23,82,81,1,38,38,43,43,2023,10
Hobart-Brisbane,Hobart,Brisbane,All Airlines,Oct-23,89,88,1,61,62,27,26,2023,10
Hobart-Melbourne,Hobart,Melbourne,All Airlines,Oct-23,392,385,7,253,212,132,173,2023,10
Hobart-Sydney,Hobart,Sydney,All Airlines,Oct-23,271,258,13,191,178,67,80,2023,10
Kalgoorlie-Perth,Kalgoorlie,Perth,All Airlines,Oct-23,168,163,5,113,122,50,41,2023,10
Karratha-Perth,Karratha,Perth,All Airlines,Oct-23,211,204,7,149,163,55,41,2023,10
Launceston-Brisbane,Launceston,Brisbane,All Airlines,Oct-23,41,41,0,17,23,24,18,2023,10
Launceston-Melbourne,Launceston,Melbourne,All Airlines,Oct-23,318,306,12,201,193,105,113,2023,10
Launceston-Sydney,Launceston,Sydney,All Airlines,Oct-23,105,102,3,64,59,38,43,2023,10
Mackay-Brisbane,Mackay,Brisbane,All Airlines,Oct-23,298,296,2,185,199,111,97,2023,10
Melbourne-Adelaide,Melbourne,Adelaide,All Airlines,Oct-23,711,693,18,454,448,239,245,2023,10
Melbourne-Brisbane,Melbourne,Brisbane,All Airlines,Oct-23,1049,997,52,650,644,347,353,2023,10
Melbourne-Cairns,Melbourne,Cairns,All Airlines,Oct-23,237,231,6,149,138,82,93,2023,10
Melbourne-Canberra,Melbourne,Canberra,All Airlines,Oct-23,469,445,24,312,305,133,140,2023,10
Melbourne-Darwin,Melbourne,Darwin,All Airlines,Oct-23,103,102,1,64,66,38,36,2023,10
Melbourne-Devonport,Melbourne,Devonport,All Airlines,Oct-23,155,150,5,118,116,32,34,2023,10
Melbourne-Gold Coast,Melbourne,Gold Coast,All Airlines,Oct-23,559,539,20,348,353,191,186,2023,10
Melbourne-Hobart,Melbourne,Hobart,All Airlines,Oct-23,394,388,6,250,254,138,134,2023,10
Melbourne-Launceston,Melbourne,Launceston,All Airlines,Oct-23,317,307,10,192,188,115,119,2023,10
Melbourne-Mildura,Melbourne,Mildura,All Airlines,Oct-23,207,203,4,130,122,73,81,2023,10
Melbourne-Newcastle,Melbourne,Newcastle,All Airlines,Oct-23,156,154,2,99,99,55,55,2023,10
Melbourne-Perth,Melbourne,Perth,All Airlines,Oct-23,491,477,14,286,328,191,149,2023,10
Melbourne-Sunshine Coast,Melbourne,Sunshine Coast,All Airlines,Oct-23,171,169,2,124,130,45,39,2023,10
Melbourne-Sydney,Melbourne,Sydney,All Airlines,Oct-23,2324,2088,236,1461,1312,627,776,2023,10
Mildura-Melbourne,Mildura,Melbourne,All Airlines,Oct-23,206,200,6,132,125,68,75,2023,10
Mount Isa-Brisbane,Mount Isa,Brisbane,All Airlines,Oct-23,66,66,0,52,55,14,11,2023,10
Newcastle-Brisbane,Newcastle,Brisbane,All Airlines,Oct-23,273,267,6,199,205,68,62,2023,10
Newcastle-Melbourne,Newcastle,Melbourne,All Airlines,Oct-23,155,152,3,98,97,54,55,2023,10
Newman-Perth,Newman,Perth,All Airlines,Oct-23,179,173,6,137,128,36,45,2023,10
Perth-Adelaide,Perth,Adelaide,All Airlines,Oct-23,195,191,4,139,125,52,66,2023,10
Perth-Brisbane,Perth,Brisbane,All Airlines,Oct-23,308,299,9,234,231,65,68,2023,10
Perth-Broome,Perth,Broome,All Airlines,Oct-23,140,137,3,103,111,34,26,2023,10
Perth-Darwin,Perth,Darwin,All Airlines,Oct-23,67,66,1,52,47,14,19,2023,10
Perth-Kalgoorlie,Perth,Kalgoorlie,All Airlines,Oct-23,168,163,5,130,127,33,36,2023,10
Perth-Karratha,Perth,Karratha,All Airlines,Oct-23,211,204,7,166,169,38,35,2023,10
Perth-Melbourne,Perth,Melbourne,All Airlines,Oct-23,500,482,18,327,329,155,153,2023,10
Perth-Newman,Perth,Newman,All Airlines,Oct-23,179,173,6,146,144,27,29,2023,10
Perth-Port Hedland,Perth,Port Hedland,All Airlines,Oct-23,202,194,8,162,159,32,35,2023,10
Perth-Sydney,Perth,Sydney,All Airlines,Oct-23,408,400,8,251,249,149,151,2023,10
Port Hedland-Perth,Port Hedland,Perth,All Airlines,Oct-23,202,193,9,144,147,49,46,2023,10
Port Lincoln-Adelaide,Port Lincoln,Adelaide,All Airlines,Oct-23,281,273,8,247,242,26,31,2023,10
Port Macquarie-Sydney,Port Macquarie,Sydney,All Airlines,Oct-23,192,186,6,140,122,46,64,2023,10
Proserpine-Brisbane,Proserpine,Brisbane,All Airlines,Oct-23,97,97,0,68,67,29,30,2023,10
Rockhampton-Brisbane,Rockhampton,Brisbane,All Airlines,Oct-23,327,322,5,236,220,86,102,2023,10
Sunshine Coast-Melbourne,Sunshine Coast,Melbourne,All Airlines,Oct-23,171,169,2,99,102,70,67,2023,10
Sunshine Coast-Sydney,Sunshine Coast,Sydney,All Airlines,Oct-23,244,241,3,162,155,79,86,2023,10
Sydney-Adelaide,Sydney,Adelaide,All Airlines,Oct-23,585,553,32,355,335,198,218,2023,10
Sydney-Albury,Sydney,Albury,All Airlines,Oct-23,189,187,2,139,139,48,48,2023,10
Sydney-Armidale,Sydney,Armidale,All Airlines,Oct-23,147,132,15,101,109,31,23,2023,10
Sydney-Ballina,Sydney,Ballina,All Airlines,Oct-23,199,191,8,136,135,55,56,2023,10
Sydney-Brisbane,Sydney,Brisbane,All Airlines,Oct-23,1374,1287,87,899,905,388,382,2023,10
Sydney-Cairns,Sydney,Cairns,All Airlines,Oct-23,253,250,3,170,159,80,91,2023,10
Sydney-Canberra,Sydney,Canberra,All Airlines,Oct-23,701,648,53,507,504,141,144,2023,10
Sydney-Coffs Harbour,Sydney,Coffs Harbour,All Airlines,Oct-23,203,201,2,129,141,72,60,2023,10
Sydney-Dubbo,Sydney,Dubbo,All Airlines,Oct-23,231,225,6,145,153,80,72,2023,10
Sydney-Gold Coast,Sydney,Gold Coast,All Airlines,Oct-23,717,697,20,477,473,220,224,2023,10
Sydney-Hamilton Island,Sydney,Hamilton Island,All Airlines,Oct-23,80,80,0,57,55,23,25,2023,10
Sydney-Hobart,Sydney,Hobart,All Airlines,Oct-23,272,258,14,184,193,74,65,2023,10
Sydney-Launceston,Sydney,Launceston,All Airlines,Oct-23,107,104,3,70,72,34,32,2023,10
Sydney-Melbourne,Sydney,Melbourne,All Airlines,Oct-23,2312,2083,229,1352,1347,731,736,2023,10
Sydney-Perth,Sydney,Perth,All Airlines,Oct-23,419,412,7,219,255,193,157,2023,10
Sydney-Port Macquarie,Sydney,Port Macquarie,All Airlines,Oct-23,195,189,6,138,143,51,46,2023,10
Sydney-Sunshine Coast,Sydney,Sunshine Coast,All Airlines,Oct-23,245,242,3,166,170,76,72,2023,10
Sydney-Wagga Wagga,Sydney,Wagga Wagga,All Airlines,Oct-23,199,193,6,150,158,43,35,2023,10
Townsville-Brisbane,Townsville,Brisbane,All Airlines,Oct-23,338,335,3,224,216,111,119,2023,10
Townsville-Cairns,Townsville,Cairns,All Airlines,Oct-23,168,158,10,146,146,12,12,2023,10
Wagga Wagga-Sydney,Wagga Wagga,Sydney,All Airlines,Oct-23,198,190,8,154,153,36,37,2023,10
Adelaide-Alice Springs,Adelaide,Alice Springs,All Airlines,Nov-23,56,56,0,40,38,16,18,2023,11
Adelaide-Brisbane,Adelaide,Brisbane,All Airlines,Nov-23,344,331,13,246,240,85,91,2023,11
Adelaide-Canberra,Adelaide,Canberra,All Airlines,Nov-23,116,112,4,88,88,24,24,2023,11
Adelaide-Gold Coast,Adelaide,Gold Coast,All Airlines,Nov-23,60,59,1,51,51,8,8,2023,11
Adelaide-Melbourne,Adelaide,Melbourne,All Airlines,Nov-23,686,667,19,391,383,276,284,2023,11
Adelaide-Perth,Adelaide,Perth,All Airlines,Nov-23,196,189,7,100,120,89,69,2023,11
Adelaide-Port Lincoln,Adelaide,Port Lincoln,All Airlines,Nov-23,274,271,3,256,257,15,14,2023,11
Adelaide-Sydney,Adelaide,Sydney,All Airlines,Nov-23,555,520,35,335,325,185,195,2023,11
Albury-Sydney,Albury,Sydney,All Airlines,Nov-23,186,183,3,137,132,46,51,2023,11
Alice Springs-Adelaide,Alice Springs,Adelaide,All Airlines,Nov-23,56,56,0,30,27,26,29,2023,11
Ballina-Sydney,Ballina,Sydney,All Airlines,Nov-23,176,171,5,108,112,63,59,2023,11
Brisbane-Adelaide,Brisbane,Adelaide,All Airlines,Nov-23,344,333,11,231,231,102,102,2023,11
Brisbane-Cairns,Brisbane,Cairns,All Airlines,Nov-23,373,369,4,243,217,126,152,2023,11
Brisbane-Canberra,Brisbane,Canberra,All Airlines,Nov-23,301,294,7,203,207,91,87,2023,11
Brisbane-Darwin,Brisbane,Darwin,All Airlines,Nov-23,72,71,1,45,29,26,42,2023,11
Brisbane-Emerald,Brisbane,Emerald,All Airlines,Nov-23,151,147,4,109,113,38,34,2023,11
Brisbane-Gladstone,Brisbane,Gladstone,All Airlines,Nov-23,190,176,14,118,125,58,51,2023,11
Brisbane-Hamilton Island,Brisbane,Hamilton Island,All Airlines,Nov-23,60,60,0,40,41,20,19,2023,11
Brisbane-Hobart,Brisbane,Hobart,All Airlines,Nov-23,93,88,5,57,58,31,30,2023,11
Brisbane-Launceston,Brisbane,Launceston,All Airlines,Nov-23,42,39,3,22,23,17,16,2023,11
Brisbane-Mackay,Brisbane,Mackay,All Airlines,Nov-23,330,329,1,204,182,125,147,2023,11
Brisbane-Melbourne,Brisbane,Melbourne,All Airlines,Nov-23,961,920,41,567,543,353,377,2023,11
Brisbane-Mount Isa,Brisbane,Mount Isa,All Airlines,Nov-23,65,65,0,53,51,12,14,2023,11
Brisbane-Newcastle,Brisbane,Newcastle,All Airlines,Nov-23,246,236,10,157,149,79,87,2023,11
Brisbane-Perth,Brisbane,Perth,All Airlines,Nov-23,295,288,7,148,190,140,98,2023,11
Brisbane-Proserpine,Brisbane,Proserpine,All Airlines,Nov-23,81,81,0,67,64,14,17,2023,11
Brisbane-Rockhampton,Brisbane,Rockhampton,All Airlines,Nov-23,336,327,9,216,215,111,112,2023,11
Brisbane-Sydney,Brisbane,Sydney,All Airlines,Nov-23,1323,1228,95,823,780,405,448,2023,11
Brisbane-Townsville,Brisbane,Townsville,All Airlines,Nov-23,326,320,6,210,189,110,131,2023,11
Broome-Perth,Broome,Perth,All Airlines,Nov-23,129,125,4,82,82,43,43,2023,11
Cairns-Brisbane,Cairns,Brisbane,All Airlines,Nov-23,373,367,6,218,239,149,128,2023,11
Cairns-Melbourne,Cairns,Melbourne,All Airlines,Nov-23,184,180,4,102,114,78,66,2023,11
Cairns-Sydney,Cairns,Sydney,All Airlines,Nov-23,219,214,5,120,136,94,78,2023,11
Cairns-Townsville,Cairns,Townsville,All Airlines,Nov-23,155,146,9,120,118,26,28,2023,11
Canberra-Adelaide,Canberra,Adelaide,All Airlines,Nov-23,116,110,6,83,82,27,28,2023,11
Canberra-Brisbane,Canberra,Brisbane,All Airlines,Nov-23,301,294,7,205,192,89,102,2023,11
Canberra-Gold Coast,Canberra,Gold Coast,All Airlines,Nov-23,51,51,0,35,38,16,13,2023,11
Canberra-Melbourne,Canberra,Melbourne,All Airlines,Nov-23,439,430,9,253,245,177,185,2023,11
Canberra-Sydney,Canberra,Sydney,All Airlines,Nov-23,671,643,28,419,395,224,248,2023,11
Coffs Harbour-Sydney,Coffs Harbour,Sydney,All Airlines,Nov-23,189,186,3,113,104,73,82,2023,11
Darwin-Brisbane,Darwin,Brisbane,All Airlines,Nov-23,73,72,1,19,35,53,37,2023,11
Darwin-Melbourne,Darwin,Melbourne,All Airlines,Nov-23,73,69,4,19,21,50,48,2023,11
Darwin-Perth,Darwin,Perth,All Airlines,Nov-23,52,51,1,27,26,24,25,2023,11
Devonport-Melbourne,Devonport,Melbourne,All Airlines,Nov-23,159,157,2,118,100,39,57,2023,11
Dubbo-Sydney,Dubbo,Sydney,All Airlines,Nov-23,229,228,1,148,135,80,93,2023,11
Emerald-Brisbane,Emerald,Brisbane,All Airlines,Nov-23,151,147,4,110,108,37,39,2023,11
Gladstone-Brisbane,Gladstone,Brisbane,All Airlines,Nov-23,189,175,14,126,113,49,62,2023,11
Gold Coast-Adelaide,Gold Coast,Adelaide,All Airlines,Nov-23,60,59,1,39,41,20,18,2023,11
Gold Coast-Canberra,Gold Coast,Canberra,All Airlines,Nov-23,51,50,1,35,32,15,18,2023,11
Gold Coast-Melbourne,Gold Coast,Melbourne,All Airlines,Nov-23,535,512,23,278,302,234,210,2023,11
Gold Coast-Sydney,Gold Coast,Sydney,All Airlines,Nov-23,685,656,29,381,402,275,254,2023,11
Hamilton Island-Brisbane,Hamilton Island,Brisbane,All Airlines,Nov-23,60,60,0,35,37,25,23,2023,11
Hamilton Island-Sydney,Hamilton Island,Sydney,All Airlines,Nov-23,82,81,1,33,28,48,53,2023,11
Hobart-Brisbane,Hobart,Brisbane,All Airlines,Nov-23,93,87,6,48,43,39,44,2023,11
Hobart-Melbourne,Hobart,Melbourne,All Airlines,Nov-23,385,381,4,215,199,166,182,2023,11
Hobart-Sydney,Hobart,Sydney,All Airlines,Nov-23,239,233,6,150,139,83,94,2023,11
Kalgoorlie-Perth,Kalgoorlie,Perth,All Airlines,Nov-23,176,171,5,125,123,46,48,2023,11
Karratha-Perth,Karratha,Perth,All Airlines,Nov-23,224,216,8,166,152,50,64,2023,11
Launceston-Brisbane,Launceston,Brisbane,All Airlines,Nov-23,42,39,3,20,21,19,18,2023,11
Launceston-Melbourne,Launceston,Melbourne,All Airlines,Nov-23,296,290,6,157,174,133,116,2023,11
Launceston-Sydney,Launceston,Sydney,All Airlines,Nov-23,118,114,4,72,72,42,42,2023,11
Mackay-Brisbane,Mackay,Brisbane,All Airlines,Nov-23,334,332,2,203,177,129,155,2023,11
Melbourne-Adelaide,Melbourne,Adelaide,All Airlines,Nov-23,686,671,15,398,384,273,287,2023,11
Melbourne-Brisbane,Melbourne,Brisbane,All Airlines,Nov-23,966,925,41,564,500,361,425,2023,11
Melbourne-Cairns,Melbourne,Cairns,All Airlines,Nov-23,183,180,3,120,112,60,68,2023,11
Melbourne-Canberra,Melbourne,Canberra,All Airlines,Nov-23,442,434,8,276,255,158,179,2023,11
Melbourne-Darwin,Melbourne,Darwin,All Airlines,Nov-23,73,70,3,26,17,44,53,2023,11
Melbourne-Devonport,Melbourne,Devonport,All Airlines,Nov-23,160,158,2,101,106,57,52,2023,11
Melbourne-Gold Coast,Melbourne,Gold Coast,All Airlines,Nov-23,533,510,23,319,303,191,207,2023,11
Melbourne-Hobart,Melbourne,Hobart,All Airlines,Nov-23,385,383,2,225,211,158,172,2023,11
Melbourne-Launceston,Melbourne,Launceston,All Airlines,Nov-23,297,289,8,156,137,133,152,2023,11
Melbourne-Mildura,Melbourne,Mildura,All Airlines,Nov-23,212,208,4,123,109,85,99,2023,11
Melbourne-Newcastle,Melbourne,Newcastle,All Airlines,Nov-23,163,159,4,99,96,60,63,2023,11
Melbourne-Perth,Melbourne,Perth,All Airlines,Nov-23,486,469,17,246,308,223,161,2023,11
Melbourne-Sunshine Coast,Melbourne,Sunshine Coast,All Airlines,Nov-23,198,195,3,137,128,58,67,2023,11
Melbourne-Sydney,Melbourne,Sydney,All Airlines,Nov-23,2264,2058,206,1372,1194,686,864,2023,11
Mildura-Melbourne,Mildura,Melbourne,All Airlines,Nov-23,212,207,5,108,111,99,96,2023,11
Mount Isa-Brisbane,Mount Isa,Brisbane,All Airlines,Nov-23,65,65,0,48,51,17,14,2023,11
Newcastle-Brisbane,Newcastle,Brisbane,All Airlines,Nov-23,245,233,12,157,159,76,74,2023,11
Newcastle-Melbourne,Newcastle,Melbourne,All Airlines,Nov-23,165,161,4,93,92,68,69,2023,11
Newman-Perth,Newman,Perth,All Airlines,Nov-23,175,170,5,128,113,42,57,2023,11
Perth-Adelaide,Perth,Adelaide,All Airlines,Nov-23,198,190,8,139,108,51,82,2023,11
Perth-Brisbane,Perth,Brisbane,All Airlines,Nov-23,294,286,8,190,178,96,108,2023,11
Perth-Broome,Perth,Broome,All Airlines,Nov-23,129,125,4,85,100,40,25,2023,11
Perth-Darwin,Perth,Darwin,All Airlines,Nov-23,52,51,1,38,38,13,13,2023,11
Perth-Kalgoorlie,Perth,Kalgoorlie,All Airlines,Nov-23,176,172,4,139,124,33,48,2023,11
Perth-Karratha,Perth,Karratha,All Airlines,Nov-23,225,217,8,175,164,42,53,2023,11
Perth-Melbourne,Perth,Melbourne,All Airlines,Nov-23,505,487,18,318,270,169,217,2023,11
Perth-Newman,Perth,Newman,All Airlines,Nov-23,175,171,4,140,135,31,36,2023,11
Perth-Port Hedland,Perth,Port Hedland,All Airlines,Nov-23,199,197,2,151,145,46,52,2023,11
Perth-Sydney,Perth,Sydney,All Airlines,Nov-23,395,388,7,248,203,140,185,2023,11
Port Hedland-Perth,Port Hedland,Perth,All Airlines,Nov-23,199,196,3,135,111,61,85,2023,11
Port Lincoln-Adelaide,Port Lincoln,Adelaide,All Airlines,Nov-23,273,269,4,256,250,13,19,2023,11
Port Macquarie-Sydney,Port Macquarie,Sydney,All Airlines,Nov-23,190,187,3,134,125,53,62,2023,11
Proserpine-Brisbane,Proserpine,Brisbane,All Airlines,Nov-23,81,80,1,42,39,38,41,2023,11
Rockhampton-Brisbane,Rockhampton,Brisbane,All Airlines,Nov-23,336,323,13,234,206,89,117,2023,11
Sunshine Coast-Melbourne,Sunshine Coast,Melbourne,All Airlines,Nov-23,197,193,4,90,91,103,102,2023,11
Sunshine Coast-Sydney,Sunshine Coast,Sydney,All Airlines,Nov-23,223,218,5,133,136,85,82,2023,11
Sydney-Adelaide,Sydney,Adelaide,All Airlines,Nov-23,556,527,29,313,323,214,204,2023,11
Sydney-Albury,Sydney,Albury,All Airlines,Nov-23,186,184,2,123,122,61,62,2023,11
Sydney-Ballina,Sydney,Ballina,All Airlines,Nov-23,177,172,5,115,113,57,59,2023,11
Sydney-Brisbane,Sydney,Brisbane,All Airlines,Nov-23,1325,1234,91,755,725,479,509,2023,11
Sydney-Cairns,Sydney,Cairns,All Airlines,Nov-23,218,214,4,138,128,76,86,2023,11
Sydney-Canberra,Sydney,Canberra,All Airlines,Nov-23,671,648,23,418,435,230,213,2023,11
Sydney-Coffs Harbour,Sydney,Coffs Harbour,All Airlines,Nov-23,188,186,2,111,110,75,76,2023,11
Sydney-Dubbo,Sydney,Dubbo,All Airlines,Nov-23,234,232,2,141,147,91,85,2023,11
Sydney-Gold Coast,Sydney,Gold Coast,All Airlines,Nov-23,681,651,30,423,407,228,244,2023,11
Sydney-Hamilton Island,Sydney,Hamilton Island,All Airlines,Nov-23,82,82,0,54,42,28,40,2023,11
Sydney-Hobart,Sydney,Hobart,All Airlines,Nov-23,238,233,5,160,162,73,71,2023,11
Sydney-Launceston,Sydney,Launceston,All Airlines,Nov-23,117,114,3,78,77,36,37,2023,11
Sydney-Melbourne,Sydney,Melbourne,All Airlines,Nov-23,2248,2051,197,1196,1225,855,826,2023,11
Sydney-Perth,Sydney,Perth,All Airlines,Nov-23,410,398,12,174,225,224,173,2023,11
Sydney-Port Macquarie,Sydney,Port Macquarie,All Airlines,Nov-23,192,189,3,123,129,66,60,2023,11
Sydney-Sunshine Coast,Sydney,Sunshine Coast,All Airlines,Nov-23,223,219,4,142,136,77,83,2023,11
Sydney-Wagga Wagga,Sydney,Wagga Wagga,All Airlines,Nov-23,194,189,5,128,132,61,57,2023,11
Townsville-Brisbane,Townsville,Brisbane,All Airlines,Nov-23,326,322,4,198,196,124,126,2023,11
Townsville-Cairns,Townsville,Cairns,All Airlines,Nov-23,155,143,12,119,119,24,24,2023,11
Wagga Wagga-Sydney,Wagga Wagga,Sydney,All Airlines,Nov-23,194,188,6,139,132,49,56,2023,11
Adelaide-Alice Springs,Adelaide,Alice Springs,All Airlines,Dec-23,56,55,1,46,44,9,11,2023,12
Adelaide-Brisbane,Adelaide,Brisbane,All Airlines,Dec-23,340,323,17,216,210,107,113,2023,12
Adelaide-Canberra,Adelaide,Canberra,All Airlines,Dec-23,96,95,1,75,77,20,18,2023,12
Adelaide-Gold Coast,Adelaide,Gold Coast,All Airlines,Dec-23,82,80,2,62,61,18,19,2023,12
Adelaide-Melbourne,Adelaide,Melbourne,All Airlines,Dec-23,653,631,22,389,371,242,260,2023,12
Adelaide-Perth,Adelaide,Perth,All Airlines,Dec-23,207,200,7,116,111,84,89,2023,12
Adelaide-Port Lincoln,Adelaide,Port Lincoln,All Airlines,Dec-23,271,268,3,226,224,42,44,2023,12
Adelaide-Sydney,Adelaide,Sydney,All Airlines,Dec-23,565,530,35,350,349,180,181,2023,12
Albury-Sydney,Albury,Sydney,All Airlines,Dec-23,176,174,2,122,116,52,58,2023,12
Alice Springs-Adelaide,Alice Springs,Adelaide,All Airlines,Dec-23,56,55,1,33,32,22,23,2023,12
Ballina-Sydney,Ballina,Sydney,All Airlines,Dec-23,192,189,3,134,142,55,47,2023,12
Brisbane-Adelaide,Brisbane,Adelaide,All Airlines,Dec-23,342,319,23,186,195,133,124,2023,12
Brisbane-Cairns,Brisbane,Cairns,All Airlines,Dec-23,394,347,47,211,212,136,135,2023,12
Brisbane-Canberra,Brisbane,Canberra,All Airlines,Dec-23,267,265,2,168,169,97,96,2023,12
Brisbane-Darwin,Brisbane,Darwin,All Airlines,Dec-23,99,96,3,64,61,32,35,2023,12
Brisbane-Emerald,Brisbane,Emerald,All Airlines,Dec-23,134,129,5,86,95,43,34,2023,12
Brisbane-Gladstone,Brisbane,Gladstone,All Airlines,Dec-23,169,153,16,87,89,66,64,2023,12
Brisbane-Hamilton Island,Brisbane,Hamilton Island,All Airlines,Dec-23,76,74,2,55,56,19,18,2023,12
Brisbane-Hobart,Brisbane,Hobart,All Airlines,Dec-23,121,118,3,76,78,42,40,2023,12
Brisbane-Launceston,Brisbane,Launceston,All Airlines,Dec-23,66,63,3,19,22,44,41,2023,12
Brisbane-Mackay,Brisbane,Mackay,All Airlines,Dec-23,318,313,5,157,148,156,165,2023,12
Brisbane-Melbourne,Brisbane,Melbourne,All Airlines,Dec-23,969,908,61,537,520,371,388,2023,12
Brisbane-Mount Isa,Brisbane,Mount Isa,All Airlines,Dec-23,63,63,0,56,54,7,9,2023,12
Brisbane-Newcastle,Brisbane,Newcastle,All Airlines,Dec-23,249,238,11,152,140,86,98,2023,12
Brisbane-Perth,Brisbane,Perth,All Airlines,Dec-23,306,289,17,176,187,113,102,2023,12
Brisbane-Proserpine,Brisbane,Proserpine,All Airlines,Dec-23,118,114,4,71,75,43,39,2023,12
Brisbane-Rockhampton,Brisbane,Rockhampton,All Airlines,Dec-23,297,284,13,158,162,126,122,2023,12
Brisbane-Sydney,Brisbane,Sydney,All Airlines,Dec-23,1273,1188,85,803,801,385,387,2023,12
Brisbane-Townsville,Brisbane,Townsville,All Airlines,Dec-23,328,323,5,179,165,144,158,2023,12
Broome-Perth,Broome,Perth,All Airlines,Dec-23,120,118,2,80,84,38,34,2023,12
Cairns-Brisbane,Cairns,Brisbane,All Airlines,Dec-23,398,348,50,202,207,146,141,2023,12
Cairns-Melbourne,Cairns,Melbourne,All Airlines,Dec-23,229,198,31,125,128,73,70,2023,12
Cairns-Sydney,Cairns,Sydney,All Airlines,Dec-23,268,229,39,131,136,98,93,2023,12
Cairns-Townsville,Cairns,Townsville,All Airlines,Dec-23,155,132,23,110,108,22,24,2023,12
Canberra-Adelaide,Canberra,Adelaide,All Airlines,Dec-23,97,96,1,65,69,31,27,2023,12
Canberra-Brisbane,Canberra,Brisbane,All Airlines,Dec-23,268,266,2,157,154,109,112,2023,12
Canberra-Gold Coast,Canberra,Gold Coast,All Airlines,Dec-23,54,54,0,30,36,24,18,2023,12
Canberra-Melbourne,Canberra,Melbourne,All Airlines,Dec-23,384,378,6,184,186,194,192,2023,12
Canberra-Sydney,Canberra,Sydney,All Airlines,Dec-23,560,531,29,337,353,194,178,2023,12
Coffs Harbour-Sydney,Coffs Harbour,Sydney,All Airlines,Dec-23,192,187,5,132,121,55,66,2023,12
Darwin-Brisbane,Darwin,Brisbane,All Airlines,Dec-23,97,93,4,43,48,50,45,2023,12
Darwin-Melbourne,Darwin,Melbourne,All Airlines,Dec-23,85,83,2,40,33,43,50,2023,12
Darwin-Perth,Darwin,Perth,All Airlines,Dec-23,56,56,0,37,37,19,19,2023,12
Devonport-Melbourne,Devonport,Melbourne,All Airlines,Dec-23,169,167,2,132,121,35,46,2023,12
Dubbo-Sydney,Dubbo,Sydney,All Airlines,Dec-23,209,204,5,156,144,48,60,2023,12
Emerald-Brisbane,Emerald,Brisbane,All Airlines,Dec-23,134,126,8,83,74,43,52,2023,12
Gladstone-Brisbane,Gladstone,Brisbane,All Airlines,Dec-23,169,149,20,82,72,67,77,2023,12
Gold Coast-Adelaide,Gold Coast,Adelaide,All Airlines,Dec-23,82,79,3,47,54,32,25,2023,12
Gold Coast-Canberra,Gold Coast,Canberra,All Airlines,Dec-23,54,54,0,29,30,25,24,2023,12
Gold Coast-Melbourne,Gold Coast,Melbourne,All Airlines,Dec-23,665,610,55,308,340,302,270,2023,12
Gold Coast-Sydney,Gold Coast,Sydney,All Airlines,Dec-23,748,712,36,432,454,280,258,2023,12
Hamilton Island-Brisbane,Hamilton Island,Brisbane,All Airlines,Dec-23,76,74,2,47,46,27,28,2023,12
Hamilton Island-Sydney,Hamilton Island,Sydney,All Airlines,Dec-23,84,83,1,41,38,42,45,2023,12
Hobart-Brisbane,Hobart,Brisbane,All Airlines,Dec-23,121,118,3,64,56,54,62,2023,12
Hobart-Melbourne,Hobart,Melbourne,All Airlines,Dec-23,495,481,14,301,279,180,202,2023,12
Hobart-Sydney,Hobart,Sydney,All Airlines,Dec-23,266,261,5,188,178,73,83,2023,12
Kalgoorlie-Perth,Kalgoorlie,Perth,All Airlines,Dec-23,150,144,6,108,101,36,43,2023,12
Karratha-Perth,Karratha,Perth,All Airlines,Dec-23,196,192,4,142,138,50,54,2023,12
Launceston-Brisbane,Launceston,Brisbane,All Airlines,Dec-23,68,64,4,16,21,48,43,2023,12
Launceston-Melbourne,Launceston,Melbourne,All Airlines,Dec-23,359,340,19,212,215,128,125,2023,12
Launceston-Sydney,Launceston,Sydney,All Airlines,Dec-23,132,129,3,93,88,36,41,2023,12
Mackay-Brisbane,Mackay,Brisbane,All Airlines,Dec-23,321,311,10,149,128,162,183,2023,12
Melbourne-Adelaide,Melbourne,Adelaide,All Airlines,Dec-23,652,632,20,389,340,243,292,2023,12
Melbourne-Brisbane,Melbourne,Brisbane,All Airlines,Dec-23,973,913,60,540,487,373,426,2023,12
Melbourne-Cairns,Melbourne,Cairns,All Airlines,Dec-23,232,201,31,131,119,70,82,2023,12
Melbourne-Canberra,Melbourne,Canberra,All Airlines,Dec-23,385,382,3,236,215,146,167,2023,12
Melbourne-Darwin,Melbourne,Darwin,All Airlines,Dec-23,85,83,2,37,30,46,53,2023,12
Melbourne-Devonport,Melbourne,Devonport,All Airlines,Dec-23,168,167,1,122,129,45,38,2023,12
Melbourne-Gold Coast,Melbourne,Gold Coast,All Airlines,Dec-23,663,614,49,377,338,237,276,2023,12
Melbourne-Hobart,Melbourne,Hobart,All Airlines,Dec-23,495,480,15,313,300,167,180,2023,12
Melbourne-Launceston,Melbourne,Launceston,All Airlines,Dec-23,357,341,16,204,196,137,145,2023,12
Melbourne-Mildura,Melbourne,Mildura,All Airlines,Dec-23,199,196,3,126,107,70,89,2023,12
Melbourne-Newcastle,Melbourne,Newcastle,All Airlines,Dec-23,151,147,4,98,85,49,62,2023,12
Melbourne-Perth,Melbourne,Perth,All Airlines,Dec-23,507,497,10,285,258,212,239,2023,12
Melbourne-Sunshine Coast,Melbourne,Sunshine Coast,All Airlines,Dec-23,238,233,5,161,147,72,86,2023,12
Melbourne-Sydney,Melbourne,Sydney,All Airlines,Dec-23,2105,1909,196,1240,1109,669,800,2023,12
Mildura-Melbourne,Mildura,Melbourne,All Airlines,Dec-23,201,197,4,102,106,95,91,2023,12
Mount Isa-Brisbane,Mount Isa,Brisbane,All Airlines,Dec-23,64,63,1,49,42,14,21,2023,12
Newcastle-Brisbane,Newcastle,Brisbane,All Airlines,Dec-23,250,237,13,151,149,86,88,2023,12
Newcastle-Melbourne,Newcastle,Melbourne,All Airlines,Dec-23,150,145,5,72,65,73,80,2023,12
Newman-Perth,Newman,Perth,All Airlines,Dec-23,160,153,7,108,102,45,51,2023,12
Perth-Adelaide,Perth,Adelaide,All Airlines,Dec-23,208,202,6,151,139,51,63,2023,12
Perth-Brisbane,Perth,Brisbane,All Airlines,Dec-23,308,295,13,185,200,110,95,2023,12
Perth-Broome,Perth,Broome,All Airlines,Dec-23,120,118,2,89,96,29,22,2023,12
Perth-Darwin,Perth,Darwin,All Airlines,Dec-23,56,56,0,49,47,7,9,2023,12
Perth-Kalgoorlie,Perth,Kalgoorlie,All Airlines,Dec-23,150,147,3,115,115,32,32,2023,12
Perth-Karratha,Perth,Karratha,All Airlines,Dec-23,196,193,3,155,153,38,40,2023,12
Perth-Melbourne,Perth,Melbourne,All Airlines,Dec-23,517,503,14,288,308,215,195,2023,12
Perth-Newman,Perth,Newman,All Airlines,Dec-23,160,154,6,133,127,21,27,2023,12
Perth-Port Hedland,Perth,Port Hedland,All Airlines,Dec-23,182,178,4,144,137,34,41,2023,12
Perth-Sydney,Perth,Sydney,All Airlines,Dec-23,431,417,14,239,256,178,161,2023,12
Port Hedland-Perth,Port Hedland,Perth,All Airlines,Dec-23,180,177,3,124,122,53,55,2023,12
Port Lincoln-Adelaide,Port Lincoln,Adelaide,All Airlines,Dec-23,272,268,4,226,224,42,44,2023,12
Port Macquarie-Sydney,Port Macquarie,Sydney,All Airlines,Dec-23,178,175,3,133,127,42,48,2023,12
Proserpine-Brisbane,Proserpine,Brisbane,All Airlines,Dec-23,119,114,5,67,56,47,58,2023,12
Rockhampton-Brisbane,Rockhampton,Brisbane,All Airlines,Dec-23,298,283,15,168,145,115,138,2023,12
Sunshine Coast-Melbourne,Sunshine Coast,Melbourne,All Airlines,Dec-23,240,231,9,119,115,112,116,2023,12
Sunshine Coast-Sydney,Sunshine Coast,Sydney,All Airlines,Dec-23,247,242,5,149,148,93,94,2023,12
Sydney-Adelaide,Sydney,Adelaide,All Airlines,Dec-23,565,532,33,336,335,196,197,2023,12
Sydney-Albury,Sydney,Albury,All Airlines,Dec-23,175,173,2,121,116,52,57,2023,12
Sydney-Ballina,Sydney,Ballina,All Airlines,Dec-23,191,189,2,137,135,52,54,2023,12
Sydney-Brisbane,Sydney,Brisbane,All Airlines,Dec-23,1268,1184,84,759,738,425,446,2023,12
Sydney-Cairns,Sydney,Cairns,All Airlines,Dec-23,266,228,38,159,143,69,85,2023,12
Sydney-Canberra,Sydney,Canberra,All Airlines,Dec-23,559,532,27,353,372,179,160,2023,12
Sydney-Coffs Harbour,Sydney,Coffs Harbour,All Airlines,Dec-23,190,185,5,119,130,66,55,2023,12
Sydney-Dubbo,Sydney,Dubbo,All Airlines,Dec-23,208,205,3,145,157,60,48,2023,12
Sydney-Gold Coast,Sydney,Gold Coast,All Airlines,Dec-23,745,711,34,470,447,241,264,2023,12
Sydney-Hamilton Island,Sydney,Hamilton Island,All Airlines,Dec-23,85,84,1,58,46,26,38,2023,12
Sydney-Hobart,Sydney,Hobart,All Airlines,Dec-23,268,263,5,188,201,75,62,2023,12
Sydney-Launceston,Sydney,Launceston,All Airlines,Dec-23,134,132,2,98,104,34,28,2023,12
Sydney-Melbourne,Sydney,Melbourne,All Airlines,Dec-23,2099,1902,197,1178,1126,724,776,2023,12
Sydney-Perth,Sydney,Perth,All Airlines,Dec-23,443,432,11,224,214,208,218,2023,12
Sydney-Port Macquarie,Sydney,Port Macquarie,All Airlines,Dec-23,176,175,1,120,128,55,47,2023,12
Sydney-Sunshine Coast,Sydney,Sunshine Coast,All Airlines,Dec-23,248,244,4,167,164,77,80,2023,12
Sydney-Wagga Wagga,Sydney,Wagga Wagga,All Airlines,Dec-23,175,169,6,113,119,56,50,2023,12
Townsville-Brisbane,Townsville,Brisbane,All Airlines,Dec-23,329,321,8,152,142,169,179,2023,12
Townsville-Cairns,Townsville,Cairns,All Airlines,Dec-23,154,136,18,107,107,29,29,2023,12
Wagga Wagga-Sydney,Wagga Wagga,Sydney,All Airlines,Dec-23,176,169,7,126,125,43,44,2023,12
Adelaide-Alice Springs,Adelaide,Alice Springs,All Airlines,Jan-24,57,57,0,52,50,5,7,2024,1
Adelaide-Brisbane,Adelaide,Brisbane,All Airlines,Jan-24,334,325,9,253,250,72,75,2024,1
Adelaide-Canberra,Adelaide,Canberra,All Airlines,Jan-24,77,76,1,63,63,13,13,2024,1
Adelaide-Gold Coast,Adelaide,Gold Coast,All Airlines,Jan-24,85,85,0,68,67,17,18,2024,1
Adelaide-Melbourne,Adelaide,Melbourne,All Airlines,Jan-24,663,647,16,426,430,221,217,2024,1
Adelaide-Perth,Adelaide,Perth,All Airlines,Jan-24,211,209,2,144,152,65,57,2024,1
Adelaide-Port Lincoln,Adelaide,Port Lincoln,All Airlines,Jan-24,279,277,2,259,256,18,21,2024,1
Adelaide-Sydney,Adelaide,Sydney,All Airlines,Jan-24,593,569,24,426,448,143,121,2024,1
Albury-Sydney,Albury,Sydney,All Airlines,Jan-24,154,153,1,132,131,21,22,2024,1
Alice Springs-Adelaide,Alice Springs,Adelaide,All Airlines,Jan-24,57,57,0,47,50,10,7,2024,1
Ballina-Sydney,Ballina,Sydney,All Airlines,Jan-24,187,182,5,140,145,42,37,2024,1
Brisbane-Adelaide,Brisbane,Adelaide,All Airlines,Jan-24,334,323,11,225,239,98,84,2024,1
Brisbane-Cairns,Brisbane,Cairns,All Airlines,Jan-24,408,397,11,285,297,112,100,2024,1
Brisbane-Canberra,Brisbane,Canberra,All Airlines,Jan-24,241,236,5,159,167,77,69,2024,1
Brisbane-Darwin,Brisbane,Darwin,All Airlines,Jan-24,117,116,1,86,92,30,24,2024,1
Brisbane-Emerald,Brisbane,Emerald,All Airlines,Jan-24,132,131,1,94,101,37,30,2024,1
Brisbane-Gladstone,Brisbane,Gladstone,All Airlines,Jan-24,146,144,2,97,89,47,55,2024,1
Brisbane-Hamilton Island,Brisbane,Hamilton Island,All Airlines,Jan-24,72,69,3,52,48,17,21,2024,1
Brisbane-Hobart,Brisbane,Hobart,All Airlines,Jan-24,133,130,3,103,102,27,28,2024,1
Brisbane-Launceston,Brisbane,Launceston,All Airlines,Jan-24,59,59,0,36,39,23,20,2024,1
Brisbane-Mackay,Brisbane,Mackay,All Airlines,Jan-24,314,303,11,188,167,115,136,2024,1
Brisbane-Melbourne,Brisbane,Melbourne,All Airlines,Jan-24,1021,957,64,668,617,289,340,2024,1
Brisbane-Mount Isa,Brisbane,Mount Isa,All Airlines,Jan-24,66,66,0,56,55,10,11,2024,1
Brisbane-Newcastle,Brisbane,Newcastle,All Airlines,Jan-24,241,235,6,169,163,66,72,2024,1
Brisbane-Perth,Brisbane,Perth,All Airlines,Jan-24,311,306,5,215,255,91,51,2024,1
Brisbane-Proserpine,Brisbane,Proserpine,All Airlines,Jan-24,118,113,5,76,76,37,37,2024,1
Brisbane-Rockhampton,Brisbane,Rockhampton,All Airlines,Jan-24,287,282,5,200,189,82,93,2024,1
Brisbane-Sydney,Brisbane,Sydney,All Airlines,Jan-24,1192,1143,49,854,871,289,272,2024,1
Brisbane-Townsville,Brisbane,Townsville,All Airlines,Jan-24,321,300,21,188,188,112,112,2024,1
Broome-Perth,Broome,Perth,All Airlines,Jan-24,115,111,4,85,85,26,26,2024,1
Cairns-Brisbane,Cairns,Brisbane,All Airlines,Jan-24,407,395,12,296,287,99,108,2024,1
Cairns-Melbourne,Cairns,Melbourne,All Airlines,Jan-24,246,233,13,165,156,68,77,2024,1
Cairns-Sydney,Cairns,Sydney,All Airlines,Jan-24,275,269,6,216,209,53,60,2024,1
Cairns-Townsville,Cairns,Townsville,All Airlines,Jan-24,144,136,8,119,115,17,21,2024,1
Canberra-Adelaide,Canberra,Adelaide,All Airlines,Jan-24,76,75,1,56,57,19,18,2024,1
Canberra-Brisbane,Canberra,Brisbane,All Airlines,Jan-24,242,238,4,175,166,63,72,2024,1
Canberra-Gold Coast,Canberra,Gold Coast,All Airlines,Jan-24,53,53,0,41,43,12,10,2024,1
Canberra-Melbourne,Canberra,Melbourne,All Airlines,Jan-24,348,343,5,237,226,106,117,2024,1
Canberra-Sydney,Canberra,Sydney,All Airlines,Jan-24,475,464,11,381,390,83,74,2024,1
Coffs Harbour-Sydney,Coffs Harbour,Sydney,All Airlines,Jan-24,204,204,0,171,163,33,41,2024,1
Darwin-Brisbane,Darwin,Brisbane,All Airlines,Jan-24,119,118,1,89,85,29,33,2024,1
Darwin-Melbourne,Darwin,Melbourne,All Airlines,Jan-24,90,87,3,55,42,32,45,2024,1
Darwin-Perth,Darwin,Perth,All Airlines,Jan-24,54,54,0,38,43,16,11,2024,1
Devonport-Melbourne,Devonport,Melbourne,All Airlines,Jan-24,153,150,3,110,103,40,47,2024,1
Dubbo-Sydney,Dubbo,Sydney,All Airlines,Jan-24,170,170,0,140,134,30,36,2024,1
Emerald-Brisbane,Emerald,Brisbane,All Airlines,Jan-24,132,130,2,103,94,27,36,2024,1
Gladstone-Brisbane,Gladstone,Brisbane,All Airlines,Jan-24,147,144,3,88,88,56,56,2024,1
Gold Coast-Adelaide,Gold Coast,Adelaide,All Airlines,Jan-24,85,85,0,56,65,29,20,2024,1
Gold Coast-Canberra,Gold Coast,Canberra,All Airlines,Jan-24,53,53,0,31,33,22,20,2024,1
Gold Coast-Melbourne,Gold Coast,Melbourne,All Airlines,Jan-24,775,744,31,471,499,273,245,2024,1
Gold Coast-Sydney,Gold Coast,Sydney,All Airlines,Jan-24,794,769,25,529,566,240,203,2024,1
Hamilton Island-Brisbane,Hamilton Island,Brisbane,All Airlines,Jan-24,72,69,3,41,39,28,30,2024,1
Hamilton Island-Sydney,Hamilton Island,Sydney,All Airlines,Jan-24,83,80,3,47,44,33,36,2024,1
Hobart-Brisbane,Hobart,Brisbane,All Airlines,Jan-24,133,127,6,88,90,39,37,2024,1
Hobart-Melbourne,Hobart,Melbourne,All Airlines,Jan-24,529,521,8,379,363,142,158,2024,1
Hobart-Sydney,Hobart,Sydney,All Airlines,Jan-24,285,283,2,239,237,44,46,2024,1
Kalgoorlie-Perth,Kalgoorlie,Perth,All Airlines,Jan-24,163,158,5,124,122,34,36,2024,1
Karratha-Perth,Karratha,Perth,All Airlines,Jan-24,216,215,1,176,173,39,42,2024,1
Launceston-Brisbane,Launceston,Brisbane,All Airlines,Jan-24,59,59,0,34,42,25,17,2024,1
Launceston-Melbourne,Launceston,Melbourne,All Airlines,Jan-24,373,364,9,247,259,117,105,2024,1
Launceston-Sydney,Launceston,Sydney,All Airlines,Jan-24,133,129,4,95,93,34,36,2024,1
Mackay-Brisbane,Mackay,Brisbane,All Airlines,Jan-24,319,306,13,189,174,117,132,2024,1
Melbourne-Adelaide,Melbourne,Adelaide,All Airlines,Jan-24,668,652,16,444,417,208,235,2024,1
Melbourne-Brisbane,Melbourne,Brisbane,All Airlines,Jan-24,1025,969,56,657,620,312,349,2024,1
Melbourne-Cairns,Melbourne,Cairns,All Airlines,Jan-24,247,235,12,162,175,73,60,2024,1
Melbourne-Canberra,Melbourne,Canberra,All Airlines,Jan-24,349,347,2,231,235,116,112,2024,1
Melbourne-Darwin,Melbourne,Darwin,All Airlines,Jan-24,86,84,2,43,39,41,45,2024,1
Melbourne-Devonport,Melbourne,Devonport,All Airlines,Jan-24,154,151,3,103,99,48,52,2024,1
Melbourne-Gold Coast,Melbourne,Gold Coast,All Airlines,Jan-24,773,743,30,497,505,246,238,2024,1
Melbourne-Hobart,Melbourne,Hobart,All Airlines,Jan-24,529,522,7,393,393,129,129,2024,1
Melbourne-Launceston,Melbourne,Launceston,All Airlines,Jan-24,374,366,8,240,232,126,134,2024,1
Melbourne-Mildura,Melbourne,Mildura,All Airlines,Jan-24,179,177,2,126,112,51,65,2024,1
Melbourne-Newcastle,Melbourne,Newcastle,All Airlines,Jan-24,139,138,1,103,97,35,41,2024,1
Melbourne-Perth,Melbourne,Perth,All Airlines,Jan-24,507,498,9,318,334,180,164,2024,1
Melbourne-Sunshine Coast,Melbourne,Sunshine Coast,All Airlines,Jan-24,265,262,3,195,196,67,66,2024,1
Melbourne-Sydney,Melbourne,Sydney,All Airlines,Jan-24,2099,1944,155,1368,1369,576,575,2024,1
Mildura-Melbourne,Mildura,Melbourne,All Airlines,Jan-24,177,174,3,115,104,59,70,2024,1
Mount Isa-Brisbane,Mount Isa,Brisbane,All Airlines,Jan-24,66,66,0,58,54,8,12,2024,1
Newcastle-Brisbane,Newcastle,Brisbane,All Airlines,Jan-24,240,231,9,182,175,49,56,2024,1
Newcastle-Melbourne,Newcastle,Melbourne,All Airlines,Jan-24,139,136,3,87,81,49,55,2024,1
Newman-Perth,Newman,Perth,All Airlines,Jan-24,181,168,13,125,128,43,40,2024,1
Perth-Adelaide,Perth,Adelaide,All Airlines,Jan-24,211,207,4,177,158,30,49,2024,1
Perth-Brisbane,Perth,Brisbane,All Airlines,Jan-24,315,309,6,244,237,65,72,2024,1
Perth-Broome,Perth,Broome,All Airlines,Jan-24,114,112,2,87,95,25,17,2024,1
Perth-Darwin,Perth,Darwin,All Airlines,Jan-24,55,55,0,44,39,11,16,2024,1
Perth-Kalgoorlie,Perth,Kalgoorlie,All Airlines,Jan-24,163,159,4,133,129,26,30,2024,1
Perth-Karratha,Perth,Karratha,All Airlines,Jan-24,217,216,1,177,179,39,37,2024,1
Perth-Melbourne,Perth,Melbourne,All Airlines,Jan-24,516,505,11,356,366,149,139,2024,1
Perth-Newman,Perth,Newman,All Airlines,Jan-24,181,168,13,150,149,18,19,2024,1
Perth-Port Hedland,Perth,Port Hedland,All Airlines,Jan-24,207,203,4,180,175,23,28,2024,1
Perth-Sydney,Perth,Sydney,All Airlines,Jan-24,442,436,6,318,322,118,114,2024,1
Port Hedland-Perth,Port Hedland,Perth,All Airlines,Jan-24,206,200,6,169,156,31,44,2024,1
Port Lincoln-Adelaide,Port Lincoln,Adelaide,All Airlines,Jan-24,278,275,3,252,251,23,24,2024,1
Port Macquarie-Sydney,Port Macquarie,Sydney,All Airlines,Jan-24,162,159,3,129,125,30,34,2024,1
Proserpine-Brisbane,Proserpine,Brisbane,All Airlines,Jan-24,118,113,5,62,61,51,52,2024,1
Rockhampton-Brisbane,Rockhampton,Brisbane,All Airlines,Jan-24,286,279,7,199,188,80,91,2024,1
Sunshine Coast-Melbourne,Sunshine Coast,Melbourne,All Airlines,Jan-24,267,261,6,167,141,94,120,2024,1
Sunshine Coast-Sydney,Sunshine Coast,Sydney,All Airlines,Jan-24,256,254,2,175,168,79,86,2024,1
Sydney-Adelaide,Sydney,Adelaide,All Airlines,Jan-24,594,574,20,433,423,141,151,2024,1
Sydney-Albury,Sydney,Albury,All Airlines,Jan-24,155,154,1,124,130,30,24,2024,1
Sydney-Ballina,Sydney,Ballina,All Airlines,Jan-24,187,185,2,145,146,40,39,2024,1
Sydney-Brisbane,Sydney,Brisbane,All Airlines,Jan-24,1194,1135,59,835,828,300,307,2024,1
Sydney-Cairns,Sydney,Cairns,All Airlines,Jan-24,274,270,4,210,221,60,49,2024,1
Sydney-Canberra,Sydney,Canberra,All Airlines,Jan-24,475,467,8,368,384,99,83,2024,1
Sydney-Coffs Harbour,Sydney,Coffs Harbour,All Airlines,Jan-24,207,207,0,164,161,43,46,2024,1
Sydney-Dubbo,Sydney,Dubbo,All Airlines,Jan-24,175,175,0,144,149,31,26,2024,1
Sydney-Gold Coast,Sydney,Gold Coast,All Airlines,Jan-24,795,772,23,586,580,186,192,2024,1
Sydney-Hamilton Island,Sydney,Hamilton Island,All Airlines,Jan-24,83,80,3,61,61,19,19,2024,1
Sydney-Hobart,Sydney,Hobart,All Airlines,Jan-24,285,283,2,233,242,50,41,2024,1
Sydney-Launceston,Sydney,Launceston,All Airlines,Jan-24,133,130,3,102,105,28,25,2024,1
Sydney-Melbourne,Sydney,Melbourne,All Airlines,Jan-24,2092,1940,152,1369,1303,571,637,2024,1
Sydney-Perth,Sydney,Perth,All Airlines,Jan-24,458,453,5,315,304,138,149,2024,1
Sydney-Port Macquarie,Sydney,Port Macquarie,All Airlines,Jan-24,163,162,1,130,132,32,30,2024,1
Sydney-Sunshine Coast,Sydney,Sunshine Coast,All Airlines,Jan-24,255,254,1,196,194,58,60,2024,1
Sydney-Wagga Wagga,Sydney,Wagga Wagga,All Airlines,Jan-24,159,158,1,127,129,31,29,2024,1
Townsville-Brisbane,Townsville,Brisbane,All Airlines,Jan-24,319,299,20,185,177,114,122,2024,1
Townsville-Cairns,Townsville,Cairns,All Airlines,Jan-24,145,135,10,116,116,19,19,2024,1
Wagga Wagga-Sydney,Wagga Wagga,Sydney,All Airlines,Jan-24,157,156,1,123,122,33,34,2024,1
